2003 1 1 2.2 12.2 15.0 -1 10 4.9 
2003 1 2 0.0 6.1 15.0 -1 0 4.0 
2003 1 3 -1.1 5.0 14.4 -1 8 8.4 
2003 1 4 -3.8 -1.1 3.8 -1 0 8.4 
2003 1 5 -3.8 2.2 12.2 -1 0 4.9 
2003 1 6 -2.2 2.7 12.2 -1 0 8.4 
2003 1 7 -5.0 -0.5 6.1 -1 -1 11.1 
2003 1 8 -5.0 5.0 15.5 -1 0 4.9 
2003 1 9 -2.2 11.1 19.4 -1 0 8.4 
2003 1 10 1.6 7.2 19.4 -1 0 6.7 
2003 1 11 -6.1 -1.1 10.5 -1 0 8.0 
2003 1 12 -8.8 -3.8 2.2 -1 0 7.1 
2003 1 13 -7.2 -2.2 5.5 -1 0 6.7 
2003 1 14 -7.2 2.2 11.6 -1 0 4.9 
2003 1 15 -7.2 -1.6 11.6 -1 0 6.7 
2003 1 16 -6.1 -2.7 2.7 -1 0 5.3 
2003 1 17 -7.2 -3.8 -1.1 -1 -1 8.0 
2003 1 18 -13.8 -7.7 -1.6 -1 0 5.8 
2003 1 19 -13.8 -3.8 3.3 -1 0 6.2 
2003 1 20 -6.1 4.4 16.1 -1 0 7.1 
2003 1 21 -6.6 5.5 15.5 -1 3 5.8 
2003 1 22 -2.2 2.2 6.6 -1 0 6.7 
2003 1 23 -12.7 -6.6 2.2 -1 0 11.1 
2003 1 24 -15.0 -10.0 -1.6 -1 0 14.3 
2003 1 25 -15.0 -3.8 5.5 -1 0 6.2 
2003 1 26 -9.4 -1.1 5.5 -1 0 5.8 
2003 1 27 -10.0 -4.4 5.0 -1 0 7.1 
2003 1 28 -10.0 1.6 13.8 -1 0 4.9 
2003 1 29 2.7 6.1 8.8 -1 3 4.9 
2003 1 30 1.6 5.0 8.8 -1 8 2.6 
2003 1 31 0.5 2.2 6.6 -1 0 3.1 
2003 2 1 0.5 3.3 7.7 -1 0 9.3 
2003 2 2 -2.2 5.5 20.0 -1 0 4.9 
2003 2 3 -2.7 8.3 21.6 -1 0 7.1 
2003 2 4 3.8 9.4 12.7 -1 5 9.3 
2003 2 5 -4.4 1.1 13.3 -1 0 7.1 
2003 2 6 -4.4 1.1 6.6 -1 0 4.0 
2003 2 7 -2.2 -0.5 0.5 -1 5 5.8 
2003 2 8 -10.5 -4.4 1.1 -1 5 6.2 
2003 2 9 -10.5 -1.1 6.6 -1 0 6.2 
2003 2 10 -4.4 2.7 8.3 -1 3 7.1 
2003 2 11 -2.2 2.2 11.1 -1 3 6.7 
2003 2 12 2.2 6.6 9.4 -1 0 9.8 
2003 2 13 -2.7 2.2 10.5 -1 0 9.8 
2003 2 14 -3.3 1.6 10.5 -1 8 3.1 
2003 2 15 -3.3 9.4 19.4 -1 5 5.3 
2003 2 16 -1.1 4.4 19.4 -1 5 6.2 
2003 2 17 -2.2 -0.5 1.6 -1 10 1.7 
2003 2 18 -2.2 1.6 7.7 -1 0 6.7 
2003 2 19 -2.2 4.4 12.7 -1 0 4.0 
2003 2 20 -2.2 7.2 12.7 -1 0 3.5 
2003 2 21 1.6 5.5 9.4 -1 0 4.9 
2003 2 22 1.6 7.7 16.1 -1 28 8.4 
2003 2 23 0.0 6.6 16.1 -1 33 8.4 
2003 2 24 -2.2 5.0 17.2 -1 0 6.7 
2003 2 25 -2.2 5.0 17.2 -1 0 6.7 
2003 2 26 0.0 3.8 11.1 -1 3 3.5 
2003 2 27 0.0 2.2 5.0 -1 8 4.0 
2003 2 28 0.0 6.6 14.4 -1 0 4.0 
2003 3 2 3.8 8.8 15.0 -1 0 8.0 
2003 3 3 -1.1 3.8 15.0 -1 0 6.7 
2003 3 4 -3.3 4.4 13.3 -1 0 5.3 
2003 3 5 7.2 12.2 22.2 -1 0 4.0 
2003 3 6 7.2 12.7 21.6 -1 28 5.8 
2003 3 7 3.8 6.1 17.2 -1 0 5.8 
2003 3 8 -1.6 7.2 18.3 -1 0 6.7 
2003 3 9 3.8 11.1 18.8 -1 0 6.2 
2003 3 10 1.1 7.2 12.7 -1 0 8.4 
2003 3 11 -2.2 6.1 16.1 -1 0 4.0 
2003 3 12 -2.2 8.8 21.6 -1 0 5.3 
2003 3 13 -1.6 13.3 25.0 -1 0 5.8 
2003 3 14 8.8 11.6 16.1 -1 0 5.3 
2003 3 15 6.1 8.8 12.2 -1 0 3.1 
2003 3 16 6.1 11.1 15.0 -1 18 3.1 
2003 3 17 8.8 12.2 15.0 -1 3 3.5 
2003 3 18 11.1 12.2 13.3 -1 5 2.2 
2003 3 19 11.1 12.2 13.3 -1 3 4.9 
2003 3 20 7.2 9.4 12.2 -1 30 3.5 
2003 3 21 7.2 12.7 20.5 -1 10 6.7 
2003 3 22 7.7 12.2 20.5 -1 0 5.8 
2003 3 23 4.4 11.1 17.7 -1 0 3.5 
2003 3 24 2.2 12.7 20.0 -1 0 4.0 
2003 3 25 1.1 12.2 22.7 -1 0 6.7 
2003 3 26 1.1 13.8 22.7 -1 0 6.2 
2003 3 27 6.1 11.6 21.1 -1 0 4.9 
2003 3 28 8.3 13.3 18.3 -1 0 5.3 
2003 3 29 8.8 14.4 19.4 -1 0 8.0 
2003 3 30 0.0 3.3 8.8 -1 13 10.2 
2003 3 31 -2.7 1.6 8.3 -1 3 7.1 
2003 4 1 -3.3 6.6 21.6 -1 0 5.8 
2003 4 2 3.8 14.4 23.8 -1 0 5.8 
2003 4 3 2.7 15.0 25.5 -1 0 6.2 
2003 4 4 3.3 15.0 25.5 -1 0 5.8 
2003 4 5 6.1 16.6 22.7 -1 10 6.7 
2003 4 6 3.8 12.7 22.7 -1 10 5.3 
2003 4 7 3.8 9.4 19.4 -1 23 5.3 
2003 4 8 5.5 7.2 11.1 -1 0 4.0 
2003 4 9 3.8 5.5 7.7 -1 10 3.5 
2003 4 10 0.0 5.0 8.3 -1 5 5.3 
2003 4 11 0.0 5.5 10.0 -1 38 6.2 
2003 4 12 3.3 12.2 20.0 -1 0 8.4 
2003 4 13 2.7 12.7 22.7 -1 0 5.8 
2003 4 14 2.7 13.8 23.8 -1 0 4.9 
2003 4 15 3.3 16.1 24.4 -1 0 4.9 
2003 4 16 7.7 16.6 24.4 -1 0 5.3 
2003 4 17 7.7 15.5 23.3 -1 5 5.8 
2003 4 18 7.7 11.1 13.8 -1 25 3.5 
2003 4 19 8.3 11.6 17.7 -1 0 4.9 
2003 4 20 8.8 13.8 20.0 -1 0 4.9 
2003 4 21 10.5 15.5 21.6 -1 10 5.8 
2003 4 22 9.4 13.3 21.6 -1 0 8.0 
2003 4 23 6.1 11.1 18.8 -1 0 8.9 
2003 4 24 0.5 10.0 20.0 -1 0 7.1 
2003 4 25 10.0 11.6 15.0 -1 0 7.1 
2003 4 26 10.0 15.0 20.5 -1 3 6.7 
2003 4 27 7.7 15.5 22.7 -1 0 5.8 
2003 4 28 7.2 16.1 24.4 -1 0 4.0 
2003 4 29 7.2 17.7 27.2 -1 0 3.5 
2003 4 30 9.4 17.2 27.2 -1 8 6.7 
2003 5 1 10.0 17.2 26.6 -1 15 6.2 
2003 5 2 11.6 16.6 25.5 -1 23 9.8 
2003 5 3 10.0 16.1 25.5 -1 23 4.9 
2003 5 4 7.2 15.0 22.7 -1 0 5.3 
2003 5 5 7.2 13.3 22.2 -1 3 5.3 
2003 5 6 11.1 15.5 19.4 -1 61 5.3 
2003 5 7 13.3 17.2 23.3 -1 33 4.0 
2003 5 8 12.2 20.5 29.4 -1 13 4.9 
2003 5 9 15.0 22.7 31.1 -1 0 3.5 
2003 5 10 13.8 23.3 28.8 -1 0 6.7 
2003 5 11 14.4 21.1 29.4 -1 0 4.0 
2003 5 12 10.5 17.2 26.1 -1 0 6.7 
2003 5 13 10.5 16.1 22.2 -1 0 8.0 
2003 5 14 10.5 16.6 22.2 -1 0 6.2 
2003 5 15 10.5 16.1 22.7 -1 3 5.8 
2003 5 16 12.2 17.7 25.0 -1 3 2.6 
2003 5 17 13.8 16.6 25.0 -1 0 3.5 
2003 5 18 11.6 12.7 18.3 -1 5 3.1 
2003 5 19 11.1 12.7 16.1 -1 0 4.0 
2003 5 20 11.1 14.4 20.5 -1 0 3.1 
2003 5 21 11.6 16.6 20.5 -1 0 3.5 
2003 5 22 13.8 15.0 16.1 -1 23 3.5 
2003 5 23 12.7 15.0 20.5 -1 13 3.5 
2003 5 24 13.3 17.2 22.2 -1 8 4.9 
2003 5 25 11.1 16.6 23.3 -1 3 4.0 
2003 5 26 10.0 16.6 23.3 -1 3 5.3 
2003 5 27 12.7 17.7 23.3 -1 0 6.7 
2003 5 28 7.7 16.1 22.2 -1 0 6.2 
2003 5 29 7.7 15.5 22.2 -1 3 5.8 
2003 5 30 11.1 16.1 22.7 -1 0 4.0 
2003 5 31 10.5 18.3 27.2 -1 0 6.7 
2003 6 1 10.5 16.6 27.2 -1 0 8.0 
2003 6 2 6.6 15.5 21.6 -1 0 4.9 
2003 6 3 6.6 17.2 22.2 -1 5 4.9 
2003 6 4 13.3 20.0 26.6 -1 8 8.4 
2003 6 5 11.6 16.6 26.6 -1 0 8.4 
2003 6 6 10.0 16.6 24.4 -1 0 3.5 
2003 6 7 10.0 19.4 24.4 -1 20 5.3 
2003 6 8 17.7 21.1 27.2 -1 20 3.1 
2003 6 9 13.3 20.5 27.2 -1 8 4.9 
2003 6 10 11.1 19.4 26.6 -1 0 4.9 
2003 6 11 11.1 21.1 28.3 -1 0 6.2 
2003 6 12 15.0 21.1 28.3 -1 5 7.1 
2003 6 13 16.1 21.6 27.2 -1 3 4.0 
2003 6 14 16.6 21.1 27.2 -1 0 3.5 
2003 6 15 16.6 22.2 27.2 -1 0 3.5 
2003 6 16 17.7 20.5 25.0 -1 18 3.1 
2003 6 17 17.7 20.0 26.1 -1 10 4.0 
2003 6 18 17.7 20.0 23.3 -1 18 2.2 
2003 6 19 17.2 21.6 26.1 -1 15 6.2 
2003 6 20 17.2 21.1 26.1 -1 0 6.7 
2003 6 21 10.5 17.7 25.5 -1 0 8.9 
2003 6 22 10.5 17.2 25.5 -1 0 5.8 
2003 6 23 10.5 18.8 27.7 -1 0 4.0 
2003 6 24 10.5 20.5 28.3 -1 0 2.6 
2003 6 25 11.6 22.2 30.0 -1 0 3.5 
2003 6 26 14.4 23.3 30.0 -1 0 4.0 
2003 6 27 16.1 21.1 29.4 -1 3 6.7 
2003 6 28 16.6 19.4 26.1 -1 5 4.0 
2003 6 29 16.1 21.6 28.3 -1 3 4.9 
2003 6 30 15.5 21.1 28.3 -1 28 3.5 
2003 7 1 17.2 18.8 23.3 -1 13 5.8 
2003 7 2 16.6 17.7 21.6 -1 15 4.0 
2003 7 3 15.5 20.5 27.7 -1 0 4.0 
2003 7 4 15.0 22.2 29.4 -1 0 3.5 
2003 7 5 15.0 22.2 29.4 -1 18 6.2 
2003 7 6 17.7 22.2 29.4 -1 18 5.3 
2003 7 7 18.8 22.7 28.3 -1 0 3.1 
2003 7 8 18.8 23.8 30.5 -1 0 3.1 
2003 7 9 17.7 22.7 27.7 -1 3 5.8 
2003 7 10 17.7 21.1 26.6 -1 5 3.5 
2003 7 11 16.6 22.7 27.2 -1 15 5.3 
2003 7 12 12.7 20.5 27.7 -1 0 5.3 
2003 7 13 12.7 20.5 27.7 -1 8 3.5 
2003 7 14 15.5 20.0 26.1 -1 8 3.1 
2003 7 15 15.5 21.6 27.7 -1 0 3.1 
2003 7 16 17.2 22.2 29.4 -1 15 6.7 
2003 7 17 17.2 23.3 30.0 -1 15 4.0 
2003 7 18 17.2 22.2 28.3 -1 0 5.3 
2003 7 19 17.2 21.6 28.8 -1 13 3.1 
2003 7 20 17.2 23.3 29.4 -1 0 3.1 
2003 7 21 17.2 22.2 29.4 -1 74 12.0 
2003 7 22 16.6 19.4 28.8 -1 76 5.8 
2003 7 23 16.6 20.0 26.6 -1 5 4.0 
2003 7 24 12.7 18.8 25.0 -1 0 4.9 
2003 7 25 12.7 20.0 25.5 -1 0 3.5 
2003 7 26 15.0 21.1 27.7 -1 0 3.5 
2003 7 27 15.0 22.7 29.4 -1 0 4.0 
2003 7 28 15.5 22.7 29.4 -1 0 3.5 
2003 7 29 15.5 22.2 29.4 -1 25 5.3 
2003 7 30 18.3 22.2 27.7 -1 15 3.5 
2003 7 31 18.8 21.6 26.1 -1 28 4.9 
2003 8 1 18.8 22.2 27.2 -1 23 6.7 
2003 8 2 17.7 22.2 28.3 -1 18 4.9 
2003 8 3 17.7 21.6 28.3 -1 0 3.1 
2003 8 4 17.7 21.1 26.6 -1 18 8.0 
2003 8 5 15.5 20.0 27.7 -1 23 3.5 
2003 8 6 15.5 22.2 28.3 -1 0 3.5 
2003 8 7 16.6 21.1 28.3 -1 0 6.7 
2003 8 8 17.2 20.5 26.6 -1 43 3.5 
2003 8 9 17.2 21.1 27.2 -1 0 4.9 
2003 8 10 17.7 20.5 27.2 -1 0 3.1 
2003 8 11 16.6 20.0 26.1 -1 0 3.1 
2003 8 12 15.5 20.0 26.1 -1 0 3.5 
2003 8 13 15.5 22.2 27.7 -1 0 3.5 
2003 8 14 17.7 22.2 28.8 -1 23 3.5 
2003 8 15 18.3 23.8 29.4 -1 23 2.6 
2003 8 16 20.0 23.8 29.4 -1 3 4.9 
2003 8 17 17.7 23.3 30.0 -1 0 4.9 
2003 8 18 17.2 22.7 29.4 -1 0 4.9 
2003 8 19 16.1 21.6 27.2 -1 0 3.5 
2003 8 20 16.1 22.7 28.8 -1 5 3.5 
2003 8 21 18.8 22.7 28.8 -1 5 3.5 
2003 8 22 18.8 22.7 29.4 -1 0 4.0 
2003 8 23 17.7 23.8 30.5 -1 0 3.5 
2003 8 24 17.2 21.6 26.1 -1 0 3.5 
2003 8 25 17.2 23.3 29.4 -1 0 3.5 
2003 8 26 17.7 23.3 31.6 -1 0 3.1 
2003 8 27 17.7 24.4 31.6 -1 0 5.3 
2003 8 28 17.7 22.7 31.6 -1 0 3.1 
2003 8 29 18.3 23.3 30.5 -1 3 4.9 
2003 8 30 18.3 22.7 30.5 -1 33 5.3 
2003 8 31 18.8 21.6 26.6 -1 28 3.5 
2003 9 1 18.8 22.7 27.7 -1 15 4.9 
2003 9 2 17.2 21.6 28.3 -1 0 3.5 
2003 9 3 17.2 22.7 28.3 -1 0 3.5 
2003 9 4 19.4 22.2 27.7 -1 0 5.3 
2003 9 5 15.5 20.5 26.6 -1 3 3.1 
2003 9 6 15.5 19.4 26.6 -1 0 3.5 
2003 9 7 15.5 18.3 22.7 -1 0 3.1 
2003 9 8 13.8 18.3 23.8 -1 5 2.2 
2003 9 9 13.8 18.8 23.8 -1 0 2.6 
2003 9 10 13.8 18.3 23.8 -1 0 2.6 
2003 9 11 11.1 17.2 23.3 -1 0 2.2 
2003 9 12 10.0 17.2 24.4 -1 0 2.2 
2003 9 13 10.0 18.8 27.7 -1 0 4.9 
2003 9 14 11.6 19.4 27.7 -1 0 3.5 
2003 9 15 12.7 20.0 26.6 -1 8 6.7 
2003 9 16 13.8 18.3 25.0 -1 0 3.5 
2003 9 17 9.4 17.2 25.0 -1 0 2.6 
2003 9 18 8.8 16.1 23.3 -1 0 6.7 
2003 9 19 9.4 20.5 26.1 -1 0 6.2 
2003 9 20 11.1 18.3 27.2 -1 0 3.1 
2003 9 21 10.5 17.2 26.6 -1 0 3.5 
2003 9 22 10.5 18.8 25.0 -1 0 4.9 
2003 9 23 13.8 18.3 23.3 -1 53 5.8 
2003 9 24 7.7 15.5 23.3 -1 0 3.5 
2003 9 25 7.7 17.7 25.5 -1 0 2.2 
2003 9 26 10.5 18.3 25.5 -1 0 3.5 
2003 9 27 12.7 18.3 25.5 -1 3 4.9 
2003 9 28 11.6 15.5 25.5 -1 3 6.7 
2003 9 29 5.0 10.0 20.0 -1 0 5.3 
2003 9 30 2.7 9.4 17.7 -1 0 4.0 
2003 10 1 3.3 12.2 18.3 -1 0 6.7 
2003 10 2 6.6 10.5 17.2 -1 0 7.1 
2003 10 3 0.0 6.6 15.0 -1 0 3.5 
2003 10 4 0.0 10.0 21.1 -1 0 7.1 
2003 10 5 2.2 12.7 21.1 -1 0 4.0 
2003 10 6 6.1 14.4 20.0 -1 0 2.6 
2003 10 7 7.7 13.8 20.5 -1 0 3.5 
2003 10 8 8.3 15.0 21.6 -1 5 3.5 
2003 10 9 15.0 16.1 17.7 -1 8 1.7 
2003 10 10 15.5 16.6 18.8 -1 8 2.6 
2003 10 11 12.7 15.5 20.5 -1 5 2.6 
2003 10 12 8.8 15.0 22.7 -1 0 6.2 
2003 10 13 9.4 16.6 23.3 -1 0 3.1 
2003 10 14 9.4 17.7 23.3 -1 3 8.4 
2003 10 15 8.8 12.2 16.1 -1 3 9.8 
2003 10 16 1.1 9.4 19.4 -1 0 5.8 
2003 10 17 1.1 10.0 19.4 -1 0 4.9 
2003 10 18 1.6 12.2 19.4 -1 0 5.3 
2003 10 19 2.7 11.6 22.2 -1 0 6.2 
2003 10 20 2.7 12.7 22.2 -1 0 3.5 
2003 10 21 4.4 15.0 26.1 -1 0 5.8 
2003 10 22 5.5 15.0 26.1 -1 0 9.8 
2003 10 23 3.3 10.0 18.3 -1 0 6.7 
2003 10 24 1.1 8.8 17.2 -1 0 3.5 
2003 10 25 1.1 10.0 19.4 -1 0 3.5 
2003 10 26 11.1 12.7 15.0 -1 25 3.1 
2003 10 27 7.2 13.3 16.1 -1 23 8.0 
2003 10 28 3.3 7.2 16.6 -1 0 4.0 
2003 10 29 3.3 10.0 17.2 -1 0 5.8 
2003 10 30 1.6 10.5 23.8 -1 0 4.9 
2003 10 31 1.6 13.3 24.4 -1 0 3.5 
2003 11 1 3.8 13.3 25.0 -1 0 5.3 
2003 11 2 3.8 13.8 26.6 -1 0 0.8 
2003 11 3 4.4 14.4 26.6 -1 0 3.5 
2003 11 4 5.0 13.8 25.0 -1 0 4.0 
2003 11 5 17.7 19.4 22.2 -1 8 4.0 
2003 11 6 17.2 20.0 25.0 -1 18 4.9 
2003 11 7 13.8 17.2 25.0 -1 3 6.7 
2003 11 8 10.0 12.7 21.6 -1 0 6.2 
2003 11 9 3.8 7.7 16.1 -1 0 3.5 
2003 11 10 -1.1 5.5 15.0 -1 0 3.5 
2003 11 11 -1.1 10.5 21.6 -1 0 4.0 
2003 11 12 2.2 15.0 24.4 -1 0 5.3 
2003 11 13 3.8 11.1 24.4 -1 3 10.2 
2003 11 14 -1.1 3.8 14.4 -1 0 12.5 
2003 11 15 3.8 6.6 11.1 -1 0 4.9 
2003 11 16 5.0 11.6 20.0 -1 0 4.9 
2003 11 17 6.6 15.0 21.6 -1 0 4.0 
2003 11 18 11.1 15.5 21.6 -1 0 6.2 
2003 11 19 10.0 15.5 18.8 -1 51 9.8 
2003 11 20 6.6 11.1 18.8 -1 8 9.8 
2003 11 21 -0.5 8.8 20.0 -1 0 5.8 
2003 11 22 -0.5 9.4 22.2 -1 0 3.5 
2003 11 23 -0.5 8.8 22.2 -1 0 5.3 
2003 11 24 0.0 11.6 21.1 -1 3 9.8 
2003 11 25 -5.0 1.6 15.0 -1 0 7.1 
2003 11 26 -5.0 3.3 12.7 -1 0 2.6 
2003 11 27 -1.6 8.3 13.3 -1 3 3.5 
2003 11 28 2.2 11.1 16.1 -1 8 9.8 
2003 11 29 -3.8 -1.1 2.2 -1 0 6.7 
2003 11 30 -5.5 2.7 14.4 -1 0 5.8 
2003 12 1 -5.5 6.6 14.4 -1 0 6.7 
2003 12 2 -2.7 3.3 13.8 -1 0 6.2 
2003 12 3 -2.7 1.1 8.8 -1 0 3.5 
2003 12 4 -2.7 0.0 1.1 -1 3 4.9 
2003 12 5 -2.7 1.6 3.3 -1 8 3.5 
2003 12 6 0.0 1.1 3.3 -1 3 9.8 
2003 12 7 -2.2 1.1 6.6 -1 0 7.1 
2003 12 8 -5.0 1.6 12.2 -1 0 5.8 
2003 12 9 -5.0 2.7 12.7 -1 0 3.1 
2003 12 10 6.1 7.7 11.1 -1 3 6.7 
2003 12 11 -1.1 1.6 7.2 -1 18 9.3 
2003 12 12 -2.2 1.1 8.3 -1 0 6.2 
2003 12 13 -3.8 0.0 4.4 -1 3 3.1 
2003 12 14 -3.8 1.6 5.0 -1 10 7.1 
2003 12 15 -1.6 3.3 11.6 -1 3 7.1 
2003 12 16 -2.2 3.3 11.6 -1 0 6.7 
2003 12 17 -2.2 3.8 11.1 -1 10 9.3 
2003 12 18 -5.5 -0.5 7.2 -1 0 5.3 
2003 12 19 -5.5 0.0 6.1 -1 0 6.7 
2003 12 20 -6.6 -4.4 2.7 -1 0 7.1 
2003 12 21 -10.0 -3.3 9.4 -1 0 3.5 
2003 12 22 -5.0 2.2 12.7 -1 0 3.5 
2003 12 23 -5.5 5.5 13.8 -1 0 5.3 
2003 12 24 -3.3 5.0 11.6 -1 5 8.0 
2003 12 25 -4.4 -1.6 10.0 -1 0 8.0 
2003 12 26 -5.0 1.6 9.4 -1 0 5.3 
2003 12 27 -6.6 3.3 16.1 -1 0 3.5 
2003 12 28 -6.6 3.3 16.1 -1 0 3.5 
2003 12 29 -5.0 5.5 15.5 -1 0 4.9 
2003 12 30 -1.1 6.1 12.7 -1 3 9.3 
2003 12 31 -6.6 1.6 13.8 -1 0 3.5 
