2003 1 1 7.2 8.3 11.1 -1 5 9.8 
2003 1 2 6.6 11.6 13.3 -1 30 11.1 
2003 1 3 8.8 11.6 13.8 -1 18 12.5 
2003 1 4 8.8 11.6 13.8 -1 13 8.4 
2003 1 5 3.3 8.3 13.8 -1 13 5.8 
2003 1 6 3.3 9.4 17.2 -1 0 5.3 
2003 1 7 2.2 8.8 17.2 -1 0 4.9 
2003 1 8 2.2 7.2 13.3 -1 0 4.9 
2003 1 9 2.2 6.6 11.1 -1 0 6.7 
2003 1 10 2.2 7.7 11.1 -1 0 6.7 
2003 1 11 5.0 7.7 11.1 -1 13 5.8 
2003 1 12 5.5 8.3 11.1 -1 33 5.8 
2003 1 14 2.2 6.6 11.1 -1 5 3.1 
2003 1 15 1.1 5.0 9.4 -1 0 4.0 
2003 1 16 3.3 7.2 10.0 -1 0 4.9 
2003 1 17 6.1 8.3 13.3 -1 0 7.1 
2003 1 18 3.8 8.3 12.7 -1 0 6.2 
2003 1 19 3.8 8.3 12.2 -1 0 5.3 
2003 1 20 4.4 7.2 10.5 -1 0 3.5 
2003 1 21 6.1 7.7 12.2 -1 3 5.3 
2003 1 22 7.2 10.5 15.0 -1 13 11.1 
2003 1 23 6.6 12.2 15.0 -1 5 10.2 
2003 1 24 8.8 11.6 14.4 -1 8 6.7 
2003 1 25 9.4 11.6 14.4 -1 3 6.7 
2003 1 26 9.4 13.3 15.5 -1 33 9.8 
2003 1 27 10.0 11.1 15.5 -1 8 4.0 
2003 1 28 3.8 7.7 11.6 -1 5 3.1 
2003 1 29 7.2 8.8 12.2 -1 18 8.4 
2003 1 30 8.8 11.1 12.7 -1 25 8.9 
2003 1 31 10.0 11.6 12.7 -1 53 9.8 
2003 2 1 7.2 8.8 12.2 -1 33 5.3 
2003 2 2 6.1 8.3 11.1 -1 10 4.0 
2003 2 3 5.0 7.7 10.5 -1 3 4.9 
2003 2 4 0.0 6.6 10.5 -1 0 3.5 
2003 2 5 -1.1 3.8 10.5 -1 0 4.0 
2003 2 6 -1.1 5.5 12.2 -1 0 5.8 
2003 2 7 -1.1 4.4 12.2 -1 0 3.5 
2003 2 8 -1.1 5.0 12.2 -1 0 6.7 
2003 2 9 -2.2 2.7 10.5 -1 0 3.5 
2003 2 10 -2.2 7.2 10.0 -1 0 4.9 
2003 2 11 2.2 6.6 14.4 -1 0 6.2 
2003 2 12 1.1 8.3 16.6 -1 0 5.3 
2003 2 13 1.1 6.6 16.6 -1 0 6.2 
2003 2 14 2.2 8.8 12.2 -1 0 4.0 
2003 2 15 6.1 8.8 12.2 -1 3 5.8 
2003 2 16 5.0 8.3 11.6 -1 13 4.0 
2003 2 17 5.0 7.2 9.4 -1 18 5.8 
2003 2 18 3.8 6.6 11.1 -1 20 4.0 
2003 2 19 3.8 7.7 11.1 -1 3 4.0 
2003 2 20 6.6 8.3 11.1 -1 10 9.8 
2003 2 21 8.8 9.4 11.1 -1 20 6.7 
2003 2 22 6.6 8.3 10.5 -1 10 6.2 
2003 2 23 3.8 6.1 11.1 -1 3 8.9 
2003 2 24 0.5 4.4 10.5 -1 0 8.9 
2003 2 25 -1.1 4.4 11.6 -1 0 5.8 
2003 2 26 -1.1 3.8 11.6 -1 0 3.5 
2003 2 27 -1.1 6.1 11.1 -1 0 3.5 
2003 2 28 1.6 6.1 11.1 -1 0 3.5 
2003 3 2 0.5 5.5 12.2 -1 5 3.5 
2003 3 3 3.8 6.6 11.1 -1 13 5.3 
2003 3 4 2.2 6.1 9.4 -1 0 2.6 
2003 3 5 2.2 8.3 10.0 -1 3 7.1 
2003 3 6 6.1 7.2 8.3 -1 13 6.7 
2003 3 7 5.5 6.6 9.4 -1 23 5.8 
2003 3 8 5.0 6.1 11.1 -1 8 6.7 
2003 3 9 5.0 10.0 12.2 -1 20 8.0 
2003 3 10 8.3 10.5 12.2 -1 5 5.8 
2003 3 11 8.8 10.0 11.6 -1 8 7.1 
2003 3 12 9.4 11.6 13.3 -1 10 10.2 
2003 3 13 11.1 12.7 16.1 -1 36 12.5 
2003 3 14 8.8 11.1 15.5 -1 20 9.8 
2003 3 15 8.8 11.6 13.8 -1 3 10.2 
2003 3 16 5.5 8.3 13.3 -1 8 6.2 
2003 3 17 2.7 7.2 11.6 -1 8 4.0 
2003 3 18 2.7 7.7 11.6 -1 0 4.0 
2003 3 19 3.3 9.4 11.6 -1 8 4.0 
2003 3 20 7.7 8.8 10.5 -1 28 6.7 
2003 3 21 7.2 9.4 12.2 -1 23 7.1 
2003 3 22 8.8 10.5 11.6 -1 64 11.6 
2003 3 23 5.0 7.7 11.6 -1 10 6.7 
2003 3 24 -1.1 4.4 10.5 -1 3 4.9 
2003 3 25 7.2 9.4 13.3 -1 5 6.2 
2003 3 26 6.1 9.4 12.7 -1 3 7.1 
2003 3 27 6.1 8.8 12.2 -1 8 4.9 
2003 3 28 2.7 7.7 13.3 -1 3 3.5 
2003 3 29 2.7 10.0 18.3 -1 0 2.6 
2003 3 30 7.2 12.2 19.4 -1 0 4.9 
2003 3 31 6.1 10.5 17.2 -1 8 5.3 
2003 4 1 5.0 7.2 11.6 -1 5 8.0 
2003 4 2 2.7 4.4 10.0 -1 13 6.7 
2003 4 3 2.7 6.1 8.3 -1 8 8.4 
2003 4 4 2.2 6.1 11.1 -1 5 6.7 
2003 4 5 2.2 5.5 11.1 -1 13 6.7 
2003 4 6 3.3 7.7 11.1 -1 28 5.3 
2003 4 7 7.2 9.4 12.2 -1 3 6.7 
2003 4 8 7.2 12.2 17.2 -1 5 8.9 
2003 4 9 6.1 8.8 13.3 -1 13 6.7 
2003 4 10 6.1 9.4 13.3 -1 5 7.1 
2003 4 11 6.1 10.5 15.0 -1 0 6.2 
2003 4 12 6.6 11.1 15.0 -1 3 6.2 
2003 4 13 7.7 10.0 12.7 -1 13 5.3 
2003 4 14 4.4 8.8 12.2 -1 0 5.8 
2003 4 15 4.4 8.3 12.2 -1 5 5.8 
2003 4 16 7.2 10.0 13.3 -1 3 5.3 
2003 4 17 5.5 8.8 12.7 -1 3 5.8 
2003 4 18 3.3 7.7 11.6 -1 5 6.7 
2003 4 19 3.3 9.4 15.0 -1 0 3.5 
2003 4 20 5.0 10.0 15.0 -1 0 5.8 
2003 4 21 5.0 9.4 12.7 -1 0 6.2 
2003 4 22 7.2 9.4 12.2 -1 0 6.2 
2003 4 23 6.1 8.3 11.6 -1 3 6.2 
2003 4 24 3.8 7.2 11.1 -1 20 4.9 
2003 4 25 2.7 8.3 16.1 -1 3 5.8 
2003 4 26 2.7 9.4 16.1 -1 8 4.9 
2003 4 27 3.8 10.0 16.6 -1 3 5.8 
2003 4 28 11.1 13.3 18.3 -1 0 6.2 
2003 4 29 7.7 11.6 17.7 -1 0 4.0 
2003 4 30 6.6 11.1 15.0 -1 5 4.9 
2003 5 1 4.4 11.1 16.6 -1 0 6.7 
2003 5 2 4.4 11.1 16.6 -1 0 6.7 
2003 5 3 7.2 10.0 13.8 -1 0 4.9 
2003 5 4 7.2 9.4 13.3 -1 13 8.0 
2003 5 5 6.1 9.4 12.2 -1 5 7.1 
2003 5 6 2.7 8.8 13.8 -1 0 6.2 
2003 5 7 2.7 8.8 13.8 -1 0 6.2 
2003 5 8 3.3 8.8 13.3 -1 0 4.9 
2003 5 9 5.5 9.4 13.8 -1 0 4.9 
2003 5 10 5.5 11.6 13.8 -1 0 4.9 
2003 5 11 8.8 11.6 15.0 -1 0 6.2 
2003 5 12 7.2 11.6 14.4 -1 0 6.7 
2003 5 13 3.8 11.1 18.8 -1 0 6.2 
2003 5 14 4.4 11.6 20.0 -1 5 5.8 
2003 5 15 5.5 8.8 12.7 -1 10 6.2 
2003 5 16 5.0 7.7 12.7 -1 13 6.2 
2003 5 17 3.8 7.2 12.7 -1 13 5.8 
2003 5 18 2.2 7.7 15.0 -1 3 4.9 
2003 5 19 2.2 11.6 20.5 -1 0 4.0 
2003 5 20 3.3 12.2 20.5 -1 3 3.5 
2003 5 21 9.4 13.3 19.4 -1 3 4.0 
2003 5 22 10.0 13.8 19.4 -1 0 4.9 
2003 5 23 12.2 16.1 23.3 -1 0 3.5 
2003 5 24 11.6 15.0 22.7 -1 0 6.7 
2003 5 25 10.5 12.7 16.6 -1 3 5.3 
2003 5 26 6.6 11.1 16.6 -1 0 6.2 
2003 5 27 11.1 16.1 26.1 -1 3 4.0 
2003 5 28 9.4 14.4 26.6 -1 0 4.0 
2003 5 29 5.5 12.7 20.5 -1 0 8.4 
2003 5 30 5.5 13.8 20.5 -1 0 8.4 
2003 5 31 10.0 13.3 17.7 -1 0 4.9 
2003 6 1 10.0 14.4 18.3 -1 0 6.2 
2003 6 2 11.6 13.8 18.3 -1 0 8.0 
2003 6 3 6.6 13.8 21.6 -1 0 8.9 
2003 6 4 7.2 17.7 29.4 -1 0 6.7 
2003 6 5 6.6 21.6 32.2 -1 0 6.7 
2003 6 6 10.0 17.2 32.2 -1 0 5.3 
2003 6 7 10.0 13.8 19.4 -1 0 4.9 
2003 6 8 12.2 15.0 18.3 -1 0 4.9 
2003 6 9 12.2 14.4 16.1 -1 0 4.9 
2003 6 10 11.6 13.3 16.1 -1 0 3.5 
2003 6 11 11.6 13.3 16.1 -1 0 3.5 
2003 6 12 11.6 13.3 16.1 -1 0 5.8 
2003 6 13 10.5 13.3 17.2 -1 3 6.2 
2003 6 14 10.5 13.8 18.8 -1 5 4.9 
2003 6 15 8.3 14.4 20.5 -1 0 6.7 
2003 6 16 8.3 16.1 23.8 -1 0 6.7 
2003 6 17 8.8 15.5 23.8 -1 0 6.7 
2003 6 18 8.8 15.5 18.8 -1 0 6.2 
2003 6 19 8.8 12.7 17.2 -1 0 6.2 
2003 6 20 8.8 13.3 16.1 -1 3 4.0 
2003 6 21 9.4 12.7 16.6 -1 0 5.8 
2003 6 22 10.0 12.7 17.2 -1 8 4.9 
2003 6 23 9.4 13.3 17.7 -1 3 6.7 
2003 6 24 7.7 13.3 18.3 -1 0 6.7 
2003 6 25 7.7 14.4 20.0 -1 0 8.4 
2003 6 26 7.7 15.0 20.0 -1 0 7.1 
2003 6 27 12.2 15.5 21.1 -1 0 6.7 
2003 6 28 8.3 16.6 26.6 -1 0 8.4 
2003 6 29 8.3 16.1 26.6 -1 0 11.6 
2003 6 30 11.1 14.4 17.7 -1 0 7.1 
2003 7 1 8.8 13.8 17.7 -1 3 4.9 
2003 7 2 7.2 13.8 19.4 -1 0 8.0 
2003 7 3 8.8 14.4 18.8 -1 0 8.0 
2003 7 4 9.4 15.0 19.4 -1 0 8.0 
2003 7 5 10.5 16.1 19.4 -1 0 5.8 
2003 7 6 12.7 15.0 19.4 -1 0 6.7 
2003 7 7 12.7 14.4 18.3 -1 0 4.9 
2003 7 8 12.7 14.4 18.3 -1 3 5.8 
2003 7 9 11.6 16.1 22.7 -1 0 4.0 
2003 7 10 11.1 16.6 23.8 -1 0 4.0 
2003 7 11 15.0 17.2 21.1 -1 0 4.9 
2003 7 12 13.8 16.6 20.5 -1 0 8.0 
2003 7 13 13.8 17.2 20.0 -1 0 7.1 
2003 7 14 13.8 16.6 20.0 -1 3 5.3 
2003 7 15 12.7 16.6 20.0 -1 3 5.8 
2003 7 16 12.2 16.6 21.1 -1 0 5.8 
2003 7 17 8.8 16.1 22.7 -1 0 6.7 
2003 7 18 8.8 16.6 22.7 -1 0 6.7 
2003 7 19 8.8 16.1 23.3 -1 0 6.7 
2003 7 20 8.8 18.8 25.0 -1 0 4.0 
2003 7 21 14.4 18.8 25.0 -1 0 7.1 
2003 7 22 15.0 17.2 25.0 -1 0 8.9 
2003 7 23 13.8 16.6 21.1 -1 0 8.9 
2003 7 24 13.8 16.1 19.4 -1 0 7.1 
2003 7 25 13.8 16.1 20.0 -1 0 5.8 
2003 7 26 13.8 16.6 21.1 -1 0 6.7 
2003 7 27 13.8 16.6 22.2 -1 0 7.1 
2003 7 28 11.6 18.3 27.7 -1 0 6.2 
2003 7 29 10.0 17.2 27.7 -1 0 4.0 
2003 7 30 10.5 17.7 24.4 -1 0 4.9 
2003 7 31 13.3 15.5 21.6 -1 0 6.7 
2003 8 1 12.7 15.5 20.0 -1 0 6.7 
2003 8 2 11.6 16.1 20.5 -1 0 8.0 
2003 8 3 11.6 15.0 20.0 -1 0 6.2 
2003 8 4 11.1 15.5 21.1 -1 0 5.8 
2003 8 5 11.1 13.8 20.5 -1 0 4.9 
2003 8 6 11.1 15.0 20.0 -1 0 3.5 
2003 8 7 11.6 16.6 21.6 -1 0 4.0 
2003 8 8 10.5 15.0 21.6 -1 0 3.1 
2003 8 9 12.7 16.1 20.5 -1 0 4.0 
2003 8 10 12.2 16.1 21.1 -1 0 5.3 
2003 8 11 11.6 16.1 21.1 -1 0 7.1 
2003 8 12 11.6 16.6 22.2 -1 0 6.7 
2003 8 13 11.6 16.6 22.2 -1 0 6.7 
2003 8 14 8.8 17.2 26.6 -1 0 6.7 
2003 8 15 8.8 17.7 26.6 -1 0 5.8 
2003 8 16 13.8 17.2 21.6 -1 0 4.0 
2003 8 17 12.7 17.7 23.3 -1 0 5.8 
2003 8 18 12.7 17.7 23.3 -1 0 6.7 
2003 8 19 13.3 17.2 22.7 -1 0 8.4 
2003 8 20 13.8 16.6 22.2 -1 0 6.7 
2003 8 21 9.4 15.0 22.2 -1 0 6.7 
2003 8 22 9.4 16.6 21.6 -1 0 6.7 
2003 8 23 7.7 13.3 20.5 -1 0 6.7 
2003 8 24 7.7 15.0 22.7 -1 0 6.7 
2003 8 25 7.7 15.5 22.7 -1 0 4.9 
2003 8 26 8.8 17.2 22.2 -1 0 4.9 
2003 8 27 14.4 16.6 20.5 -1 0 6.7 
2003 8 28 10.0 15.5 21.6 -1 0 6.2 
2003 8 29 10.0 15.0 21.6 -1 0 6.2 
2003 8 30 12.2 15.0 21.1 -1 0 6.7 
2003 8 31 12.2 15.5 21.1 -1 0 8.0 
2003 9 1 8.8 15.0 22.7 -1 0 6.7 
2003 9 2 8.8 16.6 27.7 -1 0 6.7 
2003 9 3 8.8 16.6 27.7 -1 0 3.5 
2003 9 4 11.6 15.5 23.8 -1 0 5.8 
2003 9 5 9.4 15.5 25.0 -1 0 5.8 
2003 9 6 9.4 15.0 23.3 -1 0 5.8 
2003 9 7 11.6 15.0 19.4 -1 8 6.7 
2003 9 8 11.1 14.4 18.3 -1 8 6.7 
2003 9 9 11.1 15.0 18.8 -1 13 5.8 
2003 9 10 12.2 16.6 19.4 -1 5 5.8 
2003 9 11 15.0 16.1 19.4 -1 3 8.0 
2003 9 12 10.5 13.8 18.3 -1 3 6.7 
2003 9 13 5.5 13.3 23.3 -1 0 6.7 
2003 9 14 5.5 13.8 23.3 -1 0 7.1 
2003 9 15 11.1 14.4 18.3 -1 0 5.3 
2003 9 16 9.4 13.8 17.7 -1 5 6.7 
2003 9 17 7.7 12.7 17.7 -1 0 6.2 
2003 9 18 7.7 13.8 20.0 -1 0 4.9 
2003 9 19 11.1 15.5 20.0 -1 5 5.3 
2003 9 20 7.2 12.7 18.8 -1 0 6.7 
2003 9 21 5.0 13.3 22.2 -1 0 6.7 
2003 9 22 5.0 15.5 23.3 -1 0 7.1 
2003 9 23 7.2 15.5 23.3 -1 0 6.7 
2003 9 24 8.3 15.0 23.3 -1 0 5.3 
2003 9 25 8.3 13.8 23.3 -1 0 6.7 
2003 9 26 8.3 17.2 26.6 -1 0 5.8 
2003 9 27 12.7 21.1 27.7 -1 0 6.7 
2003 9 28 10.5 12.7 16.1 -1 0 5.3 
2003 9 29 12.7 13.8 16.6 -1 0 3.5 
2003 9 30 11.1 16.1 21.1 -1 0 3.5 
2003 10 1 10.0 13.3 21.1 -1 0 3.5 
2003 10 2 10.0 13.8 16.1 -1 0 4.0 
2003 10 3 12.7 13.8 17.2 -1 0 5.3 
2003 10 4 11.6 12.7 17.2 -1 0 3.5 
2003 10 5 11.6 13.3 16.6 -1 0 3.1 
2003 10 6 12.2 14.4 18.3 -1 0 6.7 
2003 10 7 11.6 15.5 18.8 -1 15 6.7 
2003 10 8 10.0 13.3 17.7 -1 0 8.9 
2003 10 9 7.2 12.2 17.2 -1 10 6.2 
2003 10 10 7.2 10.5 16.1 -1 5 4.0 
2003 10 11 7.7 10.5 15.0 -1 8 7.1 
2003 10 12 8.8 12.7 15.5 -1 15 6.7 
2003 10 13 10.5 12.7 16.1 -1 3 6.2 
2003 10 14 7.7 12.2 16.1 -1 0 5.3 
2003 10 15 7.7 10.5 15.5 -1 8 6.2 
2003 10 16 7.7 13.8 17.2 -1 10 10.2 
2003 10 17 10.5 17.2 20.0 -1 5 12.0 
2003 10 18 12.7 16.6 20.0 -1 0 7.1 
2003 10 19 13.8 16.1 18.8 -1 18 8.0 
2003 10 20 13.8 17.2 18.8 -1 15 12.0 
2003 10 21 13.8 17.2 21.6 -1 15 11.6 
2003 10 22 12.7 17.2 21.1 -1 3 6.7 
2003 10 23 6.6 11.1 19.4 -1 15 5.8 
2003 10 24 3.8 9.4 16.6 -1 0 4.0 
2003 10 25 3.8 12.7 20.0 -1 0 5.3 
2003 10 26 12.2 15.5 22.2 -1 0 6.7 
2003 10 27 5.5 12.2 22.2 -1 0 3.1 
2003 10 28 5.5 13.8 18.8 -1 0 7.1 
2003 10 29 8.3 11.1 15.0 -1 13 7.1 
2003 10 30 2.7 7.2 12.2 -1 3 7.1 
2003 10 31 0.0 5.0 10.0 -1 0 6.7 
2003 11 1 -3.3 2.7 8.8 -1 0 6.2 
2003 11 2 -3.3 4.4 7.7 -1 3 8.4 
2003 11 3 -2.7 2.2 9.4 -1 3 6.7 
2003 11 4 -2.7 3.8 9.4 -1 3 5.8 
2003 11 5 -0.5 3.8 10.0 -1 3 3.5 
2003 11 6 -0.5 5.5 12.7 -1 0 6.2 
2003 11 7 1.1 8.3 13.3 -1 0 5.8 
2003 11 8 4.4 10.0 13.3 -1 0 4.9 
2003 11 9 6.1 10.5 13.8 -1 0 3.5 
2003 11 10 6.1 10.0 12.7 -1 5 6.2 
2003 11 11 6.1 11.6 13.8 -1 8 6.7 
2003 11 12 5.0 8.3 13.8 -1 0 3.5 
2003 11 13 3.8 8.8 15.0 -1 0 6.7 
2003 11 14 3.8 11.6 15.0 -1 0 6.7 
2003 11 15 7.7 10.0 13.8 -1 0 5.3 
2003 11 16 7.2 9.4 13.3 -1 25 12.5 
2003 11 17 6.6 10.5 12.7 -1 25 8.4 
2003 11 18 9.4 12.7 13.3 -1 15 12.0 
2003 11 19 5.0 8.8 13.3 -1 33 12.5 
2003 11 20 2.7 5.0 13.3 -1 25 6.2 
2003 11 21 0.0 3.3 7.2 -1 10 3.5 
2003 11 22 -2.2 1.1 6.6 -1 0 5.3 
2003 11 23 -2.2 4.4 8.3 -1 0 5.8 
2003 11 24 3.3 7.2 9.4 -1 10 6.7 
2003 11 25 3.8 7.7 10.5 -1 13 8.0 
2003 11 26 4.4 7.2 10.5 -1 8 5.3 
2003 11 27 1.1 5.0 10.0 -1 3 4.9 
2003 11 28 1.1 11.6 15.0 -1 0 14.7 
2003 11 29 7.2 10.0 12.2 -1 56 9.8 
2003 11 30 2.2 6.6 10.0 -1 0 6.7 
2003 12 1 3.8 7.7 11.1 -1 0 4.0 
2003 12 2 6.1 10.0 13.3 -1 3 8.0 
2003 12 3 0.5 6.1 13.3 -1 10 9.8 
2003 12 4 0.5 7.7 11.1 -1 0 9.3 
2003 12 5 7.7 10.5 12.7 -1 23 6.7 
2003 12 6 4.4 8.3 12.7 -1 23 9.3 
2003 12 7 4.4 6.6 10.5 -1 10 4.9 
2003 12 8 3.3 6.1 10.5 -1 10 3.1 
2003 12 9 3.8 6.6 10.5 -1 0 4.9 
2003 12 10 4.4 5.5 7.7 -1 5 3.5 
2003 12 11 4.4 7.2 9.4 -1 10 3.1 
2003 12 12 6.6 8.8 11.1 -1 10 6.7 
2003 12 13 5.5 8.8 12.2 -1 3 6.2 
2003 12 14 3.8 6.1 12.2 -1 33 7.1 
2003 12 15 2.2 5.5 8.3 -1 8 3.5 
2003 12 16 2.2 8.8 11.6 -1 10 9.8 
2003 12 17 3.3 7.2 11.6 -1 10 4.0 
2003 12 18 5.5 8.3 13.8 -1 0 6.2 
2003 12 19 5.5 9.4 15.0 -1 3 4.0 
2003 12 20 6.6 8.8 12.7 -1 8 4.0 
2003 12 21 3.8 7.7 11.1 -1 5 2.6 
2003 12 22 4.4 7.7 11.6 -1 0 5.3 
2003 12 23 1.1 8.8 11.6 -1 3 5.8 
2003 12 24 7.2 8.8 10.0 -1 10 9.8 
2003 12 25 3.8 5.5 10.5 -1 25 6.7 
2003 12 26 0.0 2.7 7.7 -1 5 3.1 
2003 12 27 2.2 3.8 8.3 -1 13 7.1 
2003 12 28 1.1 5.0 7.7 -1 20 8.0 
2003 12 29 2.2 3.8 6.1 -1 3 8.9 
2003 12 30 -3.3 0.0 5.5 -1 0 4.0 
2003 12 31 1.1 2.7 7.2 -1 8 5.3 
