2003 1 1 8.8 12.2 16.1 -1 10 8.0 
2003 1 2 7.2 10.0 13.3 -1 3 5.3 
2003 1 3 0.5 5.0 13.8 -1 5 8.4 
2003 1 4 -2.2 1.6 8.8 -1 0 6.2 
2003 1 5 -2.2 6.6 15.0 -1 0 4.9 
2003 1 6 2.2 6.1 11.1 -1 0 8.4 
2003 1 7 -2.2 2.2 9.4 -1 0 8.4 
2003 1 8 -2.2 7.2 17.2 -1 0 7.1 
2003 1 9 7.7 12.7 20.5 -1 0 8.0 
2003 1 10 5.5 10.0 20.5 -1 0 6.7 
2003 1 11 -2.7 1.6 6.1 -1 0 6.7 
2003 1 12 -4.4 -0.5 5.0 -1 0 6.7 
2003 1 14 -1.6 5.0 13.3 -1 0 6.7 
2003 1 15 -3.3 2.2 13.3 -1 0 9.8 
2003 1 16 -3.3 1.6 7.2 -1 3 6.7 
2003 1 17 -3.3 0.0 7.2 -1 3 9.3 
2003 1 18 -10.0 -4.4 2.2 -1 0 5.3 
2003 1 19 -10.0 0.5 7.2 -1 0 6.2 
2003 1 20 -5.0 7.2 14.4 -1 0 8.0 
2003 1 21 12.2 13.8 17.2 -1 0 6.7 
2003 1 22 3.8 8.3 16.6 -1 10 5.8 
2003 1 23 -7.2 -2.2 10.5 -1 0 12.0 
2003 1 24 -13.3 -8.3 1.6 -1 0 8.9 
2003 1 25 -6.1 -1.6 6.1 -1 0 3.5 
2003 1 26 -6.1 3.3 8.3 -1 0 5.8 
2003 1 27 -6.1 0.5 8.3 -1 0 8.4 
2003 1 28 -6.1 4.4 15.0 -1 0 4.9 
2003 1 29 7.2 10.5 14.4 -1 8 5.3 
2003 1 30 6.1 11.1 18.8 -1 28 5.3 
2003 1 31 3.8 6.1 10.0 -1 0 3.5 
2003 2 1 3.8 7.2 12.2 -1 0 8.4 
2003 2 2 2.7 9.4 19.4 -1 0 4.9 
2003 2 3 2.7 12.2 19.4 -1 0 6.2 
2003 2 4 5.5 12.2 19.4 -1 5 12.0 
2003 2 5 -1.1 4.4 8.8 -1 0 6.2 
2003 2 6 -1.1 5.5 10.0 -1 13 5.8 
2003 2 7 2.2 3.3 4.4 -1 10 8.0 
2003 2 8 -3.8 0.5 6.1 -1 0 6.2 
2003 2 9 0.5 4.4 12.2 -1 0 3.5 
2003 2 10 0.0 7.2 11.6 -1 13 9.3 
2003 2 11 -2.2 3.8 12.7 -1 0 5.3 
2003 2 12 -1.6 8.8 15.0 -1 0 8.9 
2003 2 13 0.0 7.2 15.0 -1 0 6.2 
2003 2 14 0.0 8.8 18.3 -1 0 4.0 
2003 2 15 3.8 14.4 21.6 -1 0 4.0 
2003 2 16 2.7 11.6 20.0 -1 10 9.3 
2003 2 17 0.0 1.1 3.8 -1 10 6.7 
2003 2 18 -0.5 2.2 7.2 -1 0 5.8 
2003 2 19 1.1 5.0 13.3 -1 0 3.5 
2003 2 20 6.6 11.6 18.8 -1 0 2.6 
2003 2 21 6.6 10.5 18.8 -1 0 7.1 
2003 2 22 11.1 16.6 23.3 -1 15 11.6 
2003 2 23 2.7 7.7 15.5 -1 3 9.8 
2003 2 24 3.3 10.5 18.8 -1 0 4.9 
2003 2 25 3.8 9.4 18.8 -1 0 4.9 
2003 2 26 3.8 6.6 13.3 -1 5 6.2 
2003 2 27 2.2 3.8 8.8 -1 13 6.7 
2003 2 28 2.2 7.7 14.4 -1 0 2.6 
2003 3 1 5.0 8.3 14.4 -1 0 5.8 
2003 3 2 6.6 9.4 13.8 -1 0 8.4 
2003 3 3 0.0 6.1 13.8 -1 0 8.4 
2003 3 4 3.8 10.0 16.1 -1 0 4.0 
2003 3 5 10.5 13.3 17.2 -1 0 3.5 
2003 3 6 10.5 15.0 16.6 -1 46 12.9 
2003 3 7 7.7 12.2 17.7 -1 10 3.5 
2003 3 8 6.6 12.2 18.3 -1 0 3.5 
2003 3 9 12.2 15.5 23.3 -1 0 6.7 
2003 3 10 5.0 12.2 22.7 -1 0 5.8 
2003 3 11 3.8 11.1 20.0 -1 0 4.9 
2003 3 12 3.8 16.1 24.4 -1 0 4.9 
2003 3 13 7.2 19.4 25.5 -1 0 4.0 
2003 3 14 13.8 16.6 25.5 -1 0 7.1 
2003 3 15 7.7 10.0 13.8 -1 15 8.4 
2003 3 16 8.3 11.6 17.7 -1 0 5.3 
2003 3 17 9.4 12.2 17.7 -1 0 6.2 
2003 3 18 12.7 13.8 15.5 -1 15 5.3 
2003 3 19 12.7 15.5 16.1 -1 3 6.2 
2003 3 20 11.1 13.3 16.1 -1 76 8.0 
2003 3 21 10.5 16.1 20.0 -1 0 5.8 
2003 3 22 8.8 13.8 20.0 -1 0 4.0 
2003 3 23 7.7 13.3 18.8 -1 0 4.9 
2003 3 24 7.7 15.0 22.7 -1 0 3.5 
2003 3 25 7.7 17.7 24.4 -1 0 4.0 
2003 3 26 9.4 17.7 24.4 -1 0 7.1 
2003 3 27 12.2 16.6 23.3 -1 0 6.7 
2003 3 28 13.8 17.2 21.1 -1 0 5.8 
2003 3 29 10.5 16.1 21.6 -1 0 7.1 
2003 3 30 3.8 7.2 11.1 -1 10 9.8 
2003 3 31 -1.6 5.0 13.3 -1 0 6.7 
2003 4 1 -1.6 11.6 21.6 -1 0 6.7 
2003 4 2 3.8 16.6 23.3 -1 0 5.3 
2003 4 3 10.5 17.2 23.8 -1 0 4.9 
2003 4 4 10.0 18.3 24.4 -1 0 7.1 
2003 4 5 12.2 17.7 24.4 -1 0 7.1 
2003 4 6 12.7 18.3 24.4 -1 3 6.7 
2003 4 7 12.7 16.6 24.4 -1 5 9.8 
2003 4 8 10.0 11.6 20.5 -1 15 5.3 
2003 4 9 7.7 9.4 11.1 -1 3 4.9 
2003 4 10 3.8 5.5 8.3 -1 3 7.1 
2003 4 11 4.4 10.5 18.3 -1 3 7.1 
2003 4 12 6.6 14.4 23.8 -1 0 5.3 
2003 4 13 6.6 17.7 25.5 -1 0 6.2 
2003 4 14 11.1 20.0 27.2 -1 0 4.0 
2003 4 15 11.1 20.0 27.2 -1 0 4.0 
2003 4 16 13.3 19.4 25.5 -1 0 4.9 
2003 4 17 13.8 18.3 25.0 -1 10 6.2 
2003 4 18 16.1 18.8 23.3 -1 10 6.7 
2003 4 19 11.1 14.4 18.8 -1 0 6.7 
2003 4 20 13.8 17.7 21.6 -1 0 4.9 
2003 4 21 16.1 18.3 22.2 -1 5 5.3 
2003 4 22 10.0 15.5 21.6 -1 5 8.9 
2003 4 23 7.2 14.4 22.2 -1 0 4.9 
2003 4 24 6.6 15.0 21.6 -1 3 7.1 
2003 4 25 8.8 15.5 22.2 -1 38 5.8 
2003 4 26 12.2 17.2 21.1 -1 0 6.7 
2003 4 27 10.5 17.2 25.0 -1 0 4.9 
2003 4 28 12.7 20.0 25.5 -1 0 2.6 
2003 4 29 13.3 21.6 27.2 -1 0 3.5 
2003 4 30 15.5 22.7 28.3 -1 0 4.0 
2003 5 1 16.6 22.7 28.3 -1 0 4.0 
2003 5 2 16.1 21.6 27.2 -1 0 4.0 
2003 5 3 12.7 16.6 22.7 -1 10 16.5 
2003 5 4 12.7 19.4 25.5 -1 5 3.5 
2003 5 5 13.3 21.1 26.1 -1 25 6.7 
2003 5 6 17.7 20.5 27.7 -1 66 9.8 
2003 5 7 17.7 21.6 27.7 -1 30 5.3 
2003 5 8 18.3 22.7 28.3 -1 15 6.2 
2003 5 9 18.8 24.4 29.4 -1 0 5.3 
2003 5 10 20.5 25.5 29.4 -1 0 5.8 
2003 5 11 16.6 22.7 28.8 -1 5 6.7 
2003 5 12 12.7 18.3 22.7 -1 5 8.4 
2003 5 13 11.6 17.7 25.0 -1 0 5.8 
2003 5 14 11.6 17.2 25.0 -1 3 3.5 
2003 5 15 15.5 17.7 22.7 -1 25 4.9 
2003 5 16 15.5 21.6 26.6 -1 5 4.0 
2003 5 17 18.3 23.3 29.4 -1 0 6.7 
2003 5 18 18.3 20.5 29.4 -1 38 6.7 
2003 5 19 13.8 15.5 21.1 -1 18 7.1 
2003 5 20 13.8 16.1 21.1 -1 0 6.7 
2003 5 21 13.8 19.4 23.3 -1 13 3.5 
2003 5 22 17.2 18.8 20.0 -1 36 8.4 
2003 5 23 16.1 19.4 25.0 -1 5 5.3 
2003 5 24 13.8 20.0 26.1 -1 0 3.5 
2003 5 25 14.4 21.1 26.1 -1 0 4.0 
2003 5 26 15.5 20.5 26.1 -1 5 5.3 
2003 5 27 13.8 19.4 25.5 -1 0 6.7 
2003 5 28 12.7 19.4 25.5 -1 0 5.3 
2003 5 29 12.7 21.1 26.1 -1 0 9.3 
2003 5 30 12.2 19.4 25.0 -1 0 6.2 
2003 5 31 12.2 23.3 30.0 -1 0 8.0 
2003 6 1 15.5 20.5 30.0 -1 0 7.1 
2003 6 2 13.3 20.5 27.2 -1 0 5.3 
2003 6 3 13.3 21.6 27.2 -1 3 7.1 
2003 6 4 19.4 22.7 27.2 -1 18 6.7 
2003 6 5 15.0 20.5 27.2 -1 0 5.8 
2003 6 6 15.0 21.6 26.1 -1 3 4.9 
2003 6 7 17.7 22.2 26.6 -1 15 5.8 
2003 6 8 20.5 23.8 29.4 -1 3 6.2 
2003 6 9 18.8 23.8 29.4 -1 0 5.8 
2003 6 10 18.3 24.4 30.0 -1 0 4.9 
2003 6 11 18.3 25.5 30.0 -1 5 8.4 
2003 6 12 20.5 23.3 30.0 -1 8 5.8 
2003 6 13 20.5 22.2 28.8 -1 15 9.8 
2003 6 14 20.0 22.7 28.8 -1 13 4.0 
2003 6 15 20.0 23.8 28.8 -1 5 3.1 
2003 6 16 22.7 26.1 30.5 -1 0 5.3 
2003 6 17 18.8 23.3 30.5 -1 46 7.1 
2003 6 18 18.8 22.7 27.7 -1 10 6.7 
2003 6 19 20.5 23.8 28.8 -1 25 8.4 
2003 6 20 21.1 24.4 28.8 -1 5 5.8 
2003 6 21 13.8 21.1 28.8 -1 0 4.9 
2003 6 22 13.8 21.6 27.7 -1 0 4.9 
2003 6 23 15.0 23.8 29.4 -1 0 3.5 
2003 6 24 17.7 25.5 30.0 -1 0 2.2 
2003 6 25 20.0 26.6 31.1 -1 0 3.1 
2003 6 26 21.1 26.1 31.1 -1 0 3.5 
2003 6 27 19.4 25.0 30.0 -1 15 4.9 
2003 6 28 18.8 21.6 26.6 -1 18 3.5 
2003 6 29 20.5 23.8 27.7 -1 3 3.5 
2003 6 30 20.5 23.3 28.8 -1 0 4.9 
2003 7 1 18.8 20.5 28.8 -1 30 7.1 
2003 7 2 18.8 22.2 27.2 -1 64 5.8 
2003 7 3 20.0 25.0 30.5 -1 0 3.5 
2003 7 4 20.0 25.0 30.5 -1 0 4.0 
2003 7 5 20.5 23.3 30.0 -1 10 4.0 
2003 7 6 21.6 23.8 28.8 -1 10 4.0 
2003 7 7 21.6 25.5 30.5 -1 0 4.9 
2003 7 8 21.6 26.6 32.2 -1 0 4.0 
2003 7 9 22.2 27.2 32.2 -1 0 5.3 
2003 7 10 21.1 26.1 28.8 -1 0 14.3 
2003 7 11 20.5 23.3 29.4 -1 15 5.3 
2003 7 12 20.0 24.4 30.0 -1 0 4.0 
2003 7 13 20.0 25.0 30.5 -1 0 6.2 
2003 7 14 20.5 23.8 30.5 -1 0 6.2 
2003 7 15 20.5 25.0 30.0 -1 3 4.0 
2003 7 16 21.6 25.5 31.1 -1 3 4.9 
2003 7 17 21.6 25.5 31.1 -1 0 5.8 
2003 7 18 21.6 26.6 31.1 -1 0 3.5 
2003 7 19 21.6 26.1 31.1 -1 0 4.9 
2003 7 20 22.2 26.6 31.1 -1 0 4.9 
2003 7 21 22.2 27.2 31.6 -1 0 5.3 
2003 7 22 21.1 24.4 29.4 -1 8 11.1 
2003 7 23 20.0 22.7 30.0 -1 25 6.7 
2003 7 24 17.7 23.3 28.3 -1 0 4.0 
2003 7 25 17.7 25.0 29.4 -1 0 5.8 
2003 7 26 18.8 25.0 30.5 -1 0 6.7 
2003 7 27 22.2 25.5 31.1 -1 0 4.0 
2003 7 28 22.7 26.6 32.2 -1 0 4.9 
2003 7 29 22.2 26.6 31.1 -1 0 5.8 
2003 7 30 22.2 25.5 29.4 -1 0 3.5 
2003 7 31 21.1 25.0 31.1 -1 5 8.4 
2003 8 1 21.1 24.4 28.8 -1 5 4.9 
2003 8 2 21.1 25.0 29.4 -1 0 3.5 
2003 8 3 20.5 24.4 28.8 -1 30 6.7 
2003 8 4 20.5 23.8 28.8 -1 8 6.7 
2003 8 5 21.1 25.0 29.4 -1 0 7.1 
2003 8 6 20.5 23.3 29.4 -1 5 6.7 
2003 8 7 20.0 23.8 28.8 -1 5 3.5 
2003 8 8 20.0 24.4 29.4 -1 0 4.9 
2003 8 9 20.0 25.0 30.0 -1 0 3.5 
2003 8 10 20.0 25.5 30.5 -1 0 4.9 
2003 8 11 19.4 24.4 30.5 -1 0 4.9 
2003 8 12 18.8 22.7 26.6 -1 8 5.8 
2003 8 13 19.4 23.8 30.5 -1 15 5.3 
2003 8 14 21.6 26.6 31.6 -1 0 4.9 
2003 8 15 22.7 27.7 32.2 -1 0 3.5 
2003 8 16 22.2 26.1 32.2 -1 0 6.2 
2003 8 17 21.1 26.1 31.6 -1 0 3.5 
2003 8 18 21.1 27.2 32.2 -1 0 4.0 
2003 8 19 22.2 26.6 32.2 -1 0 4.0 
2003 8 20 22.2 26.1 32.2 -1 0 4.0 
2003 8 21 22.2 26.6 31.1 -1 0 3.5 
2003 8 22 22.2 26.6 31.1 -1 0 3.1 
2003 8 23 22.2 26.6 32.2 -1 0 3.5 
2003 8 24 22.2 27.2 32.2 -1 0 5.3 
2003 8 25 22.2 26.1 31.6 -1 0 4.9 
2003 8 26 22.7 27.2 31.6 -1 0 2.6 
2003 8 27 22.7 27.7 32.2 -1 0 3.5 
2003 8 28 22.2 26.6 32.2 -1 25 6.7 
2003 8 29 22.2 26.1 31.1 -1 25 4.0 
2003 8 30 21.6 25.0 31.6 -1 0 6.2 
2003 8 31 21.6 26.6 31.6 -1 0 4.0 
2003 9 1 22.7 26.1 31.6 -1 0 3.5 
2003 9 2 21.6 25.0 31.1 -1 0 3.5 
2003 9 3 21.6 26.1 30.5 -1 13 5.8 
2003 9 4 22.2 26.1 30.0 -1 13 6.7 
2003 9 5 20.5 24.4 30.5 -1 0 6.2 
2003 9 6 20.5 22.7 28.8 -1 0 6.7 
2003 9 7 17.7 20.0 24.4 -1 0 4.9 
2003 9 8 16.1 22.2 27.2 -1 0 3.5 
2003 9 9 16.1 22.7 27.7 -1 0 3.1 
2003 9 10 17.2 21.6 27.7 -1 0 4.9 
2003 9 11 17.2 21.6 27.2 -1 0 5.3 
2003 9 12 16.6 21.6 27.2 -1 0 5.3 
2003 9 13 17.2 22.7 29.4 -1 0 4.0 
2003 9 14 17.2 23.3 29.4 -1 5 3.5 
2003 9 15 18.8 22.2 28.3 -1 10 5.8 
2003 9 16 16.1 21.1 27.2 -1 0 7.1 
2003 9 17 16.1 22.2 27.2 -1 0 7.1 
2003 9 18 15.5 21.6 27.2 -1 0 6.2 
2003 9 19 16.6 22.2 28.8 -1 0 4.9 
2003 9 20 18.8 24.4 31.1 -1 0 2.6 
2003 9 21 18.8 23.8 30.5 -1 0 5.3 
2003 9 22 18.8 22.7 27.7 -1 0 6.7 
2003 9 23 16.6 20.5 27.2 -1 38 5.8 
2003 9 24 15.5 21.1 27.2 -1 0 4.0 
2003 9 25 15.5 22.2 28.3 -1 0 3.1 
2003 9 26 16.6 22.7 28.3 -1 0 3.5 
2003 9 27 17.2 22.7 28.3 -1 0 5.8 
2003 9 28 13.8 19.4 28.3 -1 0 6.7 
2003 9 29 7.7 14.4 22.7 -1 0 5.8 
2003 9 30 7.7 15.0 21.6 -1 0 4.0 
2003 10 1 8.8 16.6 22.2 -1 0 6.2 
2003 10 2 7.7 13.3 22.2 -1 0 4.9 
2003 10 3 7.7 13.3 20.0 -1 0 6.2 
2003 10 4 7.7 17.2 25.0 -1 0 5.8 
2003 10 5 11.1 19.4 25.5 -1 0 3.5 
2003 10 6 13.8 21.1 25.5 -1 0 3.1 
2003 10 7 17.2 18.8 22.2 -1 3 5.3 
2003 10 8 17.2 18.8 23.3 -1 13 6.7 
2003 10 9 17.2 19.4 22.2 -1 0 4.9 
2003 10 10 17.2 19.4 23.3 -1 0 5.8 
2003 10 11 16.1 17.7 19.4 -1 0 6.2 
2003 10 12 16.1 19.4 25.5 -1 0 5.3 
2003 10 13 15.5 20.5 25.5 -1 0 2.6 
2003 10 14 15.5 20.5 25.5 -1 0 8.9 
2003 10 15 8.8 13.8 25.5 -1 0 8.9 
2003 10 16 7.7 15.0 22.2 -1 0 3.5 
2003 10 17 7.7 15.0 22.2 -1 3 3.5 
2003 10 18 8.8 13.8 21.1 -1 3 3.5 
2003 10 19 8.8 15.5 24.4 -1 0 3.1 
2003 10 20 11.6 18.3 26.1 -1 0 3.5 
2003 10 21 11.6 20.0 28.8 -1 0 6.7 
2003 10 22 12.7 19.4 28.8 -1 0 7.1 
2003 10 23 10.0 17.2 25.5 -1 0 4.9 
2003 10 24 10.0 17.7 25.5 -1 0 5.3 
2003 10 25 11.6 16.1 23.3 -1 0 5.3 
2003 10 26 12.2 17.7 23.3 -1 0 3.5 
2003 10 27 11.6 16.1 20.0 -1 23 5.3 
2003 10 28 6.6 10.5 18.3 -1 0 3.1 
2003 10 29 6.6 13.3 21.1 -1 0 3.5 
2003 10 30 8.3 17.2 25.0 -1 0 3.5 
2003 10 31 10.0 17.7 25.0 -1 0 3.5 
2003 11 1 11.1 19.4 26.1 -1 0 3.1 
2003 11 2 12.2 20.0 28.3 -1 0 4.0 
2003 11 3 12.2 20.0 27.7 -1 0 4.9 
2003 11 4 12.7 20.5 26.6 -1 0 4.0 
2003 11 5 18.3 21.6 24.4 -1 23 4.9 
2003 11 6 20.0 21.6 23.3 -1 20 3.5 
2003 11 7 15.5 18.3 23.3 -1 3 5.8 
2003 11 8 10.5 13.8 22.2 -1 0 5.3 
2003 11 9 10.0 13.3 17.2 -1 0 6.7 
2003 11 10 5.0 10.0 17.2 -1 0 6.2 
2003 11 11 5.0 13.3 22.2 -1 0 3.5 
2003 11 12 7.2 18.3 26.1 -1 0 6.2 
2003 11 13 7.7 14.4 21.6 -1 0 9.8 
2003 11 14 0.0 7.2 19.4 -1 0 5.8 
2003 11 15 0.0 11.1 24.4 -1 0 3.1 
2003 11 16 5.0 16.1 22.7 -1 0 3.1 
2003 11 17 10.5 19.4 23.8 -1 0 3.5 
2003 11 18 16.1 19.4 24.4 -1 0 8.4 
2003 11 19 12.7 16.6 19.4 -1 48 8.4 
2003 11 20 6.1 12.2 20.0 -1 0 6.7 
2003 11 21 7.2 15.0 23.3 -1 0 3.5 
2003 11 22 6.6 15.0 22.7 -1 0 3.5 
2003 11 23 7.7 14.4 21.6 -1 0 3.5 
2003 11 24 5.5 12.7 21.6 -1 3 8.4 
2003 11 25 -2.7 3.8 15.0 -1 5 5.3 
2003 11 26 -2.7 8.3 16.1 -1 0 3.5 
2003 11 27 1.6 11.6 16.1 -1 20 3.5 
2003 11 28 5.0 12.2 17.2 -1 25 12.5 
2003 11 29 -2.2 2.2 7.2 -1 0 6.7 
2003 11 30 -2.2 4.4 15.5 -1 0 4.0 
2003 12 1 2.7 8.8 16.6 -1 0 6.7 
2003 12 2 0.5 7.7 16.6 -1 0 6.2 
2003 12 3 0.5 6.1 15.5 -1 0 6.7 
2003 12 4 1.1 2.7 6.1 -1 8 6.7 
2003 12 5 1.6 3.8 6.1 -1 3 5.8 
2003 12 6 1.1 3.3 6.1 -1 0 6.7 
2003 12 7 -2.2 3.3 11.6 -1 0 4.9 
2003 12 8 0.0 6.1 13.8 -1 0 3.1 
2003 12 9 2.2 8.3 14.4 -1 0 4.9 
2003 12 10 2.2 10.5 14.4 -1 13 9.8 
2003 12 11 1.6 2.7 6.1 -1 10 8.9 
2003 12 12 -1.1 3.8 11.6 -1 0 4.9 
2003 12 13 -1.1 4.4 11.6 -1 8 8.0 
2003 12 14 1.1 3.3 7.2 -1 15 6.7 
2003 12 15 -1.1 5.0 12.7 -1 0 6.7 
2003 12 16 -0.5 7.7 16.1 -1 0 3.5 
2003 12 17 0.5 6.1 16.1 -1 8 10.2 
2003 12 18 0.0 5.0 12.2 -1 0 6.7 
2003 12 19 0.0 5.5 12.7 -1 0 8.9 
2003 12 20 -3.3 1.1 10.5 -1 0 7.1 
2003 12 21 -3.3 2.2 10.5 -1 0 2.2 
2003 12 22 -2.7 6.1 14.4 -1 0 2.6 
2003 12 23 -0.5 10.5 18.3 -1 0 6.2 
2003 12 24 2.7 8.3 16.1 -1 13 8.0 
2003 12 25 -2.7 1.1 7.2 -1 0 4.9 
2003 12 26 -2.7 5.5 15.0 -1 0 3.5 
2003 12 27 -1.6 7.7 17.2 -1 0 3.5 
2003 12 28 0.0 9.4 17.2 -1 0 4.0 
2003 12 29 2.7 10.5 17.7 -1 0 5.3 
2003 12 30 2.7 9.4 16.6 -1 5 12.0 
2003 12 31 1.6 7.2 15.5 -1 0 3.1 
