2003 1 1 10.0 11.6 16.1 -1 20 -1.0 
2003 1 2 7.7 10.0 15.5 -1 0 -1.0 
2003 1 3 537.2 678.8 678.8 -1 3 -1.0 
2003 1 4 537.2 678.8 678.8 -1 0 -1.0 
2003 1 5 1.1 17.2 142.7 -1 0 -1.0 
2003 1 6 2.2 18.3 143.8 -1 0 -1.0 
2003 1 7 537.2 678.8 678.8 -1 0 -1.0 
2003 1 8 537.2 678.8 678.8 -1 0 -1.0 
2003 1 9 6.1 11.6 18.8 -1 0 -1.0 
2003 1 10 7.7 12.2 18.8 -1 0 -1.0 
2003 1 11 537.2 678.8 678.8 -1 0 -1.0 
2003 1 12 -2.2 14.4 30.0 -1 0 39.7 
2003 1 13 0.0 12.2 141.6 -1 0 -1.0 
2003 1 14 -1.1 14.4 140.5 -1 0 -1.0 
2003 1 15 -2.2 12.7 139.4 -1 0 -1.0 
2003 1 16 537.2 678.8 678.8 -1 0 -1.0 
2003 1 17 537.2 678.8 678.8 -1 5 -1.0 
2003 1 18 537.2 678.8 678.8 -1 0 -1.0 
2003 1 19 537.2 678.8 678.8 -1 0 -1.0 
2003 1 20 537.2 678.8 678.8 -1 0 -1.0 
2003 1 21 11.1 13.8 18.3 -1 0 -1.0 
2003 1 22 7.2 10.5 18.3 -1 0 -1.0 
2003 1 23 537.2 678.8 678.8 -1 0 -1.0 
2003 1 24 -12.7 0.5 128.8 -1 0 -1.0 
2003 1 25 537.2 678.8 678.8 -1 0 -1.0 
2003 1 26 537.2 678.8 678.8 -1 0 -1.0 
2003 1 27 -3.8 2.2 8.8 -1 0 5.8 
2003 1 28 -1.1 5.0 16.1 -1 0 4.0 
2003 1 29 6.1 11.1 18.3 -1 0 5.3 
2003 1 30 8.8 12.2 13.8 -1 46 4.0 
2003 1 31 3.8 8.3 12.7 -1 0 3.5 
2003 2 1 2.7 8.3 13.8 -1 0 6.2 
2003 2 2 3.8 10.0 18.8 -1 0 4.9 
2003 2 3 7.7 13.8 21.6 -1 0 7.1 
2003 2 4 6.1 13.3 22.2 -1 8 8.0 
2003 2 5 -1.1 5.0 12.7 -1 0 4.9 
2003 2 6 2.7 5.0 12.7 -1 3 6.7 
2003 2 7 2.7 5.0 6.6 -1 48 6.2 
2003 2 8 -2.2 1.6 6.6 -1 0 4.0 
2003 2 9 1.1 6.1 13.3 -1 0 3.1 
2003 2 10 6.1 7.7 13.3 -1 8 6.7 
2003 2 11 -1.1 4.4 11.6 -1 0 5.3 
2003 2 12 2.7 8.8 16.6 -1 0 6.7 
2003 2 13 2.2 8.8 17.2 -1 0 4.0 
2003 2 14 7.2 12.2 20.0 -1 0 6.7 
2003 2 15 12.7 16.6 22.7 -1 0 5.8 
2003 2 16 12.2 17.2 21.1 -1 30 4.0 
2003 2 17 2.2 4.4 8.3 -1 0 4.9 
2003 2 18 1.1 2.7 8.8 -1 0 3.5 
2003 2 19 2.2 7.2 16.1 -1 0 2.6 
2003 2 20 7.2 12.2 20.0 -1 0 3.1 
2003 2 21 11.1 13.3 20.0 -1 3 4.0 
2003 2 22 12.7 16.6 21.6 -1 8 9.3 
2003 2 23 3.8 7.7 21.1 -1 3 8.9 
2003 2 24 6.1 10.5 18.3 -1 0 4.9 
2003 2 25 7.2 12.2 18.3 -1 0 4.9 
2003 2 26 6.1 10.5 17.2 -1 0 3.5 
2003 2 27 7.2 8.8 12.2 -1 25 5.3 
2003 2 28 6.1 7.2 13.3 -1 0 3.5 
2003 3 1 7.7 8.8 12.7 -1 0 3.5 
2003 3 2 8.8 10.0 12.7 -1 3 5.8 
2003 3 3 2.2 7.2 14.4 -1 0 5.8 
2003 3 4 6.1 10.0 13.8 -1 0 4.0 
2003 3 5 12.2 15.0 20.0 -1 0 3.5 
2003 3 6 13.8 18.3 21.1 -1 25 6.7 
2003 3 7 11.1 12.7 18.3 -1 56 3.5 
2003 3 8 8.8 13.8 20.0 -1 0 4.0 
2003 3 9 13.8 16.6 22.7 -1 0 4.0 
2003 3 10 6.1 13.8 23.3 -1 0 4.0 
2003 3 11 6.1 13.8 21.1 -1 0 4.0 
2003 3 12 8.8 16.1 23.8 -1 0 3.5 
2003 3 13 13.8 19.4 26.1 -1 0 11.6 
2003 3 14 12.7 16.6 21.6 -1 0 3.5 
2003 3 15 11.1 13.3 22.2 -1 30 6.7 
2003 3 16 10.0 12.2 16.1 -1 8 3.5 
2003 3 17 12.2 13.3 16.1 -1 5 5.3 
2003 3 18 13.8 15.0 17.7 -1 10 5.3 
2003 3 19 17.2 19.4 24.4 -1 0 4.9 
2003 3 20 15.0 20.0 26.1 -1 5 4.0 
2003 3 21 12.2 17.7 26.1 -1 18 5.8 
2003 3 22 7.7 14.4 20.5 -1 0 4.9 
2003 3 23 7.7 13.8 20.0 -1 0 4.0 
2003 3 24 7.7 15.0 22.7 -1 0 3.5 
2003 3 25 8.8 16.6 23.8 -1 0 5.3 
2003 3 26 11.1 17.7 23.8 -1 0 6.2 
2003 3 27 13.8 18.3 26.1 -1 0 4.9 
2003 3 28 15.0 18.3 26.1 -1 0 3.5 
2003 3 29 12.2 16.1 19.4 -1 0 5.8 
2003 3 30 3.8 7.7 16.6 -1 8 8.4 
2003 3 31 -1.1 6.1 13.8 -1 0 6.2 
2003 4 1 3.8 11.1 21.6 -1 0 6.7 
2003 4 2 7.7 15.0 21.6 -1 0 5.3 
2003 4 3 8.8 16.1 23.8 -1 0 5.3 
2003 4 4 12.2 17.7 23.3 -1 0 5.8 
2003 4 5 16.1 18.8 23.8 -1 5 3.5 
2003 4 6 17.2 20.0 24.4 -1 0 3.5 
2003 4 7 17.7 20.0 21.6 -1 25 5.8 
2003 4 8 17.2 17.7 18.3 -1 3 3.5 
2003 4 9 7.7 12.7 15.5 -1 3 5.8 
2003 4 10 3.8 5.5 11.1 -1 0 6.7 
2003 4 11 6.1 11.1 21.1 -1 0 6.7 
2003 4 12 7.7 15.5 25.0 -1 0 5.8 
2003 4 13 10.0 18.8 27.2 -1 0 4.0 
2003 4 14 12.7 20.0 27.7 -1 0 2.2 
2003 4 15 13.8 20.0 27.7 -1 0 3.5 
2003 4 16 12.2 19.4 27.2 -1 0 3.5 
2003 4 17 13.8 18.8 26.1 -1 0 5.3 
2003 4 18 13.8 19.4 26.6 -1 0 3.5 
2003 4 19 13.8 17.7 26.6 -1 0 4.9 
2003 4 20 17.2 19.4 24.4 -1 0 4.0 
2003 4 21 17.7 19.4 23.8 -1 18 6.7 
2003 4 22 11.1 17.2 23.3 -1 8 6.7 
2003 4 23 8.8 15.0 22.7 -1 0 4.0 
2003 4 24 11.1 15.5 23.3 -1 0 10.2 
2003 4 25 12.7 15.5 22.7 -1 41 8.4 
2003 4 26 12.2 16.6 23.3 -1 13 4.9 
2003 4 27 11.1 17.2 25.0 -1 0 4.0 
2003 4 28 15.0 20.0 27.2 -1 0 3.1 
2003 4 29 13.8 20.5 27.7 -1 0 3.1 
2003 4 30 16.1 21.6 28.3 -1 0 3.5 
2003 5 1 16.1 22.2 28.3 -1 0 3.1 
2003 5 2 16.1 22.2 28.3 -1 0 5.3 
2003 5 3 13.8 17.7 27.7 -1 10 6.7 
2003 5 4 17.2 22.2 28.3 -1 0 3.5 
2003 5 5 18.8 23.3 27.7 -1 0 5.3 
2003 5 6 22.2 25.0 30.0 -1 0 8.0 
2003 5 7 21.1 25.0 30.0 -1 0 5.8 
2003 5 8 20.0 24.4 28.8 -1 3 6.7 
2003 5 9 21.1 24.4 30.0 -1 0 4.0 
2003 5 10 21.1 25.5 31.1 -1 0 5.3 
2003 5 11 18.8 23.3 27.7 -1 0 6.7 
2003 5 12 13.8 18.8 26.6 -1 13 6.2 
2003 5 13 12.2 18.8 24.4 -1 0 4.0 
2003 5 14 13.8 16.6 23.8 -1 0 3.5 
2003 5 15 16.1 18.8 25.0 -1 15 4.0 
2003 5 16 18.8 23.3 27.7 -1 8 3.5 
2003 5 17 21.1 25.0 28.8 -1 0 4.0 
2003 5 18 17.7 22.7 26.6 -1 18 7.1 
2003 5 19 17.7 20.5 25.0 -1 10 6.2 
2003 5 20 16.1 18.3 25.0 -1 0 6.7 
2003 5 21 17.7 20.5 25.0 -1 0 3.1 
2003 5 22 18.8 20.0 21.6 -1 13 4.0 
2003 5 23 17.2 19.4 25.0 -1 10 3.5 
2003 5 24 16.1 21.1 27.2 -1 0 3.1 
2003 5 25 16.1 21.6 27.2 -1 0 4.9 
2003 5 26 18.8 21.1 26.6 -1 10 4.9 
2003 5 27 16.1 20.5 26.1 -1 0 5.3 
2003 5 28 12.7 19.4 25.5 -1 0 5.8 
2003 5 29 17.2 21.6 27.2 -1 0 8.9 
2003 5 30 12.7 20.0 26.6 -1 0 4.9 
2003 5 31 17.7 23.3 30.5 -1 0 8.4 
2003 6 1 17.2 22.7 31.1 -1 0 6.2 
2003 6 2 13.8 21.1 27.7 -1 0 2.6 
2003 6 3 20.0 22.7 27.7 -1 25 5.8 
2003 6 4 21.1 23.3 27.2 -1 3 4.0 
2003 6 5 16.1 21.6 27.2 -1 0 4.9 
2003 6 6 18.8 21.6 26.6 -1 3 3.5 
2003 6 7 21.1 22.7 27.2 -1 51 5.3 
2003 6 8 22.2 24.4 29.4 -1 25 4.9 
2003 6 9 18.8 23.8 28.8 -1 0 4.0 
2003 6 10 18.8 25.0 31.1 -1 0 3.5 
2003 6 11 21.1 24.4 28.8 -1 0 6.2 
2003 6 12 21.1 23.3 31.1 -1 3 8.0 
2003 6 13 20.0 22.2 31.1 -1 0 9.3 
2003 6 14 22.2 25.5 29.4 -1 18 5.8 
2003 6 15 18.8 23.3 30.0 -1 8 3.5 
2003 6 16 21.1 25.5 31.1 -1 0 3.5 
2003 6 17 22.2 25.0 31.1 -1 0 3.1 
2003 6 18 21.1 23.8 27.2 -1 3 3.1 
2003 6 19 21.1 25.0 30.0 -1 0 7.1 
2003 6 20 22.2 25.0 31.1 -1 10 4.0 
2003 6 21 17.2 23.3 30.0 -1 0 3.5 
2003 6 22 17.2 23.3 29.4 -1 0 3.5 
2003 6 23 17.7 23.8 30.5 -1 0 2.6 
2003 6 24 20.0 25.5 31.1 -1 0 3.1 
2003 6 25 18.8 26.1 31.1 -1 0 3.1 
2003 6 26 18.8 25.0 31.1 -1 185 3.1 
2003 6 27 20.0 24.4 28.8 -1 0 8.4 
2003 6 28 18.8 22.2 30.0 -1 23 4.0 
2003 6 29 21.1 22.7 28.3 -1 0 4.9 
2003 6 30 21.1 22.7 28.3 -1 15 4.9 
2003 7 1 21.1 22.2 26.1 -1 71 8.4 
2003 7 2 21.1 23.8 28.3 -1 43 6.7 
2003 7 3 21.1 25.0 31.1 -1 0 2.6 
2003 7 4 21.1 23.8 28.8 -1 0 4.9 
2003 7 5 21.1 23.3 28.8 -1 18 4.9 
2003 7 6 21.1 24.4 30.0 -1 3 4.0 
2003 7 7 21.1 26.1 31.1 -1 0 3.5 
2003 7 8 22.2 26.1 32.2 -1 0 4.9 
2003 7 9 22.2 26.6 32.2 -1 0 4.9 
2003 7 10 22.7 26.6 31.6 -1 0 5.8 
2003 7 11 22.2 25.0 32.2 -1 20 6.7 
2003 7 12 21.1 25.0 31.1 -1 0 5.3 
2003 7 13 21.1 25.5 31.1 -1 0 4.0 
2003 7 14 18.8 22.7 31.1 -1 30 5.3 
2003 7 15 21.1 25.0 31.1 -1 0 3.5 
2003 7 16 21.1 25.5 32.2 -1 43 3.5 
2003 7 17 23.8 26.6 31.6 -1 3 5.3 
2003 7 18 22.2 26.1 31.1 -1 0 3.5 
2003 7 19 22.2 25.0 31.1 -1 0 7.1 
2003 7 20 21.1 25.5 31.1 -1 3 4.0 
2003 7 21 22.2 26.1 31.1 -1 0 4.0 
2003 7 22 21.1 24.4 31.1 -1 175 8.0 
2003 7 23 21.1 22.7 31.1 -1 3 5.3 
2003 7 24 17.7 22.7 28.8 -1 10 5.8 
2003 7 25 21.1 23.8 28.8 -1 0 4.9 
2003 7 26 22.2 26.1 30.0 -1 0 3.5 
2003 7 27 21.1 25.0 31.1 -1 0 4.0 
2003 7 28 22.7 25.5 30.5 -1 3 3.5 
2003 7 29 22.2 24.4 31.1 -1 0 6.7 
2003 7 30 21.1 23.8 32.2 -1 3 6.7 
2003 7 31 22.2 24.4 30.0 -1 0 7.1 
2003 8 1 22.2 25.5 30.0 -1 10 3.5 
2003 8 2 22.2 24.4 31.1 -1 0 3.5 
2003 8 3 21.1 24.4 28.8 -1 10 5.8 
2003 8 4 21.1 24.4 28.8 -1 5 5.3 
2003 8 5 21.1 24.4 28.8 -1 3 4.9 
2003 8 6 21.1 24.4 28.3 -1 38 4.0 
2003 8 7 22.2 24.4 29.4 -1 0 3.1 
2003 8 8 20.0 24.4 28.8 -1 0 3.5 
2003 8 9 21.1 25.5 31.1 -1 0 3.5 
2003 8 10 21.1 26.1 31.1 -1 0 5.3 
2003 8 11 20.0 25.0 31.1 -1 0 3.5 
2003 8 12 21.1 23.3 30.0 -1 0 3.5 
2003 8 13 22.2 25.0 31.1 -1 3 4.0 
2003 8 14 22.2 26.1 32.2 -1 0 5.3 
2003 8 15 22.7 26.6 31.6 -1 0 5.8 
2003 8 16 22.7 25.5 31.6 -1 0 4.0 
2003 8 17 22.2 25.5 31.1 -1 0 3.5 
2003 8 18 22.7 25.5 30.5 -1 0 3.1 
2003 8 19 22.7 25.0 30.5 -1 0 5.3 
2003 8 20 22.7 25.5 31.6 -1 163 3.1 
2003 8 21 21.1 24.4 31.1 -1 0 3.5 
2003 8 22 21.1 24.4 30.0 -1 0 2.6 
2003 8 23 21.1 25.0 31.1 -1 5 5.3 
2003 8 24 22.7 26.6 31.6 -1 23 2.2 
2003 8 25 22.7 26.6 31.6 -1 0 4.0 
2003 8 26 22.7 26.6 31.6 -1 5 2.6 
2003 8 27 22.7 26.6 31.6 -1 0 3.1 
2003 8 28 22.2 26.6 32.2 -1 3 4.0 
2003 8 29 22.2 25.5 32.2 -1 0 4.9 
2003 8 30 22.2 25.5 32.2 -1 0 3.5 
2003 8 31 22.7 26.1 31.6 -1 0 4.0 
2003 9 1 22.7 26.1 31.6 -1 0 3.5 
2003 9 2 22.2 25.5 31.1 -1 0 4.0 
2003 9 3 22.2 26.1 32.2 -1 0 3.5 
2003 9 4 22.2 25.5 32.2 -1 0 4.0 
2003 9 5 20.0 23.8 30.0 -1 0 4.0 
2003 9 6 22.2 23.3 29.4 -1 0 6.7 
2003 9 7 16.1 20.0 23.8 -1 10 4.9 
2003 9 8 17.7 22.2 27.7 -1 0 3.5 
2003 9 9 17.7 22.7 27.7 -1 0 2.2 
2003 9 10 17.7 22.2 28.8 -1 0 3.5 
2003 9 11 17.7 21.6 26.6 -1 0 4.0 
2003 9 12 16.1 21.6 27.2 -1 0 3.5 
2003 9 13 18.8 22.7 28.8 -1 0 3.1 
2003 9 14 20.0 23.3 28.8 -1 0 6.7 
2003 9 15 17.7 22.2 28.8 -1 23 5.3 
2003 9 16 13.8 21.1 28.8 -1 0 3.5 
2003 9 17 20.0 23.8 28.8 -1 0 6.2 
2003 9 18 16.1 21.6 28.3 -1 0 4.9 
2003 9 19 16.1 22.7 30.0 -1 0 4.0 
2003 9 20 17.7 23.8 30.5 -1 0 3.1 
2003 9 21 21.1 24.4 31.1 -1 0 5.3 
2003 9 22 22.2 23.3 29.4 -1 10 5.8 
2003 9 23 17.2 21.6 28.3 -1 33 5.3 
2003 9 24 17.2 21.6 28.3 -1 0 3.5 
2003 9 25 18.8 22.7 27.7 -1 0 3.5 
2003 9 26 17.7 23.3 28.8 -1 0 3.1 
2003 9 27 18.8 23.3 28.8 -1 0 3.5 
2003 9 28 16.1 21.1 28.3 -1 0 6.2 
2003 9 29 8.8 15.0 23.8 -1 0 5.3 
2003 9 30 7.7 15.0 21.6 -1 0 4.0 
2003 10 1 11.1 16.6 23.8 -1 0 4.9 
2003 10 2 7.7 14.4 23.8 -1 0 6.2 
2003 10 3 7.7 14.4 20.5 -1 0 5.3 
2003 10 4 12.7 17.7 25.5 -1 0 3.5 
2003 10 5 15.0 20.0 27.2 -1 0 3.5 
2003 10 6 17.2 20.5 27.2 -1 0 3.1 
2003 10 7 17.7 19.4 25.0 -1 0 3.5 
2003 10 8 17.7 20.0 23.8 -1 3 4.0 
2003 10 9 16.1 19.4 23.3 -1 10 3.5 
2003 10 10 17.7 18.8 22.7 -1 0 4.0 
2003 10 11 17.2 18.3 22.2 -1 10 4.9 
2003 10 12 16.1 19.4 23.8 -1 0 4.0 
2003 10 13 15.0 18.8 23.8 -1 0 2.6 
2003 10 14 18.8 21.1 26.1 -1 0 6.7 
2003 10 15 7.7 15.0 25.5 -1 0 8.4 
2003 10 16 7.7 15.0 22.7 -1 0 3.1 
2003 10 17 10.0 15.0 22.7 -1 0 3.5 
2003 10 18 10.0 15.0 22.2 -1 0 4.0 
2003 10 19 8.8 16.1 25.0 -1 0 3.5 
2003 10 20 10.0 17.7 27.2 -1 0 2.2 
2003 10 21 12.2 20.0 28.3 -1 0 5.8 
2003 10 22 12.7 20.5 27.7 -1 0 5.3 
2003 10 23 8.8 18.3 27.7 -1 0 6.2 
2003 10 24 12.2 20.0 27.2 -1 0 3.5 
2003 10 25 13.8 18.3 26.6 -1 0 4.9 
2003 10 26 17.7 19.4 25.0 -1 0 3.5 
2003 10 27 13.8 16.6 18.8 -1 0 5.8 
2003 10 28 8.8 12.7 16.1 -1 0 3.5 
2003 10 29 7.7 13.8 23.8 -1 0 4.0 
2003 10 30 8.8 17.2 26.1 -1 0 3.5 
2003 10 31 12.7 18.8 25.5 -1 0 3.5 
2003 11 1 12.7 19.4 26.6 -1 0 3.5 
2003 11 2 12.2 19.4 28.3 -1 0 3.1 
2003 11 3 11.1 20.0 28.3 -1 0 4.9 
2003 11 4 20.0 22.7 27.7 -1 0 3.5 
2003 11 5 21.1 22.7 28.3 -1 0 3.5 
2003 11 6 21.1 22.2 27.2 -1 3 3.5 
2003 11 7 16.1 20.5 26.1 -1 0 4.9 
2003 11 8 11.1 15.0 26.1 -1 0 4.9 
2003 11 9 12.2 15.0 21.1 -1 0 5.3 
2003 11 10 7.2 12.7 19.4 -1 0 5.8 
2003 11 11 8.8 15.0 22.7 -1 0 3.1 
2003 11 12 13.8 18.8 26.1 -1 0 6.2 
2003 11 13 10.0 16.6 21.1 -1 0 8.9 
2003 11 14 2.2 8.3 16.1 -1 0 4.0 
2003 11 15 2.7 10.5 21.6 -1 0 3.5 
2003 11 16 12.7 17.2 23.8 -1 0 3.5 
2003 11 17 16.1 19.4 23.8 -1 0 3.5 
2003 11 18 17.2 19.4 25.0 -1 0 6.2 
2003 11 19 12.7 16.1 22.7 -1 66 6.7 
2003 11 20 6.1 12.2 22.2 -1 0 5.3 
2003 11 21 7.7 14.4 22.7 -1 0 2.6 
2003 11 22 7.2 15.0 23.3 -1 0 3.5 
2003 11 23 7.7 15.5 22.7 -1 0 3.5 
2003 11 24 6.1 13.3 23.3 -1 10 6.7 
2003 11 25 -2.2 4.4 13.8 -1 3 5.8 
2003 11 26 1.1 7.7 16.1 -1 0 3.5 
2003 11 27 11.1 14.4 18.8 -1 0 3.5 
2003 11 28 7.2 13.3 17.2 -1 38 9.3 
2003 11 29 -1.1 3.3 11.1 -1 3 6.2 
2003 11 30 -1.1 5.0 13.8 -1 0 3.5 
2003 12 1 2.7 9.4 18.8 -1 0 5.3 
2003 12 2 2.7 9.4 18.8 -1 0 6.2 
2003 12 3 3.8 9.4 16.6 -1 0 5.8 
2003 12 4 6.1 6.6 13.3 -1 8 6.7 
2003 12 5 3.8 6.1 8.8 -1 0 7.1 
2003 12 6 1.1 3.8 8.8 -1 0 6.7 
2003 12 7 -1.1 3.8 11.6 -1 0 5.8 
2003 12 8 -1.1 6.1 13.8 -1 0 3.5 
2003 12 9 7.7 11.1 16.6 -1 0 3.5 
2003 12 10 3.8 11.1 16.1 -1 20 8.0 
2003 12 11 2.2 4.4 8.3 -1 8 6.7 
2003 12 12 1.1 5.0 12.2 -1 0 4.0 
2003 12 13 3.8 5.5 11.6 -1 0 5.8 
2003 12 14 5.0 6.1 7.7 -1 3 6.2 
2003 12 15 0.0 4.4 12.7 -1 0 5.3 
2003 12 16 2.7 8.8 17.7 -1 0 4.9 
2003 12 17 2.2 6.6 18.3 -1 8 8.0 
2003 12 18 -1.1 4.4 12.7 -1 0 8.0 
2003 12 19 1.1 6.6 13.3 -1 0 8.4 
2003 12 20 -2.2 2.7 10.5 -1 0 5.8 
2003 12 21 -2.7 3.3 11.1 -1 0 3.1 
2003 12 22 1.1 7.7 16.1 -1 0 3.5 
2003 12 23 7.2 12.2 19.4 -1 0 6.2 
2003 12 24 5.0 9.4 18.8 -1 20 6.2 
2003 12 25 -2.7 1.6 9.4 -1 0 3.5 
2003 12 26 1.1 6.1 15.0 -1 0 3.5 
2003 12 27 2.2 8.8 18.3 -1 0 3.5 
2003 12 28 2.7 10.5 17.7 -1 0 4.9 
2003 12 29 8.8 12.2 18.8 -1 0 6.2 
2003 12 30 2.7 9.4 18.8 -1 8 8.4 
2003 12 31 -1.1 7.2 16.1 -1 0 3.5 
