2003 1 1 0.0 7.2 13.8 -1 3 6.7 
2003 1 2 2.7 4.4 8.3 -1 41 5.3 
2003 1 3 1.6 2.7 5.0 -1 3 6.2 
2003 1 4 0.5 1.6 4.4 -1 8 6.7 
2003 1 5 -4.4 -1.6 2.7 79 5 3.5 
2003 1 6 -5.0 0.0 2.2 79 8 3.5 
2003 1 7 -5.5 -1.6 2.2 30 0 6.7 
2003 1 8 -5.5 4.4 9.4 30 0 7.1 
2003 1 9 -2.2 6.6 13.8 -1 0 7.1 
2003 1 10 -1.6 5.5 15.0 -1 0 6.7 
2003 1 11 -5.0 -0.5 8.8 -1 0 9.8 
2003 1 12 -6.1 -3.3 1.1 -1 0 7.1 
2003 1 14 -8.3 -1.6 6.1 -1 0 5.8 
2003 1 15 -7.2 -3.3 -1.1 -1 0 7.1 
2003 1 16 -8.8 -5.5 -1.6 -1 0 4.9 
2003 1 17 -10.0 -4.4 -1.1 30 3 6.7 
2003 1 18 -15.0 -8.3 -1.1 -1 0 6.2 
2003 1 19 -15.0 -6.1 -0.5 -1 0 8.0 
2003 1 20 -11.6 -0.5 3.8 -1 0 10.2 
2003 1 21 -6.1 -4.4 3.8 -1 0 4.0 
2003 1 22 -12.2 -7.7 -2.2 -1 0 7.1 
2003 1 23 -12.2 -8.3 -3.8 -1 0 9.8 
2003 1 24 -11.6 -6.6 1.1 -1 0 8.4 
2003 1 25 -8.8 -4.4 2.2 -1 0 4.9 
2003 1 26 -10.0 -2.7 3.8 -1 0 4.0 
2003 1 27 -11.1 -6.1 -0.5 -1 0 6.7 
2003 1 28 -12.2 -6.6 0.5 -1 0 3.5 
2003 1 29 -2.2 -1.1 0.5 -1 0 3.1 
2003 1 30 -3.8 -0.5 1.1 -1 3 4.0 
2003 1 31 -4.4 1.1 2.2 -1 -1 3.5 
2003 2 1 0.0 2.2 3.3 -1 3 4.9 
2003 2 2 2.2 4.4 7.2 -1 0 6.2 
2003 2 3 -3.3 2.7 8.8 -1 0 3.5 
2003 2 4 -3.3 5.0 10.0 -1 8 12.5 
2003 2 5 -2.2 1.1 10.0 -1 0 9.3 
2003 2 6 -6.1 -2.7 2.2 -1 0 3.5 
2003 2 7 -6.1 0.0 2.7 99 8 3.5 
2003 2 8 -10.5 -3.3 2.7 79 0 6.7 
2003 2 9 -12.7 -4.4 4.4 51 0 6.2 
2003 2 10 -2.2 -0.5 1.6 51 3 4.0 
2003 2 11 -4.4 -1.1 2.2 51 0 8.4 
2003 2 12 -7.2 -1.6 2.7 51 0 9.3 
2003 2 13 -7.2 -2.7 2.7 51 0 9.8 
2003 2 14 -9.4 -2.7 4.4 30 0 2.6 
2003 2 15 -9.4 -1.1 4.4 30 5 6.7 
2003 2 16 -10.5 -6.1 1.1 249 3 6.7 
2003 2 17 -10.0 -4.4 -2.2 460 23 7.1 
2003 2 18 -4.4 -2.2 2.7 409 0 6.2 
2003 2 19 -9.4 -2.2 5.0 330 0 3.1 
2003 2 20 -1.1 2.7 6.6 279 0 4.0 
2003 2 21 -5.5 0.0 7.7 231 5 2.2 
2003 2 22 -5.5 2.7 5.5 130 61 4.0 
2003 2 23 1.1 2.2 3.8 79 5 12.9 
2003 2 24 -3.8 0.5 7.2 79 3 9.8 
2003 2 25 -3.8 0.5 7.7 51 0 5.8 
2003 2 26 -7.7 -4.4 3.3 99 0 4.9 
2003 2 27 -7.7 -2.7 -0.5 99 3 5.3 
2003 2 28 -4.4 -0.5 2.2 130 5 3.5 
2003 3 2 1.1 4.4 8.8 51 10 5.8 
2003 3 3 -7.7 -1.6 7.2 51 3 8.9 
2003 3 4 -8.3 -3.3 5.0 51 0 3.5 
2003 3 5 1.1 6.1 15.0 30 0 3.1 
2003 3 6 -1.1 4.4 10.0 30 5 5.8 
2003 3 7 -5.0 -2.2 7.2 -1 0 4.0 
2003 3 8 -5.5 1.1 11.6 -1 0 3.5 
2003 3 9 3.8 8.8 11.6 -1 0 8.4 
2003 3 10 -4.4 -1.1 3.8 -1 0 6.2 
2003 3 11 -7.2 -1.6 5.5 -1 0 4.0 
2003 3 12 -7.2 3.3 15.0 -1 0 3.5 
2003 3 13 -5.0 8.8 17.2 -1 0 3.5 
2003 3 14 -2.2 2.7 8.8 -1 3 6.7 
2003 3 15 -2.7 4.4 14.4 -1 0 5.8 
2003 3 16 -2.7 10.0 19.4 -1 0 3.1 
2003 3 17 12.7 13.8 16.1 -1 3 3.5 
2003 3 18 9.4 15.5 19.4 -1 0 3.5 
2003 3 19 3.8 6.6 8.8 -1 0 7.1 
2003 3 20 2.7 4.4 12.7 -1 43 6.7 
2003 3 21 2.7 9.4 12.7 -1 36 4.0 
2003 3 22 5.5 12.2 18.8 -1 0 5.8 
2003 3 23 3.8 12.2 18.8 -1 0 7.1 
2003 3 24 3.8 12.7 17.2 -1 0 3.5 
2003 3 25 2.7 11.1 18.8 -1 0 5.3 
2003 3 26 3.3 13.3 23.8 -1 8 6.7 
2003 3 27 1.6 9.4 23.8 -1 8 4.0 
2003 3 28 1.6 8.8 17.2 -1 3 5.3 
2003 3 29 11.1 15.0 21.1 -1 5 3.5 
2003 3 30 0.5 6.6 21.1 -1 8 6.2 
2003 3 31 -2.2 1.6 5.5 -1 10 8.4 
2003 4 1 -2.7 3.8 16.6 -1 0 6.7 
2003 4 2 3.8 13.8 26.6 -1 0 6.2 
2003 4 3 3.3 16.6 26.6 -1 0 5.8 
2003 4 4 7.2 8.8 17.2 -1 0 5.8 
2003 4 5 5.5 7.7 13.3 -1 0 6.2 
2003 4 6 3.3 8.3 13.3 -1 0 7.1 
2003 4 7 1.6 5.0 12.2 -1 5 8.4 
2003 4 8 1.6 2.2 8.3 -1 13 5.8 
2003 4 9 1.6 3.8 7.2 -1 5 4.9 
2003 4 10 2.2 6.6 11.6 -1 5 9.8 
2003 4 11 3.8 6.1 8.3 -1 8 10.2 
2003 4 12 4.4 12.7 21.1 -1 0 6.2 
2003 4 13 3.3 13.3 21.1 -1 0 5.3 
2003 4 14 2.2 12.2 21.1 -1 0 4.9 
2003 4 15 6.1 15.5 28.3 -1 0 4.9 
2003 4 16 16.1 22.2 28.3 -1 0 6.7 
2003 4 17 6.1 12.7 23.8 -1 0 10.2 
2003 4 18 3.8 5.0 7.2 -1 3 6.7 
2003 4 19 3.8 9.4 16.6 -1 0 4.9 
2003 4 20 2.2 11.1 18.3 -1 0 3.5 
2003 4 21 2.2 11.6 18.3 -1 0 4.9 
2003 4 22 5.0 14.4 20.5 -1 0 6.2 
2003 4 23 6.6 11.1 20.5 -1 0 9.3 
2003 4 24 0.0 11.1 18.3 -1 0 6.7 
2003 4 25 0.0 13.3 21.6 -1 3 5.3 
2003 4 26 7.7 13.8 21.6 -1 18 4.9 
2003 4 27 10.0 16.1 22.2 -1 3 4.9 
2003 4 28 5.0 15.5 26.1 -1 0 4.9 
2003 4 29 5.0 17.2 26.1 -1 0 7.1 
2003 4 30 10.0 17.2 23.8 -1 0 5.8 
2003 5 1 12.7 19.4 26.6 -1 3 6.2 
2003 5 2 13.8 21.1 27.2 -1 0 6.7 
2003 5 3 11.6 15.5 27.2 -1 0 4.9 
2003 5 4 9.4 13.3 17.2 -1 0 4.0 
2003 5 5 3.8 9.4 15.0 -1 3 4.9 
2003 5 6 8.8 11.6 16.1 -1 3 3.1 
2003 5 7 9.4 18.8 25.5 -1 3 5.3 
2003 5 8 11.1 19.4 25.5 -1 8 4.9 
2003 5 9 13.8 16.1 21.1 -1 13 4.9 
2003 5 10 14.4 17.7 22.2 -1 3 4.0 
2003 5 11 14.4 21.1 28.3 -1 5 8.0 
2003 5 12 12.7 18.8 28.3 -1 0 7.1 
2003 5 13 11.1 13.8 16.1 -1 0 8.0 
2003 5 14 6.1 15.0 22.2 -1 0 6.2 
2003 5 15 6.1 16.6 22.2 -1 0 8.0 
2003 5 16 9.4 13.8 22.2 -1 20 9.3 
2003 5 17 8.8 10.0 15.0 -1 30 6.2 
2003 5 18 8.8 10.5 12.7 -1 0 3.5 
2003 5 19 3.8 12.7 21.1 -1 0 5.3 
2003 5 20 3.8 15.0 23.3 -1 0 3.5 
2003 5 21 12.7 15.0 19.4 -1 28 4.0 
2003 5 22 12.2 13.8 16.1 -1 10 4.0 
2003 5 23 11.6 12.7 15.5 -1 5 4.0 
2003 5 24 11.6 14.4 17.2 -1 8 4.0 
2003 5 25 12.7 15.5 17.7 -1 5 3.5 
2003 5 26 12.7 15.5 20.0 -1 38 4.9 
2003 5 27 12.7 15.0 20.5 -1 3 2.2 
2003 5 28 10.5 15.0 19.4 -1 0 4.9 
2003 5 29 10.0 15.0 20.5 -1 3 3.5 
2003 5 30 10.0 18.3 26.1 -1 0 4.0 
2003 5 31 10.5 18.8 26.1 -1 8 6.7 
2003 6 1 13.8 16.1 22.7 -1 8 8.4 
2003 6 2 7.2 16.1 22.2 -1 0 4.0 
2003 6 3 7.2 15.0 21.6 -1 5 3.5 
2003 6 4 10.5 12.7 17.7 -1 13 4.9 
2003 6 5 12.2 17.7 23.3 -1 8 7.1 
2003 6 6 13.8 18.8 23.8 -1 0 3.5 
2003 6 7 12.7 18.3 23.8 -1 0 4.0 
2003 6 8 15.0 17.7 22.2 -1 41 3.5 
2003 6 9 15.5 20.5 26.6 -1 3 5.3 
2003 6 10 13.8 21.6 27.2 -1 0 4.0 
2003 6 11 13.8 23.3 28.8 -1 0 3.1 
2003 6 12 17.7 23.8 30.0 -1 10 3.5 
2003 6 13 20.0 23.8 30.0 -1 5 3.5 
2003 6 14 20.0 24.4 31.1 -1 3 3.5 
2003 6 15 20.0 22.7 31.1 -1 10 3.5 
2003 6 16 17.7 20.5 25.5 -1 0 6.2 
2003 6 17 13.8 16.6 17.7 -1 3 5.3 
2003 6 18 14.4 18.3 25.0 -1 18 3.5 
2003 6 19 15.0 21.6 26.1 -1 20 4.9 
2003 6 20 17.2 19.4 24.4 -1 5 5.8 
2003 6 21 12.2 17.2 22.7 -1 23 5.8 
2003 6 22 12.2 18.3 25.0 -1 20 4.9 
2003 6 23 15.0 22.7 32.2 -1 0 5.3 
2003 6 24 15.0 25.5 32.7 -1 0 4.0 
2003 6 25 17.2 26.6 33.3 -1 0 3.5 
2003 6 26 22.2 27.7 34.4 -1 0 3.5 
2003 6 27 20.5 26.6 33.8 -1 0 5.3 
2003 6 28 17.7 22.7 31.6 -1 0 3.5 
2003 6 29 17.7 24.4 30.5 -1 0 3.5 
2003 6 30 19.4 26.6 32.7 -1 0 3.5 
2003 7 1 17.7 23.8 32.7 -1 0 3.5 
2003 7 2 17.7 22.2 29.4 -1 10 3.5 
2003 7 3 18.3 21.1 25.0 -1 33 6.2 
2003 7 4 19.4 25.5 32.2 -1 13 6.2 
2003 7 5 20.0 27.7 33.3 -1 0 4.9 
2003 7 6 21.1 28.3 33.3 -1 0 5.8 
2003 7 7 16.1 25.0 32.2 -1 13 9.3 
2003 7 8 20.5 25.5 31.6 -1 3 6.7 
2003 7 9 21.6 26.6 32.2 -1 0 5.8 
2003 7 10 20.5 22.2 23.8 -1 8 5.8 
2003 7 11 20.5 23.8 30.0 -1 8 5.3 
2003 7 12 16.1 23.3 30.0 -1 0 5.8 
2003 7 13 16.1 21.6 29.4 -1 8 4.0 
2003 7 14 16.6 22.7 28.3 -1 0 5.8 
2003 7 15 16.6 22.7 28.3 -1 0 3.5 
2003 7 16 16.6 25.5 31.1 -1 0 5.8 
2003 7 17 17.2 24.4 31.1 -1 0 4.0 
2003 7 18 16.6 23.3 30.0 -1 3 3.5 
2003 7 19 16.6 23.3 30.0 -1 3 3.5 
2003 7 20 15.0 22.7 29.4 -1 0 4.9 
2003 7 21 15.0 26.1 32.7 -1 0 5.8 
2003 7 22 21.1 27.2 32.7 -1 0 4.0 
2003 7 23 20.5 23.3 31.1 -1 43 3.5 
2003 7 24 20.0 23.8 27.2 -1 0 4.9 
2003 7 25 16.1 23.3 30.0 -1 0 3.5 
2003 7 26 16.1 25.0 31.1 -1 0 4.9 
2003 7 27 18.3 26.6 31.6 -1 0 4.0 
2003 7 28 22.2 25.5 28.8 -1 3 8.0 
2003 7 29 20.0 23.3 27.7 -1 8 3.1 
2003 7 30 17.2 21.6 24.4 -1 0 4.9 
2003 7 31 20.5 22.7 27.2 -1 0 3.5 
2003 8 1 20.5 24.4 26.6 -1 3 4.0 
2003 8 2 22.7 25.0 29.4 -1 3 4.9 
2003 8 3 22.7 25.0 30.0 -1 20 6.7 
2003 8 4 22.7 24.4 30.0 -1 25 4.0 
2003 8 5 22.7 25.0 28.3 -1 0 3.1 
2003 8 6 17.7 23.3 27.7 -1 3 3.5 
2003 8 7 18.3 23.8 28.3 -1 0 4.0 
2003 8 8 20.0 24.4 28.8 -1 0 3.5 
2003 8 9 21.1 24.4 28.8 -1 8 3.5 
2003 8 10 21.1 24.4 28.3 -1 3 3.5 
2003 8 11 21.1 24.4 28.3 -1 15 6.7 
2003 8 12 20.0 24.4 29.4 -1 15 3.5 
2003 8 13 20.0 25.5 30.0 -1 3 3.1 
2003 8 14 21.1 26.1 32.2 -1 3 3.1 
2003 8 15 21.1 27.2 32.7 -1 0 3.1 
2003 8 16 21.1 25.0 32.7 -1 0 4.9 
2003 8 17 19.4 23.8 31.1 -1 18 6.7 
2003 8 18 19.4 24.4 29.4 -1 0 4.0 
2003 8 19 17.7 23.3 28.8 -1 0 3.5 
2003 8 20 17.7 23.8 29.4 -1 0 3.5 
2003 8 21 18.8 25.5 32.2 -1 0 3.1 
2003 8 22 20.5 27.7 33.3 -1 15 9.8 
2003 8 23 21.1 24.4 28.3 -1 18 4.0 
2003 8 24 11.6 20.0 28.3 -1 0 4.0 
2003 8 25 11.6 21.6 30.0 -1 0 5.3 
2003 8 26 14.4 24.4 30.0 -1 8 3.5 
2003 8 27 18.8 23.8 28.8 -1 15 9.8 
2003 8 28 17.7 23.8 29.4 -1 8 4.9 
2003 8 29 17.7 25.5 31.6 -1 8 7.1 
2003 8 30 21.1 25.5 32.7 -1 10 4.9 
2003 8 31 17.7 21.6 24.4 -1 3 4.0 
2003 9 1 18.3 23.8 29.4 -1 0 3.1 
2003 9 2 20.5 23.8 29.4 -1 5 5.3 
2003 9 3 20.0 22.2 27.7 -1 5 4.9 
2003 9 4 20.0 22.7 25.0 -1 8 3.1 
2003 9 5 16.1 20.5 24.4 -1 5 4.9 
2003 9 6 11.6 18.3 25.0 -1 0 3.5 
2003 9 7 11.6 18.8 26.6 -1 0 3.1 
2003 9 8 12.7 20.5 26.6 -1 0 3.5 
2003 9 9 13.8 21.1 26.6 -1 0 6.7 
2003 9 10 12.7 18.3 22.7 -1 0 6.2 
2003 9 11 11.6 18.8 26.1 -1 0 6.2 
2003 9 12 11.6 18.3 26.1 -1 10 6.7 
2003 9 13 15.5 20.5 26.1 -1 30 6.7 
2003 9 14 18.3 22.7 26.1 -1 3 3.5 
2003 9 15 17.7 21.1 26.1 -1 0 5.8 
2003 9 16 13.8 20.0 25.5 -1 3 4.9 
2003 9 17 11.6 18.3 25.5 -1 0 6.7 
2003 9 18 11.6 18.8 25.0 -1 33 15.1 
2003 9 19 17.7 22.2 25.0 -1 56 16.0 
2003 9 20 16.1 21.1 28.3 -1 0 2.2 
2003 9 21 15.0 20.5 27.7 -1 0 4.0 
2003 9 22 17.7 21.1 25.0 -1 0 5.3 
2003 9 23 17.2 21.6 24.4 -1 61 6.7 
2003 9 24 10.0 17.2 24.4 -1 0 3.1 
2003 9 25 15.0 19.4 27.2 -1 0 5.3 
2003 9 26 15.0 21.1 26.6 -1 0 4.9 
2003 9 27 17.2 21.6 27.2 -1 0 4.9 
2003 9 28 15.0 20.0 27.2 -1 15 6.7 
2003 9 29 10.0 14.4 22.2 -1 0 6.7 
2003 9 30 6.1 11.6 19.4 -1 0 4.0 
2003 10 1 6.1 12.7 19.4 -1 0 2.2 
2003 10 2 6.6 11.1 16.1 -1 0 5.3 
2003 10 3 2.7 9.4 16.6 -1 0 3.5 
2003 10 4 3.3 11.6 20.5 -1 0 3.5 
2003 10 5 7.2 12.7 18.3 -1 0 4.0 
2003 10 6 7.2 13.8 20.0 -1 0 2.6 
2003 10 7 8.3 15.0 21.1 -1 0 2.6 
2003 10 8 10.0 16.1 24.4 -1 0 2.6 
2003 10 9 10.0 17.7 25.0 -1 0 1.7 
2003 10 10 10.5 16.1 25.0 -1 0 5.8 
2003 10 11 15.5 18.3 23.8 -1 0 5.3 
2003 10 12 10.0 18.3 25.5 -1 0 3.5 
2003 10 13 10.0 17.2 25.5 -1 0 3.5 
2003 10 14 8.3 13.8 22.7 -1 0 5.3 
2003 10 15 8.3 15.0 18.8 -1 38 11.1 
2003 10 16 6.6 12.7 20.5 -1 0 6.2 
2003 10 17 6.6 12.2 20.5 -1 0 3.5 
2003 10 18 6.1 10.5 15.5 -1 0 3.5 
2003 10 19 4.4 11.6 18.8 -1 0 6.7 
2003 10 20 4.4 11.6 18.8 -1 0 3.5 
2003 10 21 4.4 16.1 22.7 -1 0 5.8 
2003 10 22 7.2 12.7 22.7 -1 0 6.7 
2003 10 23 1.1 6.1 15.5 -1 0 6.2 
2003 10 24 -1.6 5.5 13.8 -1 0 4.9 
2003 10 25 -1.6 8.3 17.7 -1 0 4.9 
2003 10 26 13.8 17.7 21.6 -1 0 6.2 
2003 10 27 10.5 16.1 22.2 -1 51 6.2 
2003 10 28 2.7 8.3 17.7 -1 30 3.5 
2003 10 29 2.7 10.0 13.3 -1 25 5.8 
2003 10 30 2.2 9.4 19.4 -1 3 3.1 
2003 10 31 2.2 12.2 22.7 -1 0 2.6 
2003 11 1 3.8 16.1 27.2 -1 0 2.6 
2003 11 2 7.7 18.3 27.2 -1 0 2.6 
2003 11 3 12.2 18.8 27.2 -1 0 3.5 
2003 11 4 10.5 17.2 26.6 -1 0 3.5 
2003 11 5 9.4 20.5 26.6 -1 0 6.7 
2003 11 6 16.1 18.3 20.0 -1 25 4.0 
2003 11 7 8.3 15.0 19.4 -1 13 4.0 
2003 11 8 2.7 8.3 16.1 -1 0 5.8 
2003 11 9 -1.1 2.7 10.5 -1 0 4.9 
2003 11 10 -4.4 1.6 10.5 -1 0 3.5 
2003 11 11 1.1 7.2 13.8 -1 0 5.8 
2003 11 12 11.1 12.2 13.3 -1 15 3.5 
2003 11 13 3.8 11.1 16.1 -1 5 15.6 
2003 11 14 1.6 5.0 16.6 -1 0 9.8 
2003 11 15 1.6 8.3 13.3 -1 0 5.8 
2003 11 16 4.4 8.3 13.3 -1 0 2.2 
2003 11 17 4.4 11.1 17.2 -1 0 3.5 
2003 11 18 2.7 7.7 17.2 -1 0 4.0 
2003 11 19 2.7 15.0 20.0 -1 30 8.0 
2003 11 20 7.7 11.6 20.0 -1 38 7.1 
2003 11 21 1.6 10.0 21.6 -1 0 6.2 
2003 11 22 1.6 10.5 21.6 -1 0 2.6 
2003 11 23 2.7 8.3 17.7 -1 0 3.5 
2003 11 24 2.7 12.2 20.0 -1 0 7.1 
2003 11 25 0.5 3.8 8.8 -1 5 8.4 
2003 11 26 -2.2 2.7 10.0 -1 0 3.1 
2003 11 27 1.6 6.6 12.7 -1 0 3.5 
2003 11 28 1.1 12.2 16.1 -1 0 8.4 
2003 11 29 1.6 5.0 16.1 -1 23 11.6 
2003 11 30 1.1 4.4 9.4 -1 0 6.2 
2003 12 1 1.1 8.8 17.7 -1 0 9.8 
2003 12 2 0.0 2.7 12.7 -1 0 11.1 
2003 12 3 -6.6 -0.5 5.5 -1 0 5.3 
2003 12 4 -6.6 -0.5 4.4 -1 0 3.1 
2003 12 5 -5.5 1.6 4.4 30 15 7.1 
2003 12 6 -2.2 -1.1 2.2 130 15 6.7 
2003 12 7 -5.0 -1.6 1.1 99 3 9.3 
2003 12 8 -7.2 -1.6 3.8 79 0 4.0 
2003 12 9 -7.2 0.0 5.0 51 0 3.5 
2003 12 10 -4.4 2.2 5.0 51 0 3.5 
2003 12 11 5.0 10.5 13.8 -1 33 12.9 
2003 12 12 0.0 2.7 5.0 -1 0 8.9 
2003 12 13 -3.8 -0.5 5.0 -1 0 4.0 
2003 12 14 -1.1 1.1 2.7 51 3 7.1 
2003 12 15 -1.1 2.7 5.0 -1 15 8.0 
2003 12 16 -3.8 2.2 12.7 -1 0 3.1 
2003 12 17 -3.8 6.6 12.7 -1 13 9.3 
2003 12 18 -2.2 0.0 1.6 -1 8 9.3 
2003 12 19 -3.8 -1.1 2.2 -1 0 4.9 
2003 12 20 -3.8 0.0 4.4 -1 0 7.1 
2003 12 21 -4.4 0.0 6.1 -1 0 6.2 
2003 12 22 -3.3 4.4 12.7 -1 0 3.1 
2003 12 23 5.0 11.1 17.2 -1 0 6.2 
2003 12 24 3.8 9.4 16.6 -1 10 9.8 
2003 12 25 -2.2 1.6 12.2 -1 8 7.1 
2003 12 26 -2.2 1.6 5.5 -1 0 8.4 
2003 12 27 0.0 4.4 12.2 -1 0 5.8 
2003 12 28 -4.4 2.2 11.6 -1 0 2.6 
2003 12 29 -4.4 2.7 15.0 -1 0 3.5 
2003 12 30 -4.4 6.6 15.0 -1 3 8.4 
2003 12 31 -3.8 2.7 12.7 -1 0 3.5 
