2003 1 1 -28.8 -25.0 -16.6 249 -1 5.3 
2003 1 2 -31.6 -28.3 -23.8 249 0 5.8 
2003 1 3 -36.1 -30.0 -23.8 249 0 3.5 
2003 1 4 -30.0 -26.1 -23.3 279 0 8.4 
2003 1 5 -27.2 -25.5 -23.3 279 0 6.7 
2003 1 6 -38.3 -32.2 -25.0 279 0 4.0 
2003 1 7 -41.6 -40.0 -36.6 279 0 4.9 
2003 1 8 -38.8 -37.2 -33.3 279 0 4.0 
2003 1 9 -36.6 -26.6 -20.5 249 0 11.1 
2003 1 10 -21.6 -20.0 -17.2 249 0 10.2 
2003 1 11 -20.5 -17.2 -13.3 249 0 6.7 
2003 1 12 -1.0 -15.5 -11.1 249 0 7.1 
2003 1 13 -1.0 -15.5 -11.6 249 0 6.2 
2003 1 14 -17.2 -13.3 -11.6 279 0 5.3 
2003 1 15 -25.5 -20.0 -12.7 279 0 6.7 
2003 1 16 -25.5 -20.0 -12.7 279 0 3.5 
2003 1 17 -21.1 -16.1 -12.7 249 -1 4.0 
2003 1 18 -21.6 -16.6 -13.8 249 0 9.8 
2003 1 19 -20.5 -17.7 -16.6 249 0 11.6 
2003 1 20 -19.4 -17.2 -16.1 249 0 12.0 
2003 1 21 -29.4 -17.2 -9.4 279 0 7.1 
2003 1 22 -1.0 -13.8 -11.1 279 0 5.3 
2003 1 23 -20.5 -18.8 -12.2 279 0 8.0 
2003 1 24 -27.7 -23.8 -17.2 279 0 6.7 
2003 1 25 -27.7 -25.5 -23.3 279 0 5.3 
2003 1 26 -27.7 -23.8 -21.1 279 0 8.0 
2003 1 27 -31.6 -25.0 -21.1 279 0 6.7 
2003 1 28 -31.6 -21.6 -16.6 279 0 6.2 
2003 1 29 -27.7 -25.0 -17.2 249 0 6.7 
2003 1 30 -27.7 -26.1 -23.3 249 0 6.7 
2003 1 31 -28.8 -27.2 -25.0 249 0 3.5 
2003 2 1 -28.8 -27.2 -25.5 249 0 3.5 
2003 2 2 -28.3 -26.6 -24.4 249 0 3.5 
2003 2 3 -27.7 -23.8 -22.2 249 0 3.1 
2003 2 4 -28.8 -27.2 -22.2 249 0 3.1 
2003 2 5 -30.5 -27.7 -25.5 249 -1 8.4 
2003 2 6 -28.3 -23.3 -20.0 279 0 14.7 
2003 2 7 -23.3 -17.2 -15.0 361 3 12.5 
2003 2 8 -26.1 -21.1 -15.0 300 0 3.5 
2003 2 9 -21.1 -18.8 -16.1 330 0 8.9 
2003 2 10 -21.6 -20.0 -16.6 300 0 9.8 
2003 2 11 -24.4 -22.7 -19.4 300 0 9.3 
2003 2 12 -26.6 -25.5 -21.1 300 0 5.8 
2003 2 13 -32.2 -27.7 -25.0 300 0 4.0 
2003 2 14 -35.5 -33.8 -31.1 300 0 3.1 
2003 2 15 -34.4 -32.7 -30.5 300 0 5.8 
2003 2 16 -32.2 -31.1 -30.0 300 0 5.3 
2003 2 17 -32.2 -30.0 -28.3 279 0 4.0 
2003 2 18 -31.1 -27.2 -24.4 279 0 3.5 
2003 2 19 -30.5 -28.3 -24.4 279 0 5.8 
2003 2 20 -32.7 -28.3 -26.1 279 0 8.0 
2003 2 21 -32.7 -23.8 -21.1 279 0 8.0 
2003 2 22 -27.2 -25.5 -23.8 279 0 6.7 
2003 2 23 -35.5 -30.0 -24.4 279 0 2.2 
2003 2 24 -35.5 -30.5 -27.7 279 0 3.5 
2003 2 25 -33.8 -27.2 -25.0 279 0 8.9 
2003 2 26 -26.6 -24.4 -21.6 279 0 9.3 
2003 2 27 -22.2 -21.6 -21.1 279 -1 10.2 
2003 2 28 -22.2 -20.5 -20.0 279 0 9.8 
2003 3 1 -24.4 -22.2 -20.5 -1 0 6.7 
2003 3 2 -21.6 -20.0 -17.7 300 -1 9.8 
2003 3 3 -22.2 -1.0 -15.0 300 0 9.8 
2003 3 4 -1.0 -15.5 -12.2 300 0 6.7 
2003 3 5 -1.0 -16.1 -11.1 300 -1 4.9 
2003 3 6 -21.6 -14.4 -7.2 330 0 6.2 
2003 3 7 -1.0 -13.3 -6.6 330 0 3.5 
2003 3 8 -18.8 -16.6 -11.6 300 0 3.5 
2003 3 9 -17.7 -13.8 -12.2 300 0 8.0 
2003 3 10 -17.7 -15.5 -10.5 300 0 8.9 
2003 3 11 -26.1 -22.2 -10.0 300 0 8.9 
2003 3 12 -27.7 -25.0 -21.1 300 0 6.7 
2003 3 13 -25.5 -24.4 -21.6 300 0 5.3 
2003 3 14 -26.1 -23.3 -21.1 300 0 5.3 
2003 3 15 -28.3 -25.0 -22.2 279 0 4.0 
2003 3 16 -32.7 -27.7 -22.7 279 0 5.3 
2003 3 17 -32.7 -26.6 -22.7 279 0 5.8 
2003 3 18 -28.8 -26.6 -25.0 279 0 4.9 
2003 3 19 -30.0 -27.7 -26.1 279 0 3.5 
2003 3 20 -30.0 -27.2 -25.0 279 0 4.0 
2003 3 21 -30.0 -27.2 -24.4 279 0 5.3 
2003 3 22 -30.0 -24.4 -22.2 279 0 3.5 
2003 3 23 -35.5 -28.3 -22.2 279 0 3.5 
2003 3 24 -32.2 -28.8 -25.0 279 0 2.2 
2003 3 25 -31.6 -27.7 -25.5 279 0 2.2 
2003 3 26 -32.2 -27.7 -25.5 279 0 3.1 
2003 3 27 -33.3 -30.0 -25.0 279 0 4.0 
2003 3 28 -33.3 -28.3 -23.3 279 0 8.0 
2003 3 29 -25.5 -23.3 -1.0 279 0 8.4 
2003 3 30 -21.6 -20.0 -16.6 279 0 6.7 
2003 3 31 -23.8 -20.0 -15.5 249 0 6.7 
2003 4 1 -26.6 -23.8 -17.7 249 0 6.7 
2003 4 2 -26.1 -19.4 -14.4 279 0 8.0 
2003 4 3 -22.2 -11.1 -6.1 279 0 6.7 
2003 4 4 -23.3 -18.8 -13.3 279 0 6.2 
2003 4 5 -23.3 -20.0 -16.6 279 0 3.5 
2003 4 6 -28.8 -23.3 -17.7 279 0 2.6 
2003 4 7 -30.5 -25.5 -1.0 279 0 6.7 
2003 4 8 -30.0 -23.3 -17.2 279 0 6.7 
2003 4 9 -28.3 -22.7 -15.0 279 0 3.5 
2003 4 10 -27.7 -20.0 -15.0 279 0 3.5 
2003 4 11 -27.7 -22.7 -15.0 279 0 6.7 
2003 4 12 -22.7 -20.0 -13.3 279 0 11.6 
2003 4 13 -14.4 -12.2 -7.2 279 0 13.4 
2003 4 14 -13.8 -8.3 -3.8 279 3 4.9 
2003 4 15 -13.8 -6.6 0.0 231 0 5.3 
2003 4 16 -11.1 -5.5 0.0 201 0 7.1 
2003 4 17 -11.1 -9.4 -8.8 201 -1 8.4 
2003 4 18 -12.2 -10.5 -8.3 231 0 6.7 
2003 4 19 -15.0 -12.7 -8.8 231 0 4.9 
2003 4 20 -12.7 -12.2 -10.5 249 -1 4.0 
2003 4 21 -12.7 -11.1 -10.0 249 -1 4.9 
2003 4 22 -12.7 -10.5 -9.4 249 -1 5.3 
2003 4 23 -13.3 -12.2 -10.5 279 -1 7.1 
2003 4 24 -12.2 -10.5 -9.4 279 0 8.9 
2003 4 25 -9.4 -7.2 -2.7 249 0 9.3 
2003 4 26 -7.7 -3.3 0.0 201 0 4.9 
2003 4 27 -7.7 -2.7 0.0 180 0 8.9 
2003 4 28 -4.4 -2.7 -0.5 180 0 3.5 
2003 4 29 -3.8 -2.2 -1.1 150 3 6.7 
2003 4 30 -3.8 -1.6 -1.1 130 0 6.2 
2003 5 1 -6.1 -5.0 -1.6 130 -1 6.7 
2003 5 2 -9.4 -7.2 -3.8 99 0 8.9 
2003 5 3 -12.7 -9.4 -3.8 99 0 8.0 
2003 5 4 -13.8 -8.8 -6.6 99 -1 9.8 
2003 5 5 -13.8 -7.7 -5.0 99 0 11.1 
2003 5 6 -7.2 -6.1 -4.4 99 0 8.0 
2003 5 7 -8.8 -6.1 -3.8 99 0 5.3 
2003 5 8 -17.2 -10.0 -4.4 79 0 5.3 
2003 5 9 -16.6 -8.3 -5.0 51 0 8.0 
2003 5 10 -11.1 -8.8 -7.2 51 0 9.3 
2003 5 11 -12.2 -10.0 -8.3 51 0 8.9 
2003 5 12 -12.2 -11.1 -9.4 79 0 4.0 
2003 5 13 -11.1 -10.0 -8.8 79 0 2.6 
2003 5 14 -10.5 -8.8 -7.7 79 0 5.8 
2003 5 15 -10.5 -6.6 -3.8 51 -1 5.8 
2003 5 16 -8.3 -6.6 -2.2 51 -1 9.3 
2003 5 17 -12.2 -5.0 1.1 -1 -1 6.7 
2003 5 18 -1.1 0.0 1.1 -1 -1 7.1 
2003 5 19 -1.6 0.5 1.1 30 0 7.1 
2003 5 20 -1.1 0.0 1.1 30 3 10.2 
2003 5 21 -2.2 -1.1 0.5 30 0 8.0 
2003 5 22 -3.8 -1.6 -1.1 -1 -1 6.7 
2003 5 23 -7.7 -4.4 -1.6 -1 0 6.7 
2003 5 24 -7.7 -6.6 -3.3 -1 0 6.2 
2003 5 25 -7.2 -6.6 -4.4 -1 -1 8.4 
2003 5 26 -7.2 -6.1 -4.4 -1 0 9.3 
2003 5 27 -7.2 -2.7 2.2 -1 0 9.3 
2003 5 28 -5.0 -2.7 2.2 -1 0 9.8 
2003 5 29 -4.4 -1.6 0.0 -1 0 6.7 
2003 5 30 -3.3 -1.6 0.0 -1 0 4.9 
2003 5 31 -3.3 -1.6 0.0 -1 0 8.4 
2003 6 1 -3.3 -1.1 0.0 -1 0 6.2 
2003 6 2 -2.7 -1.6 0.0 -1 -1 3.5 
2003 6 3 -2.2 -1.1 0.5 -1 0 4.0 
2003 6 4 -2.2 1.6 2.7 -1 0 4.0 
2003 6 5 0.5 2.7 6.1 -1 0 6.7 
2003 6 6 0.0 2.7 6.1 -1 0 5.8 
2003 6 7 0.0 2.2 6.1 -1 0 4.9 
2003 6 8 -2.2 0.0 5.5 -1 0 4.9 
2003 6 9 -1.6 0.5 3.3 -1 0 4.9 
2003 6 10 -1.6 0.5 2.7 -1 0 9.3 
2003 6 11 -2.7 -1.1 1.1 -1 0 9.8 
2003 6 12 -3.8 -2.2 0.5 -1 -1 9.3 
2003 6 13 -3.8 -2.2 0.0 -1 0 8.9 
2003 6 14 -3.8 -2.2 0.0 -1 0 8.4 
2003 6 15 -3.8 -1.6 1.1 -1 0 8.4 
2003 6 16 -2.7 -0.5 1.6 -1 0 8.0 
2003 6 17 -1.1 0.5 3.8 -1 0 7.1 
2003 6 18 -3.3 -0.5 3.8 -1 0 6.7 
2003 6 19 -2.2 -0.5 2.7 -1 0 7.1 
2003 6 20 -1.1 1.6 6.1 -1 0 6.7 
2003 6 21 -1.1 3.8 6.1 -1 0 6.2 
2003 6 22 0.0 2.7 6.1 -1 0 5.3 
2003 6 23 0.0 3.3 6.1 -1 0 5.3 
2003 6 24 -1.1 3.8 8.3 -1 0 6.7 
2003 6 25 -1.1 2.2 8.3 -1 0 7.1 
2003 6 26 -1.1 1.6 3.8 -1 0 5.3 
2003 6 27 1.1 3.3 7.2 -1 0 4.0 
2003 6 28 1.1 3.8 7.2 -1 0 6.2 
2003 6 29 0.0 4.4 8.3 -1 0 6.7 
2003 6 30 0.0 7.7 11.1 -1 3 6.2 
2003 7 1 3.8 7.7 11.1 -1 3 9.3 
2003 7 2 3.8 5.5 12.7 -1 5 8.9 
2003 7 3 0.5 3.3 6.1 -1 0 5.3 
2003 7 4 1.1 4.4 11.1 -1 0 4.9 
2003 7 5 1.1 7.2 11.1 -1 3 5.8 
2003 7 6 1.1 5.5 10.0 -1 3 8.0 
2003 7 7 1.1 2.7 9.4 -1 0 6.7 
2003 7 8 1.6 4.4 10.0 -1 0 10.2 
2003 7 9 2.2 4.4 10.0 -1 0 4.0 
2003 7 10 6.1 10.5 17.2 -1 0 5.8 
2003 7 11 5.5 8.3 17.2 -1 0 3.5 
2003 7 12 0.5 7.2 12.7 -1 5 9.8 
2003 7 13 0.5 2.7 11.1 -1 0 8.0 
2003 7 14 1.1 3.3 8.3 -1 0 8.0 
2003 7 15 -2.2 0.0 2.7 -1 0 5.8 
2003 7 16 -1.6 1.1 3.8 -1 0 7.5 
2003 7 17 -1.1 2.2 6.6 -1 0 5.8 
2003 7 18 0.0 4.4 7.2 -1 0 12.0 
2003 7 19 2.2 8.3 14.4 -1 0 10.2 
2003 7 20 2.7 11.1 15.5 -1 0 9.8 
2003 7 21 5.5 11.6 15.5 -1 0 7.1 
2003 7 22 1.6 4.4 13.8 -1 3 5.3 
2003 7 23 1.6 8.3 12.2 -1 5 9.3 
2003 7 24 -1.1 1.1 12.2 -1 0 7.1 
2003 7 25 -1.1 2.2 5.0 -1 0 9.8 
2003 7 26 -0.5 1.1 3.8 -1 0 9.3 
2003 7 27 -1.1 0.5 1.6 -1 0 10.2 
2003 7 28 -1.1 1.1 6.1 -1 -1 10.2 
2003 7 29 -0.5 6.1 10.0 -1 0 15.6 
2003 7 30 -1.1 0.5 10.0 -1 0 12.9 
2003 7 31 -1.1 1.1 4.4 -1 0 6.2 
2003 8 1 -1.1 2.2 5.0 -1 0 6.7 
2003 8 2 2.7 4.4 7.2 -1 0 6.2 
2003 8 3 -1.1 2.2 7.7 -1 0 6.7 
2003 8 4 -1.1 2.7 12.2 -1 5 8.0 
2003 8 5 -1.1 0.5 12.2 -1 5 12.5 
2003 8 6 -0.5 1.6 5.0 -1 0 9.8 
2003 8 7 -1.1 0.0 5.0 -1 0 9.3 
2003 8 8 -1.1 2.2 14.4 -1 0 8.0 
2003 8 9 -1.1 7.7 14.4 -1 0 8.0 
2003 8 10 -1.1 2.2 3.8 -1 3 6.7 
2003 8 11 -2.2 -1.1 3.8 -1 0 5.3 
2003 8 12 -2.2 -1.1 0.5 -1 0 4.0 
2003 8 13 0.0 1.1 3.8 -1 0 5.8 
2003 8 14 0.0 1.6 3.8 -1 0 10.2 
2003 8 15 1.1 1.6 3.3 -1 8 11.6 
2003 8 16 1.6 2.2 2.7 -1 0 9.8 
2003 8 17 1.1 2.2 3.3 -1 0 5.8 
2003 8 18 1.1 2.7 3.3 -1 0 5.3 
2003 8 19 -1.1 2.2 4.4 -1 0 6.2 
2003 8 20 -1.1 2.2 4.4 -1 0 6.7 
2003 8 21 1.1 2.2 3.3 -1 0 6.2 
2003 8 22 -1.1 0.5 2.2 -1 5 3.5 
2003 8 23 -1.1 1.1 2.7 -1 0 4.9 
2003 8 24 -1.1 0.5 2.2 -1 0 6.7 
2003 8 25 -1.1 0.5 1.6 -1 0 6.7 
2003 8 26 -2.2 -0.5 2.2 -1 0 4.0 
2003 8 27 -2.2 1.6 3.3 -1 0 4.9 
2003 8 28 2.2 3.3 6.1 -1 0 8.0 
2003 8 29 2.2 5.5 13.3 -1 0 8.0 
2003 8 30 2.2 5.0 12.7 -1 0 5.8 
2003 8 31 1.1 2.2 4.4 -1 0 6.7 
2003 9 1 -1.1 1.1 2.7 -1 0 8.0 
2003 9 2 -0.5 2.7 3.8 -1 3 8.9 
2003 9 3 0.5 2.2 3.3 -1 0 6.2 
2003 9 4 -1.1 0.0 1.6 -1 0 8.4 
2003 9 5 -2.2 -1.1 2.7 -1 -1 5.3 
2003 9 6 1.1 3.3 7.2 -1 0 8.0 
2003 9 7 1.1 5.5 6.6 -1 3 8.0 
2003 9 8 0.0 3.3 7.2 -1 10 9.8 
2003 9 9 0.0 1.1 6.6 -1 0 11.1 
2003 9 10 -1.1 1.1 2.2 -1 15 11.6 
2003 9 11 -2.2 0.0 1.6 -1 0 12.9 
2003 9 12 -2.2 -0.5 0.5 -1 0 11.6 
2003 9 13 -2.2 -0.5 0.5 -1 -1 6.7 
2003 9 14 -2.7 -1.6 1.1 -1 0 6.7 
2003 9 15 -2.7 0.5 2.2 -1 -1 12.9 
2003 9 16 -1.6 -0.5 2.2 -1 0 6.7 
2003 9 17 -3.8 -1.6 -0.5 -1 0 8.0 
2003 9 18 -3.8 -1.1 0.0 -1 0 8.0 
2003 9 19 -2.7 -1.1 0.5 -1 0 5.3 
2003 9 20 -2.2 -1.1 0.0 -1 0 4.9 
2003 9 21 -2.7 -1.6 -0.5 -1 0 4.9 
2003 9 22 -3.3 -2.7 -0.5 -1 0 6.7 
2003 9 23 -4.4 -2.2 -0.5 -1 0 5.8 
2003 9 24 -4.4 -1.6 -0.5 -1 0 4.9 
2003 9 25 -2.7 -1.6 -0.5 -1 0 4.0 
2003 9 26 -2.2 -1.1 0.5 -1 0 9.3 
2003 9 27 0.0 0.5 1.1 -1 3 8.9 
2003 9 28 -2.2 0.0 1.6 -1 0 4.0 
2003 9 29 -2.2 0.5 1.6 -1 0 6.7 
2003 9 30 -1.1 -0.5 1.1 -1 0 4.9 
2003 10 1 -1.1 -0.5 1.1 30 8 12.9 
2003 10 2 -1.1 2.2 4.4 51 5 11.6 
2003 10 3 -1.1 1.1 2.7 -1 5 8.4 
2003 10 4 -2.2 -1.6 3.3 -1 0 7.1 
2003 10 5 -2.2 -2.2 -0.5 -1 0 8.4 
2003 10 6 -2.7 -1.6 -1.6 -1 0 12.5 
2003 10 7 -2.7 -1.6 0.0 30 0 12.9 
2003 10 8 -6.1 -2.2 0.0 51 5 9.3 
2003 10 9 -2.2 -1.1 0.5 51 0 5.3 
2003 10 10 -2.2 -0.5 0.0 -1 0 6.7 
2003 10 11 -2.2 -1.6 -1.1 51 0 8.9 
2003 10 12 -7.7 -4.4 -1.1 51 0 6.7 
2003 10 13 -7.7 -5.5 -2.7 51 0 4.9 
2003 10 14 -11.1 -7.7 -3.8 51 0 4.0 
2003 10 15 -10.0 -5.0 -2.2 51 0 6.7 
2003 10 16 -6.1 -4.4 -2.2 51 -1 8.4 
2003 10 17 -7.2 -6.1 -5.5 51 0 10.2 
2003 10 18 -7.2 -6.6 -5.5 51 -1 8.0 
2003 10 19 -8.8 -6.6 132.7 150 3 6.7 
2003 10 20 -9.4 -6.1 -5.5 150 3 8.0 
2003 10 21 -6.1 -3.8 -2.7 180 3 8.9 
2003 10 22 -5.0 -3.8 -2.7 180 0 8.0 
2003 10 23 -6.1 -5.5 -5.0 150 -1 6.7 
2003 10 24 -6.1 -6.1 -5.0 180 3 6.2 
2003 10 25 -10.0 -7.7 -5.5 180 0 6.7 
2003 10 26 -16.1 -10.5 -7.7 180 0 8.4 
2003 10 27 -16.1 -5.5 -0.5 180 0 9.8 
2003 10 28 -12.2 -7.7 -0.5 -1 0 9.3 
2003 10 29 -17.7 -7.2 1.6 180 0 8.9 
2003 10 30 -2.7 -0.5 1.1 150 0 8.4 
2003 10 31 -2.7 -1.1 0.0 231 3 5.3 
2003 11 1 -12.2 -7.2 -0.5 201 0 4.9 
2003 11 2 -12.2 -7.2 -4.4 201 0 9.3 
2003 11 3 -11.1 -6.6 -3.3 201 0 6.7 
2003 11 4 -10.5 -5.0 -2.7 201 0 8.9 
2003 11 5 -6.6 -0.5 1.1 180 0 8.0 
2003 11 6 -6.6 -3.3 1.1 180 0 7.1 
2003 11 7 -9.4 -6.6 -1.6 201 3 6.7 
2003 11 8 -13.8 -10.0 -7.7 180 -1 9.3 
2003 11 9 -14.4 -13.3 -8.3 180 0 8.9 
2003 11 10 -18.8 -15.0 -12.7 180 -1 4.0 
2003 11 11 -20.5 -13.8 -10.5 180 0 6.2 
2003 11 12 -16.6 -12.2 -7.7 231 0 9.3 
2003 11 13 -1.0 -16.1 -12.2 201 -1 6.7 
2003 11 14 -32.7 -23.8 -15.0 231 0 5.8 
2003 11 15 -32.7 -23.8 -17.7 201 0 3.5 
2003 11 16 -26.6 -22.7 -1.0 201 0 3.1 
2003 11 17 -32.7 -25.0 -18.8 201 0 3.5 
2003 11 18 -32.7 -21.6 -12.2 231 0 7.1 
2003 11 19 -27.7 -20.5 -12.2 201 0 6.7 
2003 11 20 -25.5 -19.4 -17.2 201 0 5.3 
2003 11 21 -23.3 -8.8 -2.2 231 0 10.2 
2003 11 22 -19.4 -11.1 -2.2 231 0 9.8 
2003 11 23 -30.5 -22.2 -17.7 231 0 6.7 
2003 11 24 -20.5 -17.2 -15.5 231 0 6.2 
2003 11 25 -22.2 -18.8 -15.0 231 0 7.1 
2003 11 26 -22.2 -1.0 -15.5 231 0 11.1 
2003 11 27 -23.8 -17.2 -13.8 231 0 8.4 
2003 11 28 -22.7 -17.2 -13.3 249 0 6.7 
2003 11 29 -32.7 -27.7 -22.7 249 0 7.1 
2003 11 30 -33.3 -28.3 -19.4 249 0 6.7 
2003 12 1 -32.7 -28.8 -19.4 249 0 3.5 
2003 12 2 -37.2 -30.5 -21.6 249 0 3.5 
2003 12 3 -28.3 -22.2 -19.4 249 0 5.8 
2003 12 4 -33.3 -27.7 -1.0 249 0 3.5 
2003 12 5 -34.4 -32.2 -23.8 249 0 4.0 
2003 12 6 -34.4 -26.1 -21.1 249 0 6.2 
2003 12 7 -30.5 -21.6 -18.8 249 0 6.7 
2003 12 8 -24.4 -18.8 -17.2 249 0 2.6 
2003 12 9 -27.2 -23.8 -17.2 249 0 4.9 
2003 12 10 -27.2 -22.7 -21.1 249 0 8.9 
2003 12 11 -24.4 -20.0 -19.4 231 0 11.6 
2003 12 12 -20.5 -19.4 -17.2 231 0 12.0 
2003 12 13 -1.0 -17.2 -16.6 -1 0 12.0 
2003 12 14 -19.4 -1.0 -16.6 231 0 12.0 
2003 12 15 -22.7 -20.5 -1.0 231 0 12.5 
2003 12 16 -24.4 -23.8 -18.8 231 0 9.8 
2003 12 17 -25.5 -25.0 -23.3 231 0 8.4 
2003 12 18 -25.5 -22.7 -22.2 231 0 8.9 
2003 12 19 -24.4 -21.1 -20.0 231 0 9.8 
2003 12 20 -21.6 -18.8 -17.2 201 0 9.8 
2003 12 21 -17.7 -14.4 -10.0 231 0 8.9 
2003 12 22 -21.6 -16.1 -10.0 231 0 5.3 
2003 12 23 -21.6 -20.0 -15.0 231 0 7.1 
2003 12 24 -29.4 -22.7 -18.8 231 0 3.5 
2003 12 25 -29.4 -21.6 -11.1 231 0 3.1 
2003 12 26 -30.0 -24.4 -16.6 231 0 2.6 
2003 12 27 -30.0 -25.0 -20.0 231 0 6.7 
2003 12 28 -27.2 -21.1 -1.0 231 0 9.8 
2003 12 29 -1.0 -17.7 -15.5 201 0 16.0 
2003 12 30 -13.8 -10.0 -7.7 201 0 15.6 
2003 12 31 -15.5 -9.4 -3.8 201 0 4.9 
