2003 1 1 -1.1 3.3 7.7 -1 0 8.4 
2003 1 2 -1.1 4.4 10.5 -1 0 9.8 
2003 1 3 0.0 7.7 13.3 -1 0 14.3 
2003 1 4 -1.1 3.8 13.3 -1 0 8.0 
2003 1 5 2.7 6.6 11.6 -1 0 6.7 
2003 1 6 -0.5 6.1 11.6 -1 0 8.4 
2003 1 7 -0.5 6.6 15.0 -1 0 11.6 
2003 1 8 0.5 6.6 15.0 -1 0 9.8 
2003 1 9 -6.1 -1.1 8.3 -1 0 8.0 
2003 1 10 -14.4 -9.4 0.0 -1 0 4.9 
2003 1 11 -14.4 -7.7 4.4 -1 0 6.7 
2003 1 12 -2.7 1.1 9.4 -1 0 9.8 
2003 1 13 -3.8 3.3 8.8 -1 0 8.0 
2003 1 14 -8.8 -7.2 -3.8 30 0 4.9 
2003 1 15 -10.5 -7.7 -4.4 79 5 4.9 
2003 1 16 -10.5 -3.8 0.0 51 0 6.2 
2003 1 17 -8.3 -3.3 2.7 51 0 8.0 
2003 1 18 -8.3 -1.6 5.0 30 0 9.8 
2003 1 19 -8.3 2.2 8.3 30 0 9.8 
2003 1 20 -7.7 1.6 7.2 -1 0 7.1 
2003 1 21 -13.8 -11.6 -7.7 30 0 6.7 
2003 1 22 -1.0 -16.6 -13.8 180 3 6.2 
2003 1 23 -17.2 -12.2 1.6 150 3 8.9 
2003 1 24 -3.8 -0.5 3.3 99 0 8.9 
2003 1 25 -17.2 -7.2 4.4 130 0 8.0 
2003 1 26 -17.7 -10.0 123.8 51 0 9.8 
2003 1 27 5.0 6.1 7.7 51 0 9.8 
2003 1 28 -1.1 2.2 6.6 -1 0 6.2 
2003 1 29 -2.7 2.2 11.6 -1 0 6.7 
2003 1 30 -2.7 6.6 11.1 -1 0 12.0 
2003 1 31 1.6 5.5 11.1 -1 0 9.3 
2003 2 1 1.6 7.7 11.6 -1 5 5.8 
2003 2 2 -2.2 0.0 1.6 30 10 4.9 
2003 2 3 -7.2 -3.3 0.0 30 0 6.2 
2003 2 4 -6.6 -3.3 0.0 51 3 6.2 
2003 2 5 -6.1 -3.8 -1.1 30 0 11.1 
2003 2 6 -13.8 -9.4 -6.1 30 0 5.8 
2003 2 7 -12.2 -8.8 -4.4 30 0 12.5 
2003 2 8 -10.5 -4.4 -3.8 51 3 6.2 
2003 2 9 -9.4 -5.0 1.6 51 3 11.6 
2003 2 10 -5.0 -0.5 2.7 30 0 10.2 
2003 2 11 -2.7 0.5 3.3 30 0 8.9 
2003 2 12 -5.0 -1.1 3.3 -1 0 6.7 
2003 2 13 -7.2 -1.1 3.8 -1 0 8.0 
2003 2 14 -6.6 0.0 4.4 -1 3 5.8 
2003 2 15 -6.1 -2.7 3.8 -1 0 6.7 
2003 2 16 -1.1 2.2 6.6 -1 0 9.3 
2003 2 17 -1.1 5.0 8.8 -1 0 12.5 
2003 2 18 -1.6 2.2 8.8 -1 0 15.1 
2003 2 19 -3.3 2.2 8.3 -1 0 8.9 
2003 2 20 -3.3 3.3 9.4 -1 0 7.1 
2003 2 21 -10.0 -1.6 9.4 -1 0 8.4 
2003 2 22 -13.8 -11.1 -8.8 99 3 8.0 
2003 2 23 -20.0 -16.6 -8.8 79 3 4.0 
2003 2 24 -26.6 -20.0 -11.1 51 0 11.6 
2003 2 25 -16.1 -12.2 -3.8 51 0 11.1 
2003 2 26 -11.1 -6.6 1.1 30 0 8.9 
2003 2 27 -10.5 -5.0 1.6 30 0 5.3 
2003 2 28 -11.1 -5.0 3.3 30 0 6.7 
2003 3 2 -12.2 -6.1 2.7 -1 0 6.7 
2003 3 3 -12.2 -2.7 2.7 51 3 8.4 
2003 3 4 -16.1 -13.3 -8.8 30 0 3.5 
2003 3 5 -17.2 -8.8 -0.5 30 0 11.1 
2003 3 6 -15.5 -7.7 0.0 30 0 8.0 
2003 3 7 -17.2 -15.0 -13.3 51 0 6.2 
2003 3 8 -22.2 -20.0 -16.1 201 3 6.7 
2003 3 9 -22.2 -19.4 -16.1 201 3 3.5 
2003 3 10 -17.7 -7.2 7.2 99 0 9.3 
2003 3 11 -16.6 0.0 7.2 51 0 8.4 
2003 3 12 -8.8 0.0 12.2 30 0 6.7 
2003 3 13 6.1 10.0 18.8 30 0 8.0 
2003 3 14 5.5 12.2 19.4 -1 0 7.1 
2003 3 15 2.2 10.0 18.3 -1 0 6.2 
2003 3 16 2.2 10.5 18.3 -1 0 10.2 
2003 3 17 3.8 6.6 16.6 -1 0 5.8 
2003 3 18 -1.1 2.7 9.4 -1 3 6.2 
2003 3 19 0.0 3.3 11.1 -1 5 3.5 
2003 3 20 -1.1 5.0 11.1 -1 0 4.9 
2003 3 21 2.7 7.2 12.7 -1 0 6.2 
2003 3 22 2.2 10.0 19.4 -1 0 8.0 
2003 3 23 2.2 9.4 19.4 -1 0 12.0 
2003 3 24 -1.1 4.4 13.8 -1 0 12.0 
2003 3 25 -2.2 3.8 13.8 -1 0 6.2 
2003 3 26 -2.2 6.1 10.5 -1 0 5.8 
2003 3 27 0.0 3.8 8.3 -1 0 5.8 
2003 3 28 -2.7 1.1 7.2 -1 0 4.9 
2003 3 29 -3.3 2.7 10.5 -1 0 6.7 
2003 3 30 -3.3 10.5 20.0 -1 0 11.6 
2003 3 31 3.3 15.5 22.2 -1 0 9.8 
2003 4 1 5.5 12.7 22.2 -1 0 13.4 
2003 4 2 0.0 5.0 20.0 -1 0 9.3 
2003 4 3 -2.2 0.5 7.2 -1 0 9.3 
2003 4 4 -3.3 1.6 7.7 -1 0 6.2 
2003 4 5 -5.0 2.7 11.1 -1 0 5.3 
2003 4 6 -5.0 4.4 11.1 -1 0 8.4 
2003 4 7 -2.2 3.3 11.6 -1 0 5.8 
2003 4 8 3.8 10.0 21.1 -1 0 8.4 
2003 4 9 8.8 16.1 26.1 -1 0 8.0 
2003 4 10 5.0 14.4 25.5 -1 0 8.0 
2003 4 11 5.0 16.6 26.6 -1 0 5.3 
2003 4 12 5.5 16.6 26.6 -1 0 5.3 
2003 4 13 6.1 17.2 25.0 -1 0 6.2 
2003 4 14 5.5 13.8 22.7 -1 0 7.1 
2003 4 15 5.0 9.4 21.1 -1 0 7.1 
2003 4 16 2.7 7.2 15.0 -1 3 8.4 
2003 4 17 2.2 10.0 17.2 -1 0 4.9 
2003 4 18 2.2 10.5 17.2 -1 0 7.1 
2003 4 19 5.5 7.7 14.4 -1 -1 9.8 
2003 4 20 0.5 8.3 18.3 -1 0 4.9 
2003 4 21 0.5 13.3 22.2 -1 0 6.7 
2003 4 22 2.7 15.5 22.7 -1 0 6.7 
2003 4 23 5.5 14.4 22.7 -1 3 6.2 
2003 4 24 7.7 12.7 20.5 -1 3 8.9 
2003 4 25 6.6 11.6 21.6 -1 8 6.7 
2003 4 26 6.1 10.5 21.1 -1 0 8.4 
2003 4 27 1.1 7.7 14.4 -1 5 9.3 
2003 4 28 1.1 6.1 13.8 -1 5 8.4 
2003 4 29 3.8 5.0 7.2 -1 5 4.9 
2003 4 30 5.5 6.1 7.2 -1 0 6.2 
2003 5 1 5.0 7.2 11.1 -1 13 4.0 
2003 5 2 2.7 8.8 16.6 -1 3 6.2 
2003 5 3 3.3 12.2 18.3 -1 0 10.2 
2003 5 4 5.5 10.5 18.3 -1 5 7.1 
2003 5 5 2.7 7.2 12.7 -1 0 9.3 
2003 5 6 2.7 7.2 12.7 -1 0 6.2 
2003 5 7 2.7 8.3 14.4 -1 0 6.2 
2003 5 8 2.7 6.1 13.3 -1 3 6.2 
2003 5 9 3.3 6.1 10.0 -1 5 8.9 
2003 5 10 2.2 5.5 10.0 -1 13 8.0 
2003 5 11 2.2 8.3 14.4 -1 3 3.5 
2003 5 12 2.2 11.6 20.0 -1 0 7.1 
2003 5 13 5.0 12.2 20.0 -1 5 9.3 
2003 5 14 5.5 14.4 23.8 -1 0 6.7 
2003 5 15 5.5 17.7 25.0 -1 0 6.2 
2003 5 16 7.7 13.3 25.0 -1 0 8.9 
2003 5 17 2.7 8.3 16.1 -1 0 6.2 
2003 5 18 2.7 6.6 15.0 -1 3 8.4 
2003 5 19 1.1 4.4 11.1 -1 3 7.1 
2003 5 20 0.0 8.3 18.8 -1 0 4.0 
2003 5 21 0.0 13.8 18.8 -1 0 3.5 
2003 5 22 7.7 15.0 23.8 -1 0 5.8 
2003 5 23 9.4 18.8 23.8 -1 0 6.7 
2003 5 24 10.5 18.3 26.6 -1 0 6.7 
2003 5 25 10.5 20.5 30.0 -1 0 6.2 
2003 5 26 11.6 22.7 30.0 -1 0 8.0 
2003 5 27 15.0 20.5 29.4 -1 0 6.7 
2003 5 28 12.7 21.1 30.5 -1 0 6.7 
2003 5 29 12.7 25.5 34.4 -1 0 6.2 
2003 5 30 12.7 20.5 34.4 -1 0 8.0 
2003 5 31 11.1 17.2 23.3 -1 5 6.2 
2003 6 1 11.1 17.7 24.4 -1 13 8.4 
2003 6 2 11.1 16.6 22.7 -1 0 9.8 
2003 6 3 10.0 15.0 22.2 -1 0 8.0 
2003 6 4 7.7 14.4 20.5 -1 0 9.8 
2003 6 5 8.3 13.8 20.5 -1 0 11.1 
2003 6 6 6.6 11.1 20.5 -1 8 8.9 
2003 6 7 5.0 10.0 18.8 -1 5 7.1 
2003 6 8 8.8 16.6 26.6 -1 0 5.3 
2003 6 9 12.7 16.6 26.6 -1 3 6.7 
2003 6 10 11.1 14.4 18.8 -1 5 5.8 
2003 6 11 11.1 16.6 23.8 -1 0 9.8 
2003 6 12 9.4 18.3 25.0 -1 0 5.8 
2003 6 13 9.4 20.0 29.4 -1 0 6.2 
2003 6 14 12.7 20.5 29.4 -1 0 8.9 
2003 6 15 12.7 20.5 28.3 -1 0 5.3 
2003 6 16 13.3 20.5 27.2 -1 0 5.8 
2003 6 17 13.8 21.6 29.4 -1 0 6.7 
2003 6 18 14.4 23.3 31.6 -1 0 8.0 
2003 6 19 15.0 24.4 33.8 -1 0 8.0 
2003 6 20 13.8 21.6 33.8 -1 5 12.9 
2003 6 21 12.2 16.1 19.4 -1 10 9.3 
2003 6 22 7.7 13.8 20.5 -1 0 11.6 
2003 6 23 6.6 12.2 18.3 -1 0 7.1 
2003 6 24 6.6 11.6 18.3 -1 8 6.7 
2003 6 25 7.2 12.7 20.0 -1 0 8.4 
2003 6 26 7.2 17.7 26.6 -1 0 12.5 
2003 6 27 10.5 20.5 27.2 -1 0 8.4 
2003 6 28 12.7 18.8 27.2 -1 0 7.1 
2003 6 29 12.7 20.0 30.0 -1 0 5.3 
2003 6 30 13.3 25.5 36.1 -1 0 5.8 
2003 7 1 15.5 26.1 36.1 -1 0 6.7 
2003 7 2 16.6 25.5 33.8 -1 0 6.2 
2003 7 3 15.0 25.0 33.8 -1 0 6.2 
2003 7 4 13.8 22.7 32.7 -1 0 9.3 
2003 7 5 13.8 23.8 33.3 -1 0 6.7 
2003 7 6 13.8 21.6 33.3 -1 0 8.0 
2003 7 7 13.8 20.5 28.8 -1 0 6.7 
2003 7 8 13.8 21.6 29.4 -1 0 12.0 
2003 7 9 13.8 22.2 32.2 -1 0 9.8 
2003 7 10 13.8 23.3 32.2 -1 0 5.8 
2003 7 11 13.8 23.3 31.1 -1 0 6.2 
2003 7 12 16.6 24.4 36.6 -1 0 6.7 
2003 7 13 15.5 30.5 36.6 -1 0 7.1 
2003 7 14 15.5 25.0 36.6 -1 0 12.9 
2003 7 15 15.5 25.0 35.5 -1 0 3.5 
2003 7 16 17.2 29.4 37.2 -1 0 5.3 
2003 7 17 18.8 28.8 37.2 -1 0 5.3 
2003 7 18 19.4 30.0 37.2 -1 0 4.9 
2003 7 19 21.1 30.0 38.8 -1 0 4.0 
2003 7 20 19.4 28.3 38.8 -1 0 5.8 
2003 7 21 20.0 30.5 36.1 -1 0 9.8 
2003 7 22 17.2 26.1 36.1 -1 0 5.8 
2003 7 23 17.2 30.0 41.6 -1 0 8.9 
2003 7 24 18.8 31.1 41.6 -1 0 10.2 
2003 7 25 22.2 27.7 37.2 -1 0 8.4 
2003 7 26 20.0 25.0 31.1 -1 0 6.7 
2003 7 27 18.8 25.0 33.8 -1 0 6.7 
2003 7 28 18.8 27.2 37.2 -1 0 5.8 
2003 7 29 18.3 27.2 36.6 -1 0 7.1 
2003 7 30 17.7 25.0 33.8 -1 0 3.5 
2003 7 31 16.6 26.1 33.8 -1 0 9.3 
2003 8 1 16.6 23.8 32.2 -1 0 6.7 
2003 8 2 16.1 25.0 36.1 -1 0 5.3 
2003 8 3 16.1 28.8 36.1 -1 0 9.3 
2003 8 4 18.3 25.0 35.0 -1 0 8.4 
2003 8 5 15.5 23.3 32.7 -1 0 8.9 
2003 8 6 15.5 26.1 37.2 -1 0 6.7 
2003 8 7 16.6 27.2 37.2 -1 0 9.8 
2003 8 8 17.2 25.5 36.6 -1 0 8.4 
2003 8 9 17.2 25.5 33.3 -1 0 5.3 
2003 8 10 18.3 27.7 36.6 -1 0 7.1 
2003 8 11 18.3 30.0 37.2 -1 0 4.9 
2003 8 12 17.2 27.7 37.2 -1 0 8.4 
2003 8 13 17.2 28.8 39.4 -1 0 8.4 
2003 8 14 19.4 30.0 39.4 -1 0 6.7 
2003 8 15 22.2 30.0 38.3 -1 0 6.7 
2003 8 16 18.8 30.0 37.7 -1 0 6.7 
2003 8 17 17.7 24.4 37.2 -1 0 9.3 
2003 8 18 15.0 22.2 31.1 -1 0 6.7 
2003 8 19 15.0 25.0 35.0 -1 0 6.2 
2003 8 20 15.5 26.6 35.0 -1 0 9.8 
2003 8 21 16.1 23.3 33.3 -1 0 5.8 
2003 8 22 16.1 27.7 35.0 -1 0 5.3 
2003 8 23 21.1 28.3 35.0 -1 0 8.0 
2003 8 24 16.1 25.0 33.8 -1 0 5.8 
2003 8 25 18.8 25.5 32.7 -1 0 7.1 
2003 8 26 16.1 25.0 35.0 -1 0 3.5 
2003 8 27 16.1 25.5 35.0 -1 0 8.4 
2003 8 28 15.0 21.1 29.4 -1 0 7.1 
2003 8 29 11.6 16.1 26.1 -1 0 6.7 
2003 8 30 9.4 15.0 22.7 -1 0 5.3 
2003 8 31 9.4 18.3 27.7 -1 0 7.1 
2003 9 1 11.1 23.3 32.7 -1 0 6.2 
2003 9 2 13.8 21.1 32.7 -1 0 6.7 
2003 9 3 10.5 18.3 28.3 -1 0 5.3 
2003 9 4 12.2 22.7 34.4 -1 0 4.9 
2003 9 5 12.2 23.8 33.8 -1 0 4.9 
2003 9 6 13.8 26.6 32.7 -1 0 6.7 
2003 9 7 16.6 23.3 30.0 -1 0 5.8 
2003 9 8 15.0 21.1 30.0 -1 0 8.0 
2003 9 9 8.8 15.5 25.5 -1 0 6.7 
2003 9 10 8.8 15.5 23.8 -1 0 4.9 
2003 9 11 10.0 15.5 24.4 -1 0 9.8 
2003 9 12 8.8 15.0 22.2 -1 0 8.9 
2003 9 13 6.6 10.5 17.2 -1 0 8.9 
2003 9 14 6.1 12.7 23.8 -1 0 8.0 
2003 9 15 6.1 18.3 25.0 -1 0 7.1 
2003 9 16 7.2 11.6 18.8 -1 0 7.1 
2003 9 17 4.4 7.2 13.3 -1 3 6.7 
2003 9 18 1.1 7.2 17.2 -1 0 6.7 
2003 9 19 1.1 14.4 21.1 -1 0 8.0 
2003 9 20 6.6 16.1 21.1 -1 0 9.3 
2003 9 21 4.4 12.2 20.0 -1 0 9.8 
2003 9 22 2.2 12.2 26.1 -1 0 7.1 
2003 9 23 12.2 18.8 27.2 -1 0 9.3 
2003 9 24 7.7 10.5 15.5 -1 0 7.1 
2003 9 25 7.2 17.2 29.4 -1 0 12.5 
2003 9 26 7.2 18.3 29.4 -1 0 9.8 
2003 9 27 6.1 13.3 21.1 -1 0 4.0 
2003 9 28 6.1 12.7 21.1 -1 0 4.9 
2003 9 29 6.6 11.1 18.8 -1 0 4.9 
2003 9 30 0.5 9.4 17.7 -1 0 4.9 
2003 10 1 2.7 10.5 20.5 -1 0 3.5 
2003 10 2 5.0 12.7 22.2 -1 0 4.0 
2003 10 3 4.4 12.7 21.6 -1 0 5.3 
2003 10 4 3.8 13.8 23.8 -1 0 6.2 
2003 10 5 4.4 16.6 26.6 -1 0 6.7 
2003 10 6 10.0 17.7 27.2 -1 0 6.2 
2003 10 7 10.0 20.5 28.3 -1 0 6.7 
2003 10 8 11.6 17.2 28.3 -1 0 5.8 
2003 10 9 11.6 18.8 23.8 -1 0 7.1 
2003 10 10 2.7 8.8 22.7 -1 8 6.7 
2003 10 11 2.7 7.2 12.7 -1 10 7.1 
2003 10 12 2.7 11.6 17.2 -1 0 11.6 
2003 10 13 6.1 10.5 17.2 -1 0 9.3 
2003 10 14 1.1 7.2 12.7 -1 0 7.1 
2003 10 15 1.1 7.2 12.2 -1 0 4.9 
2003 10 16 2.2 7.7 17.2 -1 0 5.3 
2003 10 17 13.8 18.3 26.6 -1 0 10.2 
2003 10 18 12.7 20.0 25.5 -1 0 6.2 
2003 10 19 12.7 20.5 28.8 -1 0 6.7 
2003 10 20 8.3 18.3 28.8 -1 0 6.2 
2003 10 21 18.8 23.3 28.8 -1 0 8.9 
2003 10 22 7.7 16.6 25.5 -1 0 7.1 
2003 10 23 8.3 15.0 24.4 -1 0 9.8 
2003 10 24 3.8 8.8 22.7 -1 0 12.9 
2003 10 25 -0.5 6.1 13.3 -1 0 6.7 
2003 10 26 8.8 12.7 21.1 -1 0 9.8 
2003 10 27 8.8 17.2 20.5 -1 0 15.1 
2003 10 28 3.8 7.2 15.5 -1 5 8.0 
2003 10 29 -1.1 6.1 8.8 -1 13 14.7 
2003 10 30 -6.1 -3.8 -1.1 30 0 9.8 
2003 10 31 -11.1 -8.3 -3.3 79 3 6.7 
2003 11 1 -16.1 -10.0 -1.1 79 0 5.8 
2003 11 2 -16.1 -5.5 -0.5 30 0 4.0 
2003 11 3 -10.5 -4.4 -0.5 30 0 5.3 
2003 11 4 -12.2 -7.7 -3.3 79 3 5.8 
2003 11 5 -17.7 -13.8 -5.0 79 3 5.8 
2003 11 6 -12.2 -7.2 0.5 51 0 6.7 
2003 11 7 -12.7 -5.0 0.0 30 0 4.0 
2003 11 8 -12.7 -5.0 3.3 30 0 6.7 
2003 11 9 -2.7 0.5 4.4 30 0 8.0 
2003 11 10 0.0 3.8 11.1 30 0 6.7 
2003 11 11 0.0 5.5 10.5 -1 0 10.2 
2003 11 12 -3.3 1.1 7.7 -1 0 14.7 
2003 11 13 -3.3 2.7 7.7 -1 0 8.9 
2003 11 14 -0.5 6.6 13.3 -1 0 7.1 
2003 11 15 -2.2 3.8 13.3 -1 0 6.2 
2003 11 16 -1.1 4.4 11.1 -1 0 5.8 
2003 11 17 -0.5 6.6 10.5 -1 0 11.1 
2003 11 18 0.0 6.1 12.2 -1 0 11.1 
2003 11 19 0.0 11.6 20.0 -1 0 14.3 
2003 11 20 -2.7 5.0 17.2 30 0 12.0 
2003 11 21 -13.8 -6.6 -1.1 -1 3 8.9 
2003 11 22 -17.2 -15.0 -11.1 30 3 5.8 
2003 11 23 -16.6 -11.6 -6.6 30 0 9.3 
2003 11 24 -14.4 -2.7 5.0 30 0 12.5 
2003 11 25 -7.7 -1.6 5.0 -1 0 9.8 
2003 11 26 -2.7 -0.5 4.4 -1 0 8.9 
2003 11 27 -3.8 -0.5 3.3 -1 0 6.7 
2003 11 28 -5.0 0.5 9.4 -1 0 9.8 
2003 11 29 5.5 8.8 12.7 -1 0 9.8 
2003 11 30 -0.5 6.1 13.8 -1 0 9.8 
2003 12 1 -5.0 -1.1 11.6 -1 0 2.6 
2003 12 2 -5.0 2.2 12.2 -1 0 7.1 
2003 12 3 -3.8 3.8 12.2 -1 0 6.2 
2003 12 4 -7.2 -1.6 8.8 30 3 8.4 
2003 12 5 -12.2 -7.7 -3.3 30 0 3.1 
2003 12 6 -11.6 4.4 16.6 -1 0 8.9 
2003 12 7 0.0 3.8 16.6 -1 0 6.7 
2003 12 8 -7.2 -2.2 5.0 -1 0 3.1 
2003 12 9 -3.8 -2.2 2.2 -1 0 6.7 
2003 12 10 -7.2 -5.0 0.0 -1 0 4.9 
2003 12 11 -11.1 -6.6 -3.3 30 0 6.7 
2003 12 12 -10.5 -5.0 0.0 30 0 9.8 
2003 12 13 -2.2 0.5 2.7 -1 0 9.3 
2003 12 14 -2.2 5.0 12.2 -1 0 9.3 
2003 12 15 -2.7 -0.5 2.2 -1 3 8.9 
2003 12 16 -6.1 -1.1 5.0 -1 0 10.2 
2003 12 17 2.7 5.0 6.6 -1 0 13.4 
2003 12 18 -6.1 -0.5 5.0 -1 0 5.3 
2003 12 19 -5.5 3.8 12.2 -1 0 11.6 
2003 12 20 -1.1 6.6 12.2 -1 0 9.3 
2003 12 21 0.0 5.5 12.2 -1 0 9.3 
2003 12 22 -3.3 1.6 8.3 -1 0 6.7 
2003 12 23 -3.3 2.7 8.8 -1 0 8.4 
2003 12 24 -0.5 3.8 11.1 -1 0 8.0 
2003 12 25 -0.5 3.8 11.1 -1 0 5.8 
2003 12 26 -1.1 0.0 5.5 -1 0 6.2 
2003 12 27 -3.3 -2.2 1.6 150 10 11.1 
2003 12 28 -7.7 -5.0 -2.7 150 3 11.1 
2003 12 29 -8.8 -6.6 -5.0 150 0 6.7 
2003 12 30 -15.5 -10.5 -5.0 180 0 5.3 
2003 12 31 -15.5 -7.7 -2.2 130 0 5.3 
