2003 1 1 -7.2 -6.1 -2.7 -1 0 5.3 
2003 1 2 -13.8 -6.1 0.0 -1 0 4.9 
2003 1 3 -13.8 -2.2 7.7 -1 0 6.7 
2003 1 4 1.1 3.3 6.1 -1 0 8.9 
2003 1 5 -5.0 -1.6 5.0 -1 0 3.5 
2003 1 6 -6.1 -2.2 7.2 -1 0 4.9 
2003 1 7 -5.5 3.8 10.0 -1 0 4.9 
2003 1 8 -0.5 6.1 10.0 -1 0 8.9 
2003 1 9 -8.8 -2.2 5.0 -1 0 12.5 
2003 1 10 -14.4 -11.1 -1.1 -1 0 9.8 
2003 1 11 -21.6 -15.5 -8.8 -1 0 5.3 
2003 1 12 -17.2 -13.3 -6.1 -1 0 9.8 
2003 1 14 -20.5 -16.6 -11.1 -1 0 5.3 
2003 1 15 -23.8 -17.7 -11.1 -1 0 3.5 
2003 1 16 -17.2 -13.3 -7.2 -1 0 4.0 
2003 1 17 -23.8 -14.4 -0.5 -1 0 13.4 
2003 1 18 -23.8 -10.5 -0.5 -1 0 12.5 
2003 1 19 -14.4 -7.2 -2.2 -1 0 5.3 
2003 1 20 -16.1 -11.6 -2.2 -1 0 5.3 
2003 1 21 -1.0 -15.5 -8.8 -1 0 5.3 
2003 1 22 -25.0 -20.5 -12.7 -1 0 6.2 
2003 1 23 -29.4 -23.3 -17.2 -1 0 7.1 
2003 1 24 -17.7 -14.4 -7.7 -1 0 7.1 
2003 1 25 -17.7 -16.1 -12.2 -1 0 8.0 
2003 1 26 -28.3 -21.1 -15.0 -1 0 8.4 
2003 1 27 -15.5 -6.1 5.0 -1 0 8.4 
2003 1 28 -12.2 -3.3 5.0 -1 0 5.3 
2003 1 29 -16.6 -10.5 1.6 -1 0 5.8 
2003 1 30 -8.3 -2.7 6.1 -1 0 5.3 
2003 1 31 -11.1 0.0 6.6 -1 0 10.2 
2003 2 1 -4.4 1.1 4.4 -1 0 5.3 
2003 2 2 -3.3 -1.6 3.8 -1 0 6.2 
2003 2 3 -10.0 -7.7 -1.1 -1 0 6.7 
2003 2 4 -20.0 -13.3 -4.4 -1 0 4.0 
2003 2 5 -17.2 -8.8 -5.0 -1 0 6.7 
2003 2 6 -21.1 -16.1 -4.4 -1 0 5.8 
2003 2 7 -20.5 -11.6 0.5 -1 0 9.3 
2003 2 8 -20.5 -7.7 0.5 -1 -1 8.9 
2003 2 9 -24.4 -16.1 -5.0 -1 0 8.0 
2003 2 10 -26.6 -1.0 -5.5 -1 0 6.2 
2003 2 11 -13.8 -7.7 -1.6 -1 0 12.9 
2003 2 12 -1.0 -12.7 -0.5 -1 0 3.5 
2003 2 13 -8.8 -4.4 -1.6 -1 0 5.8 
2003 2 14 -12.7 -8.8 -2.2 -1 0 9.3 
2003 2 15 -17.2 -14.4 -8.8 -1 0 6.7 
2003 2 16 -12.2 -8.8 1.6 -1 0 7.1 
2003 2 17 -12.2 -1.6 1.6 -1 0 8.4 
2003 2 18 -11.1 -7.2 -3.3 -1 0 9.3 
2003 2 19 -14.4 -5.5 7.7 -1 0 5.3 
2003 2 20 -12.2 -3.8 7.7 -1 0 6.7 
2003 2 21 -17.7 -14.4 -8.8 -1 0 6.2 
2003 2 22 -25.0 -20.5 -11.1 -1 0 4.0 
2003 2 23 -22.2 -18.8 -16.1 -1 0 6.7 
2003 2 24 -27.7 -22.7 -15.0 -1 0 6.7 
2003 2 25 -27.7 -16.1 -6.1 -1 0 5.3 
2003 2 26 -20.5 -11.6 3.3 -1 0 3.1 
2003 2 27 -20.5 -7.7 3.3 -1 0 4.9 
2003 2 28 -15.0 -8.8 1.6 -1 0 5.3 
2003 3 2 -27.7 -20.0 -4.4 -1 0 6.7 
2003 3 3 -16.1 -9.4 -6.1 -1 0 11.6 
2003 3 4 -22.2 -17.7 -13.3 -1 0 8.4 
2003 3 5 -27.7 -17.2 -1.6 -1 0 9.3 
2003 3 6 -12.7 -7.7 -3.8 -1 0 8.4 
2003 3 7 -25.0 -18.8 -5.0 -1 0 6.7 
2003 3 8 -25.0 -19.4 -16.1 -1 0 7.1 
2003 3 9 -23.8 -20.0 -14.4 -1 0 8.0 
2003 3 10 -23.8 -16.6 -7.2 -1 0 4.9 
2003 3 11 -21.6 -11.1 -7.2 -1 0 8.4 
2003 3 12 -16.1 -10.0 -7.7 -1 0 5.8 
2003 3 13 -11.6 -4.4 5.5 -1 0 6.7 
2003 3 14 -6.1 2.2 13.8 -1 0 3.5 
2003 3 15 -5.0 6.6 16.1 -1 0 6.2 
2003 3 16 -4.4 4.4 16.1 -1 0 5.8 
2003 3 17 -4.4 2.7 15.0 -1 0 6.2 
2003 3 18 0.0 2.2 5.5 -1 0 6.7 
2003 3 19 0.5 1.1 2.7 -1 0 5.3 
2003 3 20 -2.2 3.3 10.0 -1 0 6.7 
2003 3 21 -2.2 4.4 13.3 -1 0 4.0 
2003 3 22 -3.3 6.1 18.8 -1 0 6.7 
2003 3 23 -3.3 8.3 18.8 -1 0 9.8 
2003 3 24 0.5 7.2 17.2 -1 0 12.5 
2003 3 25 -6.1 2.2 13.8 -1 3 8.4 
2003 3 26 -6.1 3.3 13.3 -1 0 9.8 
2003 3 27 -2.7 2.2 13.3 -1 0 8.9 
2003 3 28 -7.2 -2.2 7.2 -1 0 11.1 
2003 3 29 -8.3 -3.3 4.4 -1 0 8.0 
2003 3 30 -8.3 3.3 13.8 -1 0 3.5 
2003 3 31 3.8 12.7 22.7 -1 0 11.1 
2003 4 1 2.2 7.2 21.6 -1 0 9.8 
2003 4 2 -2.7 -1.1 2.2 -1 0 9.8 
2003 4 3 -2.7 -2.2 -0.5 -1 0 11.6 
2003 4 4 -3.8 -2.7 0.0 -1 0 4.9 
2003 4 5 -8.8 -3.3 6.1 -1 0 4.9 
2003 4 6 -6.1 1.6 11.1 -1 0 7.1 
2003 4 7 -5.5 2.7 11.1 -1 0 6.2 
2003 4 8 -5.5 6.6 19.4 -1 0 7.1 
2003 4 9 -1.1 12.7 26.6 -1 0 6.2 
2003 4 10 7.7 14.4 27.2 -1 0 6.7 
2003 4 11 -2.2 8.8 21.6 -1 0 6.2 
2003 4 12 5.0 14.4 27.2 -1 0 9.8 
2003 4 13 5.0 20.5 33.3 -1 0 10.2 
2003 4 14 7.2 15.5 29.4 -1 0 6.7 
2003 4 15 3.8 8.8 15.5 -1 0 9.8 
2003 4 16 0.0 5.5 15.0 -1 10 9.3 
2003 4 17 -1.1 2.7 16.1 -1 10 5.8 
2003 4 18 -1.1 7.7 16.1 -1 0 6.7 
2003 4 19 2.2 5.5 10.0 -1 8 8.4 
2003 4 20 2.2 10.0 19.4 -1 3 8.0 
2003 4 21 0.0 10.5 20.0 -1 0 6.2 
2003 4 22 0.0 12.2 21.6 -1 0 9.8 
2003 4 23 3.8 15.0 21.6 -1 0 12.5 
2003 4 24 7.7 13.8 21.1 -1 0 9.3 
2003 4 25 3.8 13.3 21.1 -1 0 7.1 
2003 4 26 3.8 14.4 24.4 -1 0 10.2 
2003 4 27 5.0 13.3 24.4 -1 0 11.6 
2003 4 28 -2.2 8.3 18.8 -1 0 7.1 
2003 4 29 -2.2 9.4 18.3 -1 0 6.2 
2003 4 30 1.6 9.4 18.3 -1 0 4.0 
2003 5 1 -2.2 11.1 19.4 -1 0 3.5 
2003 5 2 -2.2 11.1 21.1 -1 0 8.4 
2003 5 3 1.6 13.8 24.4 -1 0 8.4 
2003 5 4 5.5 11.6 24.4 -1 0 11.1 
2003 5 5 6.6 8.3 12.7 -1 18 8.4 
2003 5 6 6.6 8.3 12.2 -1 10 6.7 
2003 5 7 0.0 10.5 22.2 -1 0 11.6 
2003 5 8 11.1 12.7 18.3 -1 8 12.5 
2003 5 9 8.8 10.5 14.4 -1 13 6.7 
2003 5 10 5.5 7.7 11.1 -1 3 8.0 
2003 5 11 3.8 7.2 15.0 -1 3 8.9 
2003 5 12 -0.5 9.4 19.4 -1 0 4.9 
2003 5 13 -0.5 8.8 19.4 -1 15 7.1 
2003 5 14 4.4 13.3 19.4 -1 23 8.4 
2003 5 15 3.8 12.7 21.1 -1 0 8.0 
2003 5 16 4.4 14.4 21.6 -1 3 10.2 
2003 5 17 8.3 13.3 20.5 -1 10 8.9 
2003 5 18 8.3 14.4 20.0 -1 13 5.8 
2003 5 19 6.6 9.4 16.1 -1 8 9.3 
2003 5 20 -1.1 6.6 16.6 -1 0 6.7 
2003 5 21 6.6 12.2 21.1 -1 0 7.1 
2003 5 22 2.7 13.3 22.7 -1 0 4.0 
2003 5 23 2.7 13.8 22.7 -1 0 6.2 
2003 5 24 6.6 15.5 23.3 -1 13 6.7 
2003 5 25 6.6 15.0 23.3 -1 0 6.7 
2003 5 26 9.4 18.3 26.1 -1 0 14.7 
2003 5 27 13.8 19.4 26.6 -1 5 8.4 
2003 5 28 11.6 20.0 27.7 -1 5 5.3 
2003 5 29 10.5 19.4 30.0 -1 0 8.4 
2003 5 30 12.2 19.4 30.0 -1 0 9.8 
2003 5 31 2.7 11.1 21.1 -1 0 5.8 
2003 6 1 11.1 14.4 18.8 -1 0 5.3 
2003 6 2 11.1 13.8 18.8 -1 5 5.3 
2003 6 3 10.5 12.7 16.1 -1 5 6.7 
2003 6 4 7.2 14.4 20.0 -1 3 4.9 
2003 6 5 7.2 14.4 21.1 -1 5 4.9 
2003 6 6 10.0 15.5 19.4 -1 10 6.7 
2003 6 7 5.0 12.7 19.4 -1 3 6.7 
2003 6 8 5.0 15.0 20.5 -1 0 6.7 
2003 6 9 11.1 15.5 20.5 -1 3 4.0 
2003 6 10 11.1 14.4 17.2 -1 5 6.2 
2003 6 11 8.8 14.4 20.5 -1 3 7.1 
2003 6 12 8.8 17.7 25.5 -1 3 7.1 
2003 6 13 8.8 18.3 26.1 -1 0 4.0 
2003 6 14 12.7 21.1 28.8 -1 0 7.1 
2003 6 15 13.3 23.3 31.1 -1 0 6.2 
2003 6 16 15.5 23.3 31.1 -1 0 4.9 
2003 6 17 13.8 22.7 30.5 -1 0 5.8 
2003 6 18 10.5 20.5 30.5 -1 0 5.8 
2003 6 19 8.8 18.8 28.3 -1 0 9.8 
2003 6 20 17.7 23.8 30.5 -1 0 12.9 
2003 6 21 18.3 24.4 31.1 -1 0 12.5 
2003 6 22 11.6 18.3 30.5 -1 0 8.0 
2003 6 23 11.6 18.8 25.0 -1 0 5.3 
2003 6 24 12.7 16.1 23.8 -1 5 6.7 
2003 6 25 10.5 12.7 18.3 -1 8 8.4 
2003 6 26 8.8 16.1 26.1 -1 0 7.1 
2003 6 27 9.4 19.4 25.5 -1 0 6.7 
2003 6 28 10.5 18.3 25.0 -1 0 6.7 
2003 6 29 10.0 19.4 28.3 -1 0 6.2 
2003 6 30 12.2 21.6 32.2 -1 0 8.4 
2003 7 1 12.2 27.2 34.4 -1 0 6.7 
2003 7 2 18.3 26.6 34.4 -1 0 4.9 
2003 7 3 16.6 23.8 33.3 -1 0 8.0 
2003 7 4 13.8 21.1 31.1 -1 13 11.6 
2003 7 5 13.3 23.3 32.7 -1 0 5.3 
2003 7 6 13.3 21.6 32.7 -1 3 8.4 
2003 7 7 10.5 18.3 25.0 -1 0 4.9 
2003 7 8 10.5 17.2 25.0 -1 0 8.4 
2003 7 9 11.1 18.3 25.0 -1 5 8.0 
2003 7 10 11.6 19.4 27.7 -1 0 9.3 
2003 7 11 11.6 21.1 27.7 -1 0 8.0 
2003 7 12 11.1 20.0 30.0 -1 0 6.7 
2003 7 13 11.1 25.0 37.7 -1 0 8.4 
2003 7 14 14.4 26.6 37.7 -1 0 8.9 
2003 7 15 12.2 23.3 32.2 -1 0 8.9 
2003 7 16 12.2 26.1 33.3 -1 8 6.2 
2003 7 17 16.1 21.6 30.0 -1 0 8.0 
2003 7 18 15.5 22.7 33.3 -1 0 6.7 
2003 7 19 15.5 26.6 37.2 -1 0 6.7 
2003 7 20 17.2 26.1 37.2 -1 0 7.1 
2003 7 21 11.6 20.5 30.0 -1 0 5.3 
2003 7 22 12.7 20.5 27.7 -1 0 3.5 
2003 7 23 11.1 22.2 32.7 -1 0 5.8 
2003 7 24 12.7 26.1 38.3 -1 0 7.1 
2003 7 25 18.8 28.8 38.3 -1 0 7.1 
2003 7 26 19.4 25.0 37.7 -1 0 6.7 
2003 7 27 14.4 20.0 28.8 -1 3 3.5 
2003 7 28 11.6 21.6 36.1 -1 3 4.9 
2003 7 29 11.1 22.7 35.5 -1 0 8.9 
2003 7 30 12.7 23.8 31.1 -1 0 6.7 
2003 7 31 11.6 21.1 31.1 -1 0 6.7 
2003 8 1 12.7 21.1 28.8 -1 0 5.3 
2003 8 2 10.5 21.1 29.4 -1 0 4.0 
2003 8 3 10.5 21.6 31.6 -1 0 5.3 
2003 8 4 11.1 22.2 31.6 -1 3 6.2 
2003 8 5 17.2 21.1 26.6 -1 0 6.7 
2003 8 6 10.5 20.0 30.5 -1 0 5.3 
2003 8 7 10.5 22.2 31.1 -1 3 8.9 
2003 8 8 15.5 26.1 34.4 -1 0 6.7 
2003 8 9 18.8 25.0 34.4 -1 0 7.1 
2003 8 10 15.5 22.2 32.2 -1 0 5.3 
2003 8 11 14.4 24.4 34.4 -1 0 8.4 
2003 8 12 14.4 26.6 35.0 -1 0 9.3 
2003 8 13 20.5 27.2 36.1 -1 0 11.6 
2003 8 14 20.5 28.3 39.4 -1 0 9.8 
2003 8 15 18.3 29.4 39.4 -1 0 6.2 
2003 8 16 17.7 28.3 37.7 -1 0 8.0 
2003 8 17 18.3 30.5 41.1 -1 0 8.4 
2003 8 18 18.3 30.0 41.1 -1 0 6.7 
2003 8 19 18.3 28.3 37.2 -1 0 6.7 
2003 8 20 18.8 28.8 37.2 -1 0 10.2 
2003 8 21 14.4 22.7 37.2 -1 0 9.8 
2003 8 22 13.8 22.2 31.6 -1 0 9.8 
2003 8 23 18.8 26.6 38.8 -1 0 9.3 
2003 8 24 15.5 27.2 38.8 -1 0 5.3 
2003 8 25 15.5 26.1 36.6 -1 0 5.8 
2003 8 26 12.2 23.8 36.6 -1 0 5.3 
2003 8 27 16.1 25.0 38.3 -1 0 11.6 
2003 8 28 15.0 22.7 37.7 -1 3 9.3 
2003 8 29 10.5 16.1 31.1 -1 0 7.1 
2003 8 30 6.1 15.0 25.0 -1 0 3.5 
2003 8 31 6.1 16.1 25.0 -1 0 4.0 
2003 9 1 10.0 21.1 32.2 -1 0 6.2 
2003 9 2 13.3 21.1 32.2 -1 0 8.0 
2003 9 3 8.8 17.2 26.6 -1 0 7.1 
2003 9 4 6.6 18.3 32.7 -1 0 6.7 
2003 9 5 6.6 22.7 35.5 -1 0 6.2 
2003 9 6 10.5 22.7 36.1 -1 0 4.0 
2003 9 7 12.2 25.0 36.1 -1 0 6.2 
2003 9 8 15.5 25.5 36.1 -1 0 12.5 
2003 9 9 18.8 25.0 30.0 -1 0 9.8 
2003 9 10 12.7 18.8 28.3 -1 33 8.4 
2003 9 11 12.2 17.2 27.2 -1 23 12.0 
2003 9 12 12.2 17.7 26.6 -1 3 4.0 
2003 9 13 8.8 13.3 16.6 -1 3 7.1 
2003 9 14 8.8 13.8 21.1 -1 0 7.1 
2003 9 15 4.4 15.0 28.3 -1 0 4.0 
2003 9 16 4.4 17.7 28.3 -1 0 8.9 
2003 9 17 10.0 15.0 26.1 -1 5 6.7 
2003 9 18 6.1 8.3 11.1 -1 8 8.0 
2003 9 19 -1.1 8.8 22.7 -1 0 6.7 
2003 9 20 7.7 15.0 25.5 -1 0 4.0 
2003 9 21 8.8 15.0 26.6 -1 3 6.7 
2003 9 22 5.0 12.2 20.0 -1 0 9.3 
2003 9 23 3.8 12.2 26.6 -1 0 12.0 
2003 9 24 6.1 10.0 17.2 -1 0 10.2 
2003 9 25 -1.1 7.2 21.1 -1 0 6.2 
2003 9 26 11.1 14.4 18.8 -1 0 12.9 
2003 9 27 5.0 10.0 18.3 -1 0 7.1 
2003 9 28 3.8 8.8 15.0 -1 0 4.9 
2003 9 29 1.6 8.3 15.0 -1 0 6.7 
2003 9 30 -4.4 5.0 13.3 -1 0 6.7 
2003 10 1 -6.6 3.8 13.3 -1 0 2.6 
2003 10 2 -5.5 7.2 22.7 -1 0 4.0 
2003 10 3 7.7 14.4 21.6 -1 0 6.2 
2003 10 4 4.4 14.4 26.1 -1 0 3.5 
2003 10 5 1.6 13.3 27.7 -1 0 2.2 
2003 10 6 2.2 13.8 29.4 -1 0 2.6 
2003 10 7 1.1 14.4 30.0 -1 0 3.5 
2003 10 8 1.1 15.5 30.0 -1 0 8.4 
2003 10 9 3.8 16.1 30.0 -1 0 6.7 
2003 10 10 4.4 17.2 30.0 -1 0 8.0 
2003 10 11 7.7 12.2 21.6 -1 3 8.4 
2003 10 12 1.1 8.8 18.3 -1 0 9.8 
2003 10 13 1.1 10.0 18.3 -1 0 6.2 
2003 10 14 1.6 9.4 18.3 -1 0 6.7 
2003 10 15 -3.8 5.5 12.7 -1 0 4.0 
2003 10 16 0.0 5.5 11.1 -1 0 4.0 
2003 10 17 -1.1 8.8 140.5 -1 0 5.8 
2003 10 18 3.8 13.8 27.7 -1 0 5.3 
2003 10 19 2.2 14.4 143.8 -1 0 5.3 
2003 10 20 10.0 17.7 22.7 -1 0 7.1 
2003 10 21 5.5 15.0 27.2 -1 0 8.0 
2003 10 22 5.5 14.4 27.2 -1 0 6.7 
2003 10 23 -1.1 8.3 17.7 -1 0 6.2 
2003 10 24 -0.5 10.0 16.6 -1 0 11.6 
2003 10 25 -1.1 2.2 14.4 -1 0 12.5 
2003 10 26 -5.0 1.6 9.4 -1 0 8.0 
2003 10 27 1.1 7.2 16.1 -1 5 11.6 
2003 10 28 2.7 6.1 16.1 -1 0 14.3 
2003 10 29 0.0 1.1 7.7 -1 3 6.7 
2003 10 30 -1.1 0.0 1.6 -1 3 6.2 
2003 10 31 -6.1 -2.2 -1.1 -1 0 6.7 
2003 11 1 -10.5 -6.6 -1.1 -1 0 5.8 
2003 11 2 -12.2 -6.1 -1.1 -1 0 3.5 
2003 11 3 -11.6 -7.7 -1.1 -1 0 6.7 
2003 11 4 -8.3 -6.6 -3.8 -1 3 5.8 
2003 11 5 -16.1 -11.1 -5.0 -1 0 8.0 
2003 11 6 -16.1 -10.0 -3.8 -1 0 6.2 
2003 11 7 -17.7 -10.0 -3.3 -1 0 6.2 
2003 11 8 -1.0 -11.6 -5.0 -1 0 5.3 
2003 11 9 -17.7 -5.5 -2.2 -1 0 5.3 
2003 11 10 -12.7 -7.2 1.1 -1 0 3.1 
2003 11 11 -11.6 0.5 5.5 -1 0 6.2 
2003 11 12 -4.4 0.0 5.5 -1 0 10.2 
2003 11 13 -12.7 -5.0 4.4 -1 0 5.8 
2003 11 14 -12.7 -3.3 4.4 -1 0 2.6 
2003 11 15 -8.3 -1.6 3.3 -1 0 2.2 
2003 11 16 -5.0 0.0 3.3 -1 0 3.5 
2003 11 17 -3.3 1.1 5.5 -1 0 4.9 
2003 11 18 -1.1 2.7 7.2 -1 0 6.2 
2003 11 19 -1.1 6.1 13.3 -1 0 6.7 
2003 11 20 -2.2 5.0 11.6 -1 0 11.1 
2003 11 21 -10.0 -7.2 -1.6 -1 0 4.0 
2003 11 22 -12.2 -10.5 -7.7 -1 0 5.8 
2003 11 23 -16.1 -12.2 -10.5 -1 0 5.8 
2003 11 24 -22.2 -14.4 -7.2 -1 0 5.8 
2003 11 25 -8.3 -4.4 -1.1 -1 3 10.2 
2003 11 26 -17.2 -9.4 0.5 -1 0 3.5 
2003 11 27 -7.2 -4.4 0.0 -1 0 11.6 
2003 11 28 -18.8 -10.5 -2.2 -1 0 8.9 
2003 11 29 -7.7 -2.2 8.3 -1 0 6.7 
2003 11 30 -8.8 3.3 7.7 -1 0 11.6 
2003 12 1 -8.8 -2.2 6.6 -1 0 6.7 
2003 12 2 -7.2 -3.3 2.7 -1 0 5.8 
2003 12 3 -7.2 -2.2 3.3 -1 0 5.8 
2003 12 4 -6.1 -0.5 3.3 -1 0 12.5 
2003 12 5 -8.8 -6.6 -3.8 -1 0 9.3 
2003 12 6 -7.2 -4.4 1.6 -1 0 9.8 
2003 12 7 -8.8 -3.3 3.8 -1 0 4.0 
2003 12 8 -7.7 -0.5 3.8 -1 0 6.2 
2003 12 9 -13.3 -10.0 1.1 -1 0 6.2 
2003 12 10 -14.4 -10.0 -6.1 -1 0 5.8 
2003 12 11 -20.5 -15.0 -5.5 -1 0 5.3 
2003 12 12 -11.1 -7.7 -3.8 -1 0 4.0 
2003 12 13 -12.2 -6.1 7.2 -1 0 6.2 
2003 12 14 -11.6 -2.7 7.2 -1 0 5.3 
2003 12 15 -11.1 -2.2 4.4 -1 3 9.8 
2003 12 16 -7.2 -5.0 1.1 -1 0 8.4 
2003 12 17 -8.3 -1.6 7.7 -1 0 12.0 
2003 12 18 -8.3 0.5 7.7 -1 0 9.8 
2003 12 19 -10.5 -3.8 3.8 -1 0 5.3 
2003 12 20 -9.4 -1.6 10.5 -1 0 3.5 
2003 12 21 -7.7 2.7 10.5 -1 0 8.9 
2003 12 22 -3.3 0.5 8.3 -1 0 8.0 
2003 12 23 -11.1 -3.8 4.4 -1 0 4.9 
2003 12 24 -10.0 -4.4 6.6 -1 0 4.0 
2003 12 25 -10.0 -0.5 6.6 -1 0 4.9 
2003 12 26 -4.4 0.5 5.5 -1 0 3.5 
2003 12 27 -1.6 0.5 5.5 -1 3 4.0 
2003 12 28 -7.2 -3.8 0.5 -1 5 9.3 
2003 12 29 -10.0 -7.2 -3.3 -1 0 6.2 
2003 12 30 -16.1 -12.7 -10.0 -1 3 3.5 
2003 12 31 -23.3 -16.6 -7.2 -1 3 4.9 
