2003 1 1 12.2 17.7 20.0 -1 28 6.2 
2003 1 2 11.1 13.3 20.0 -1 0 8.0 
2003 1 3 10.0 12.2 13.8 -1 13 3.5 
2003 1 4 6.1 8.3 17.2 -1 3 5.8 
2003 1 5 -0.5 5.0 9.4 -1 0 3.1 
2003 1 6 -0.5 8.3 11.6 -1 0 2.6 
2003 1 7 1.1 4.4 11.6 -1 0 8.0 
2003 1 8 1.1 7.2 10.5 -1 0 7.1 
2003 1 9 5.0 12.7 16.6 -1 0 9.3 
2003 1 10 10.0 12.7 17.2 -1 0 7.1 
2003 1 11 0.5 5.0 14.4 -1 0 3.5 
2003 1 12 -0.5 2.7 7.2 -1 0 3.5 
2003 1 14 -1.6 6.1 7.2 -1 0 4.9 
2003 1 15 2.7 4.4 8.3 -1 0 3.5 
2003 1 16 0.5 2.7 8.3 -1 0 3.5 
2003 1 17 0.5 4.4 14.4 -1 15 5.8 
2003 1 18 -1.6 0.0 1.1 -1 0 4.0 
2003 1 19 -2.7 0.5 2.7 -1 0 4.9 
2003 1 20 0.0 6.6 11.1 -1 0 9.3 
2003 1 21 3.8 6.6 12.2 -1 0 6.7 
2003 1 22 0.0 1.6 11.1 -1 3 6.2 
2003 1 23 -6.1 -2.2 2.7 -1 0 6.7 
2003 1 24 -7.7 -5.0 1.1 -1 0 8.0 
2003 1 25 -7.7 3.3 13.8 -1 0 3.5 
2003 1 26 -5.5 6.1 15.5 -1 0 3.1 
2003 1 27 0.5 6.1 16.1 -1 0 6.2 
2003 1 28 -3.3 3.3 12.7 -1 0 3.1 
2003 1 29 2.7 7.2 13.3 -1 0 4.9 
2003 1 30 2.7 7.7 12.7 -1 0 5.3 
2003 1 31 4.4 9.4 17.2 -1 10 3.5 
2003 2 2 2.7 5.0 7.7 -1 0 3.5 
2003 2 3 1.6 7.2 11.6 -1 0 3.5 
2003 2 4 12.7 12.7 13.8 -1 5 22.3 
2003 2 5 2.2 7.7 16.1 -1 0 4.0 
2003 2 6 2.2 6.1 8.8 -1 0 5.3 
2003 2 7 3.3 8.8 13.8 -1 18 5.3 
2003 2 8 2.7 3.8 4.4 -1 0 3.5 
2003 2 9 -0.5 4.4 9.4 -1 0 1.7 
2003 2 10 -0.5 6.1 9.4 -1 3 3.5 
2003 2 12 3.8 9.4 13.3 -1 0 6.2 
2003 2 13 3.3 6.6 13.8 -1 0 5.3 
2003 2 14 3.3 7.7 10.5 -1 0 4.9 
2003 2 15 3.8 12.2 16.1 -1 0 3.5 
2003 2 16 7.2 11.1 16.1 -1 3 5.8 
2003 2 18 1.1 2.7 4.4 -1 3 4.0 
2003 2 19 -1.6 3.3 11.1 -1 0 2.2 
2003 2 20 -1.6 7.2 11.6 -1 0 4.9 
2003 2 21 5.0 8.8 15.0 -1 0 3.5 
2003 2 22 6.6 13.3 18.3 -1 0 4.0 
2003 2 24 0.0 8.3 18.3 -1 0 5.3 
2003 2 25 8.8 11.6 15.0 -1 0 6.7 
2003 2 26 5.0 6.6 13.3 -1 0 6.7 
2003 2 27 5.5 8.3 11.1 -1 3 5.3 
2003 2 28 6.1 7.7 11.6 -1 23 3.5 
2003 3 2 11.1 11.6 12.7 -1 5 4.9 
2003 3 3 5.5 8.3 15.0 -1 3 6.2 
2003 3 4 2.7 7.7 16.1 -1 0 4.0 
2003 3 5 6.6 13.8 18.3 -1 13 5.8 
2003 3 6 11.6 13.3 18.3 -1 0 6.7 
2003 3 7 5.0 8.3 17.7 -1 5 6.2 
2003 3 8 4.4 6.6 10.0 -1 13 5.3 
2003 3 9 4.4 9.4 16.6 -1 0 3.5 
2003 3 10 5.5 10.0 17.2 -1 0 6.7 
2003 3 11 3.8 7.7 15.0 -1 0 8.0 
2003 3 12 5.0 8.8 15.0 -1 23 3.5 
2003 3 13 6.1 13.8 19.4 -1 0 3.5 
2003 3 14 6.6 11.1 19.4 -1 0 8.4 
2003 3 15 5.5 10.0 16.6 -1 0 5.8 
2003 3 16 7.7 15.5 18.3 -1 18 4.0 
2003 3 17 12.7 15.0 22.7 -1 43 3.5 
2003 3 20 10.0 15.0 19.4 -1 3 8.4 
2003 3 21 12.7 17.2 18.8 -1 36 7.1 
2003 3 22 12.2 15.5 19.4 -1 30 3.1 
2003 3 23 10.0 15.5 20.5 -1 0 3.5 
2003 3 24 10.0 16.1 18.8 -1 0 3.5 
2003 3 25 11.1 14.4 18.8 -1 0 3.5 
2003 3 26 10.5 16.1 20.5 -1 0 4.9 
2003 3 27 11.1 15.0 21.1 -1 0 4.9 
2003 3 28 11.1 18.3 23.3 -1 3 4.9 
2003 3 29 15.0 20.0 23.3 -1 0 6.7 
2003 3 30 10.5 17.7 23.3 -1 8 6.2 
2003 3 31 3.8 6.6 8.3 -1 8 6.7 
2003 4 1 3.8 11.1 15.5 -1 0 7.1 
2003 4 2 8.8 16.6 20.0 -1 0 9.8 
2003 4 6 12.7 16.1 21.6 -1 0 6.2 
2003 4 7 10.0 15.0 20.5 -1 3 6.7 
2003 4 9 8.8 10.0 12.7 -1 8 4.9 
2003 4 10 7.7 8.8 12.7 -1 64 9.3 
2003 4 11 8.3 11.1 14.4 -1 18 4.9 
2003 4 12 8.3 11.1 15.5 -1 18 6.7 
2003 4 13 9.4 13.8 17.2 -1 0 6.7 
2003 4 16 15.0 17.7 21.1 -1 0 3.1 
2003 4 17 15.0 18.8 22.7 -1 0 4.0 
2003 4 18 12.2 15.0 23.3 -1 3 4.9 
2003 4 19 11.6 14.4 22.7 -1 15 5.8 
2003 4 20 8.3 10.0 15.0 -1 0 5.3 
2003 4 22 8.8 16.6 22.2 -1 0 3.5 
2003 4 23 12.7 15.5 22.2 -1 0 5.3 
2003 4 24 12.7 15.0 17.2 -1 0 3.5 
2003 4 25 12.7 16.6 20.5 -1 5 3.5 
2003 4 27 14.4 16.1 22.7 -1 3 3.5 
2003 4 28 12.2 17.2 21.6 -1 0 2.2 
2003 4 29 13.3 20.5 22.7 -1 0 5.8 
2003 4 30 16.6 20.5 23.3 -1 5 5.8 
2003 5 1 19.4 22.2 24.4 -1 0 4.9 
2003 5 2 17.2 20.0 24.4 -1 38 4.0 
2003 5 3 16.1 20.0 22.7 -1 30 4.9 
2003 5 4 13.3 14.4 21.1 -1 0 5.3 
2003 5 5 10.5 13.8 20.5 -1 0 8.4 
2003 5 6 20.5 22.2 23.8 -1 28 6.2 
2003 5 7 20.5 21.6 23.8 -1 0 4.0 
2003 5 8 19.4 22.7 27.7 -1 5 5.3 
2003 5 9 19.4 22.7 27.7 -1 0 3.5 
2003 5 10 18.8 22.7 26.6 -1 13 3.5 
2003 5 11 18.8 23.8 26.6 -1 0 5.3 
2003 5 12 22.2 23.8 26.1 -1 0 7.1 
2003 5 13 19.4 22.2 26.1 -1 0 6.7 
2003 5 14 18.3 21.1 23.8 -1 0 3.5 
2003 5 15 17.2 20.5 24.4 -1 0 3.5 
2003 5 17 16.6 17.7 24.4 -1 0 4.9 
2003 5 18 14.4 15.5 18.8 -1 0 6.7 
2003 5 19 12.7 14.4 17.7 -1 28 5.8 
2003 5 20 12.7 17.7 23.8 -1 3 6.7 
2003 5 21 13.3 18.8 23.8 -1 0 2.2 
2003 5 22 13.3 20.5 24.4 -1 0 3.1 
2003 5 23 16.6 20.0 23.8 -1 0 5.8 
2003 5 24 17.2 19.4 21.6 -1 66 7.1 
2003 5 25 15.5 18.8 25.0 -1 0 3.5 
2003 5 26 15.5 21.1 25.0 -1 0 3.5 
2003 5 27 16.1 18.8 24.4 -1 18 4.9 
2003 5 28 15.0 16.6 20.5 -1 48 3.5 
2003 5 29 15.5 21.1 23.8 -1 0 5.3 
2003 5 30 17.7 20.0 24.4 -1 0 5.8 
2003 5 31 17.7 21.6 24.4 -1 0 5.3 
2003 6 2 17.7 20.5 23.8 -1 0 3.5 
2003 6 4 16.1 22.7 24.4 -1 5 5.3 
2003 6 5 21.1 23.8 26.6 -1 15 7.1 
2003 6 6 17.7 22.7 26.6 -1 0 1.7 
2003 6 7 17.7 23.3 26.6 -1 13 16.0 
2003 6 8 21.6 23.3 25.0 -1 23 8.0 
2003 6 9 22.2 24.4 28.3 -1 5 6.7 
2003 6 10 20.5 23.8 28.3 -1 0 2.2 
2003 6 11 20.5 25.5 28.3 -1 0 5.3 
2003 6 12 23.8 25.5 28.8 -1 0 5.8 
2003 6 13 23.8 26.1 28.8 -1 0 5.3 
2003 6 14 23.8 25.5 28.3 -1 0 6.2 
2003 6 15 23.3 25.0 28.8 -1 3 6.2 
2003 6 16 21.1 22.7 28.8 -1 36 4.0 
2003 6 17 20.5 23.3 25.5 -1 0 6.2 
2003 6 18 20.5 23.3 26.6 -1 38 11.1 
2003 6 19 21.6 24.4 27.2 -1 8 3.5 
2003 6 20 21.1 24.4 26.6 -1 3 4.0 
2003 6 21 20.5 23.3 27.2 -1 0 3.5 
2003 6 22 19.4 21.6 25.0 -1 0 3.1 
2003 6 23 19.4 24.4 28.8 -1 0 3.5 
2003 6 24 22.7 26.1 29.4 -1 0 4.0 
2003 6 26 19.4 26.1 32.2 -1 0 3.5 
2003 6 27 23.8 26.1 30.0 -1 0 5.3 
2003 6 28 23.8 26.6 28.8 -1 0 4.0 
2003 6 29 22.2 26.1 28.8 -1 5 2.6 
2003 6 30 22.2 26.1 28.8 -1 0 2.6 
2003 7 1 24.4 26.1 29.4 -1 0 3.5 
2003 7 2 21.6 24.4 27.7 -1 0 5.3 
2003 7 3 21.6 25.0 27.2 -1 43 8.4 
2003 7 4 22.7 25.0 27.7 -1 0 6.2 
2003 7 5 23.3 25.5 28.3 -1 0 -1.0 
2003 7 6 23.8 26.1 28.8 -1 0 6.7 
2003 7 8 24.4 27.2 32.2 -1 0 5.8 
2003 7 9 24.4 26.1 32.2 -1 0 5.3 
2003 7 10 23.8 26.1 29.4 -1 0 5.8 
2003 7 11 23.8 26.6 28.8 -1 0 6.7 
2003 7 12 21.1 25.0 28.8 -1 28 6.2 
2003 7 13 21.6 24.4 27.2 -1 15 4.0 
2003 7 14 20.5 22.7 27.2 -1 38 3.5 
2003 7 15 20.5 25.0 28.3 -1 18 3.5 
2003 7 16 22.2 25.5 28.3 -1 3 4.9 
2003 7 17 22.7 26.1 28.3 -1 0 5.3 
2003 7 18 23.3 26.1 28.3 -1 0 3.5 
2003 7 19 23.3 25.0 28.8 -1 3 5.3 
2003 7 20 20.5 24.4 28.3 -1 5 3.1 
2003 7 21 20.5 25.5 29.4 -1 0 3.5 
2003 7 22 22.2 27.2 29.4 -1 0 7.1 
2003 7 23 22.7 25.5 29.4 -1 3 7.1 
2003 7 24 22.7 24.4 26.1 -1 5 6.7 
2003 7 25 21.1 23.8 25.5 -1 0 3.1 
2003 7 26 22.2 24.4 29.4 -1 61 2.2 
2003 7 27 22.2 26.1 29.4 -1 0 4.9 
2003 7 28 24.4 26.1 28.8 -1 0 6.2 
2003 7 29 24.4 26.1 28.8 -1 0 4.0 
2003 7 30 24.4 26.6 29.4 -1 0 3.5 
2003 7 31 24.4 26.6 30.0 -1 0 2.6 
2003 8 1 24.4 27.2 29.4 -1 0 4.0 
2003 8 2 24.4 27.2 29.4 -1 0 4.9 
2003 8 3 22.7 26.1 29.4 -1 3 4.9 
2003 8 4 22.7 24.4 27.7 -1 10 5.8 
2003 8 5 21.1 24.4 26.6 -1 33 4.0 
2003 8 6 21.1 26.1 27.7 -1 0 4.9 
2003 8 7 20.0 23.3 25.5 -1 13 5.3 
2003 8 8 21.1 23.8 25.0 -1 5 4.9 
2003 8 9 21.6 23.3 25.5 -1 30 5.3 
2003 8 10 21.6 23.3 25.0 -1 48 4.0 
2003 8 11 21.6 23.8 25.5 -1 15 4.0 
2003 8 12 22.2 26.1 28.3 -1 0 3.5 
2003 8 14 23.3 26.6 29.4 -1 5 2.6 
2003 8 15 23.3 26.6 30.0 -1 0 1.7 
2003 8 16 23.3 26.6 30.5 -1 0 4.9 
2003 8 17 24.4 25.5 29.4 -1 0 5.3 
2003 8 18 21.1 23.8 27.7 -1 58 5.3 
2003 8 19 21.6 24.4 28.8 -1 0 3.5 
2003 8 20 22.2 26.6 30.5 -1 0 3.1 
2003 8 21 22.7 26.1 30.5 -1 0 3.1 
2003 8 22 22.7 27.2 30.0 -1 0 3.1 
2003 8 23 25.0 27.2 30.5 -1 0 4.9 
2003 8 24 22.7 25.5 30.5 -1 0 2.6 
2003 8 25 16.6 23.3 28.8 -1 0 2.2 
2003 8 26 25.5 26.6 28.8 -1 0 3.5 
2003 8 27 24.4 26.6 29.4 -1 0 4.9 
2003 8 28 24.4 26.6 29.4 -1 0 4.9 
2003 8 29 24.4 26.1 29.4 -1 0 3.5 
2003 8 30 23.3 26.1 29.4 -1 0 3.5 
2003 8 31 23.3 26.1 29.4 -1 0 3.5 
2003 9 1 21.6 26.6 29.4 -1 0 5.8 
2003 9 2 21.6 26.6 33.8 -1 0 2.6 
2003 9 3 24.4 27.2 30.5 -1 0 3.1 
2003 9 4 23.8 27.2 29.4 -1 0 3.5 
2003 9 5 22.7 25.0 29.4 -1 5 4.9 
2003 9 6 21.6 23.3 27.2 -1 0 4.0 
2003 9 7 21.6 23.3 26.1 -1 0 3.5 
2003 9 8 22.2 23.3 26.1 -1 10 4.9 
2003 9 10 22.2 23.3 25.0 -1 3 6.7 
2003 9 11 20.5 21.6 24.4 -1 0 6.7 
2003 9 12 20.5 22.7 25.5 -1 51 9.3 
2003 9 13 20.5 22.7 26.6 -1 3 4.0 
2003 9 14 20.0 22.2 27.2 -1 0 2.6 
2003 9 15 20.0 23.3 27.2 -1 8 3.5 
2003 9 16 20.0 23.3 27.2 -1 0 4.0 
2003 9 17 20.0 22.7 25.5 -1 0 5.8 
2003 9 22 22.2 24.4 28.8 -1 0 5.3 
2003 9 23 22.2 25.0 28.8 -1 3 6.7 
2003 9 24 19.4 23.3 26.6 -1 10 3.5 
2003 9 25 19.4 23.8 27.2 -1 0 4.0 
2003 9 26 20.5 24.4 27.7 -1 0 2.6 
2003 9 27 20.5 25.0 28.8 -1 0 6.7 
2003 9 28 21.6 23.8 28.8 -1 20 3.5 
2003 9 29 18.3 22.2 27.2 -1 0 3.5 
2003 9 30 17.7 20.0 23.3 -1 0 3.5 
2003 10 2 17.2 18.8 22.2 -1 0 3.5 
2003 10 3 13.3 16.6 22.2 -1 0 4.0 
2003 10 4 12.2 17.2 21.1 -1 0 2.2 
2003 10 5 12.7 19.4 22.2 -1 0 3.1 
2003 10 6 12.7 18.8 24.4 -1 0 1.7 
2003 10 7 12.7 20.0 24.4 -1 0 4.0 
2003 10 8 15.0 21.1 24.4 -1 3 5.8 
2003 10 9 17.7 22.2 26.1 -1 18 6.7 
2003 10 10 20.0 21.6 26.1 -1 25 3.5 
2003 10 11 19.4 20.5 22.2 -1 8 4.0 
2003 10 12 17.7 19.4 22.2 -1 3 3.5 
2003 10 13 17.7 21.1 23.8 -1 0 3.5 
2003 10 14 16.6 18.3 23.8 -1 23 -1.0 
2003 10 17 11.1 16.1 22.2 -1 0 1.7 
2003 10 18 11.1 18.3 22.2 -1 18 5.8 
2003 10 19 12.7 15.5 18.8 -1 0 3.5 
2003 10 20 11.6 16.1 22.7 -1 0 2.2 
2003 10 21 11.6 20.5 23.3 -1 0 7.1 
2003 10 22 18.3 21.1 23.3 -1 0 9.3 
2003 10 23 10.5 12.7 14.4 -1 0 4.9 
2003 10 24 7.7 11.6 15.5 -1 0 3.5 
2003 10 25 10.0 17.2 22.7 -1 0 6.7 
2003 10 27 20.0 21.6 25.0 -1 20 4.0 
2003 10 28 17.2 20.0 23.8 -1 5 3.1 
2003 10 29 13.8 18.8 23.8 -1 79 6.2 
2003 10 30 10.5 17.2 23.8 -1 3 3.5 
2003 10 31 10.5 17.7 22.2 -1 0 4.0 
2003 11 1 16.1 18.8 22.2 -1 0 4.9 
2003 11 2 16.1 18.8 22.7 -1 0 3.5 
2003 11 3 17.2 21.1 27.2 -1 0 3.5 
2003 11 4 20.0 21.6 23.3 -1 10 2.6 
2003 11 5 20.5 22.7 27.2 -1 0 4.9 
2003 11 7 19.4 21.6 25.0 -1 0 4.9 
2003 11 8 15.0 17.2 23.3 -1 0 6.2 
2003 11 9 12.2 13.3 18.3 -1 0 6.2 
2003 11 10 12.2 15.0 19.4 -1 0 5.3 
2003 11 11 13.3 16.6 22.2 -1 0 2.6 
2003 11 13 17.2 20.5 22.7 -1 0 8.0 
2003 11 14 6.1 9.4 12.2 -1 0 8.9 
2003 11 15 6.1 11.6 15.0 -1 0 5.3 
2003 11 16 8.8 13.8 19.4 -1 0 2.2 
2003 11 17 11.1 18.3 21.6 -1 0 3.5 
2003 11 18 15.5 18.3 23.8 -1 0 4.0 
2003 11 19 15.5 21.1 23.8 -1 0 8.9 
2003 11 20 12.7 14.4 23.8 -1 56 4.9 
2003 11 21 12.2 14.4 17.2 -1 0 3.5 
2003 11 22 12.2 16.1 18.3 -1 0 2.6 
2003 11 23 10.0 15.0 21.1 -1 0 2.6 
2003 11 24 10.0 15.5 21.6 -1 0 6.7 
2003 11 25 11.1 15.5 21.6 -1 0 7.1 
2003 11 26 10.5 12.7 20.0 -1 0 4.0 
2003 11 27 12.2 13.8 16.1 -1 0 3.1 
2003 11 28 12.2 17.7 22.7 -1 0 6.7 
2003 11 29 4.4 11.6 23.3 -1 10 9.3 
2003 11 30 5.5 8.8 13.3 -1 0 6.2 
2003 12 1 6.6 13.3 15.0 -1 0 6.7 
2003 12 2 6.6 10.0 15.5 -1 0 5.8 
2003 12 3 4.4 6.6 10.5 -1 0 3.5 
2003 12 4 4.4 7.2 12.2 -1 0 3.5 
2003 12 5 6.6 12.2 16.1 -1 28 8.4 
2003 12 6 5.0 7.2 16.1 -1 0 5.8 
2003 12 7 2.7 4.4 7.2 -1 0 5.8 
2003 12 8 2.7 5.5 7.2 -1 0 4.0 
2003 12 9 -1.6 2.2 11.1 -1 0 2.2 
2003 12 10 7.7 13.3 17.7 -1 0 5.8 
2003 12 11 10.0 14.4 18.8 -1 41 9.8 
2003 12 12 5.5 8.3 18.3 -1 0 4.9 
2003 12 13 5.5 7.7 10.0 -1 0 5.3 
2003 12 14 7.2 14.4 18.8 640 3 9.3 
2003 12 15 5.5 8.3 18.8 -1 18 7.1 
2003 12 16 2.2 7.7 13.8 -1 0 2.2 
2003 12 17 9.4 15.0 18.3 -1 0 6.7 
2003 12 18 3.8 6.6 18.3 -1 0 6.7 
2003 12 19 1.6 5.5 8.3 -1 0 4.9 
2003 12 20 2.2 4.4 7.7 -1 0 4.9 
2003 12 21 1.1 3.3 5.5 -1 0 5.3 
2003 12 22 1.1 6.6 13.3 -1 0 3.5 
2003 12 23 5.0 15.5 20.0 -1 0 5.3 
2003 12 24 11.6 17.2 20.0 -1 30 8.4 
2003 12 25 7.2 10.5 18.8 -1 13 3.5 
2003 12 28 5.5 7.2 10.5 -1 0 3.5 
2003 12 29 5.0 9.4 18.8 -1 0 2.6 
2003 12 30 5.0 15.0 18.8 -1 0 7.1 
2003 12 31 6.6 8.8 17.2 -1 0 4.0 
