2003 1 1 -12.2 -3.3 0.5 -1 10 6.2 
2003 1 2 -13.8 -12.2 -10.0 -1 0 8.0 
2003 1 3 -17.7 -12.7 -7.7 -1 0 3.5 
2003 1 4 -12.7 -9.4 -5.5 -1 0 6.2 
2003 1 5 -11.1 -6.6 -3.8 -1 0 6.7 
2003 1 6 -10.5 -7.2 -3.3 -1 0 1.7 
2003 1 7 -11.6 -7.2 -4.4 -1 0 5.3 
2003 1 8 -1.0 -11.6 -5.0 -1 0 1.7 
2003 1 9 -21.1 -13.8 -7.7 -1 0 5.3 
2003 1 10 -21.6 -17.2 -11.1 -1 0 3.1 
2003 1 11 -21.6 -17.2 -12.2 -1 0 5.3 
2003 1 12 -20.5 -14.4 -8.8 -1 0 5.8 
2003 1 13 -17.7 -12.2 -8.8 -1 3 4.0 
2003 1 14 -17.7 -14.4 -10.0 -1 0 6.2 
2003 1 15 -25.5 -19.4 -12.2 -1 0 3.1 
2003 1 16 -25.5 -16.1 -12.7 -1 0 3.5 
2003 1 17 -20.5 -17.7 -12.7 -1 0 5.3 
2003 1 18 -28.8 -22.2 -14.4 -1 0 5.8 
2003 1 19 -28.8 -16.6 -8.3 -1 0 2.2 
2003 1 20 -22.2 -12.2 -8.3 -1 0 0.8 
2003 1 21 -20.5 -15.0 -10.5 -1 0 9.3 
2003 1 22 -23.3 -20.5 -11.6 -1 0 9.3 
2003 1 23 -18.8 -15.0 -10.5 -1 -1 6.2 
2003 1 24 -20.5 -16.1 -10.5 -1 0 12.5 
2003 1 25 -22.2 -17.2 -11.1 -1 0 4.9 
2003 1 26 -13.3 -10.0 -6.1 -1 0 3.1 
2003 1 27 -17.7 -11.1 -6.1 -1 3 8.4 
2003 1 28 -23.8 -19.4 -6.1 -1 0 8.4 
2003 1 29 -23.8 -13.3 -5.0 -1 0 4.9 
2003 1 30 -22.2 -12.7 -5.0 -1 0 3.5 
2003 1 31 -22.2 -10.0 -2.7 -1 0 2.2 
2003 2 1 -1.0 -6.1 2.2 -1 0 2.6 
2003 2 2 -3.8 -2.7 -1.1 -1 3 10.2 
2003 2 3 -5.5 -3.3 -1.1 -1 99 14.3 
2003 2 4 -14.4 -8.8 -1.6 -1 43 4.9 
2003 2 5 -14.4 -8.3 2.2 -1 15 9.3 
2003 2 6 -20.5 -15.0 -11.6 -1 3 8.0 
2003 2 7 -21.1 -15.0 -10.5 -1 15 2.6 
2003 2 8 -23.3 -15.0 -6.1 -1 15 5.3 
2003 2 9 -10.0 -7.7 -2.7 -1 0 6.2 
2003 2 10 -22.7 -12.7 -2.2 -1 0 6.2 
2003 2 11 -22.7 -12.7 -4.4 -1 0 8.0 
2003 2 12 -26.1 -20.0 -6.6 -1 0 0.8 
2003 2 13 -26.1 -20.0 -12.2 -1 0 6.7 
2003 2 14 -28.8 -25.0 -16.6 -1 0 8.0 
2003 2 15 -27.2 -24.4 -20.0 -1 0 8.9 
2003 2 16 -27.2 -23.3 -17.2 -1 0 8.4 
2003 2 17 -28.8 -21.1 -12.2 -1 0 4.9 
2003 2 18 -19.4 -13.3 -4.4 -1 0 0.8 
2003 2 19 -20.0 -7.2 -2.2 -1 0 4.0 
2003 2 20 -3.8 -1.1 2.2 -1 0 6.2 
2003 2 21 -8.8 -3.3 0.0 -1 0 6.7 
2003 2 22 -12.2 -10.5 -8.8 -1 0 3.1 
2003 2 23 -8.8 -7.7 -3.8 -1 3 5.3 
2003 2 24 -13.3 -9.4 -4.4 -1 8 8.4 
2003 2 25 -17.7 -13.3 -5.5 -1 0 8.0 
2003 2 26 -25.5 -19.4 -13.3 -1 0 6.7 
2003 2 27 -29.4 -20.0 -8.3 -1 0 1.7 
2003 2 28 -29.4 -15.0 -5.0 -1 0 1.7 
2003 3 2 -7.7 -3.8 1.1 -1 5 5.3 
2003 3 3 -17.7 -6.6 1.1 -1 10 12.0 
2003 3 4 -23.3 -17.7 -11.1 -1 0 6.7 
2003 3 5 -13.8 -11.1 -6.6 -1 0 3.5 
2003 3 6 -15.0 -10.0 -6.6 -1 5 8.9 
2003 3 7 -21.6 -13.8 -5.5 -1 0 4.9 
2003 3 8 -11.1 -6.6 0.0 -1 0 8.4 
2003 3 9 -11.1 -1.6 1.1 -1 8 8.4 
2003 3 10 -22.2 -16.6 -11.1 -1 0 6.2 
2003 3 11 -22.2 -12.7 -3.3 -1 0 6.7 
2003 3 12 -7.7 -3.8 0.0 -1 0 5.8 
2003 3 13 -17.7 -11.1 0.5 -1 0 6.7 
2003 3 14 -19.4 -16.1 -8.8 -1 0 8.9 
2003 3 15 -23.3 -12.7 -1.1 -1 0 3.5 
2003 3 16 -11.1 -6.6 -2.2 -1 0 3.5 
2003 3 17 -2.7 -1.1 1.1 -1 5 3.5 
2003 3 18 -7.7 -3.8 -1.6 -1 -1 9.3 
2003 3 19 -17.2 -9.4 -1.6 -1 0 6.7 
2003 3 20 -13.8 -4.4 8.3 -1 0 2.6 
2003 3 21 -1.1 2.2 6.6 -1 5 3.1 
2003 3 22 -0.5 3.3 6.6 -1 5 3.5 
2003 3 23 -2.2 0.5 3.8 -1 3 3.5 
2003 3 24 -2.7 1.6 4.4 -1 0 3.5 
2003 3 25 -2.7 1.6 4.4 -1 0 6.2 
2003 3 26 -1.1 2.2 3.3 -1 5 4.0 
2003 3 27 0.5 2.2 5.0 -1 3 5.3 
2003 3 28 -3.8 1.1 7.2 -1 0 3.5 
2003 3 29 -4.4 5.0 9.4 -1 0 6.2 
2003 3 30 -1.1 3.8 7.7 -1 3 4.9 
2003 3 31 -3.8 -2.7 -1.6 -1 8 8.4 
2003 4 1 -12.7 -6.6 -3.8 -1 0 5.8 
2003 4 2 -17.7 -7.2 2.2 -1 0 4.0 
2003 4 3 -17.7 -4.4 2.2 -1 0 8.4 
2003 4 4 -15.0 -9.4 -1.6 -1 0 7.1 
2003 4 5 -16.6 -9.4 -4.4 -1 3 3.1 
2003 4 6 -7.2 -5.0 -2.2 -1 5 8.4 
2003 4 7 -12.2 -6.6 -2.7 -1 0 6.7 
2003 4 8 -13.3 -5.0 2.2 -1 0 2.6 
2003 4 9 -7.7 -0.5 6.1 -1 0 2.6 
2003 4 10 -7.7 1.1 9.4 -1 0 2.6 
2003 4 11 -8.3 5.0 11.1 -1 0 5.3 
2003 4 12 -1.1 5.0 12.7 -1 0 5.8 
2003 4 13 -2.7 1.1 6.1 -1 0 8.0 
2003 4 14 -7.2 -0.5 6.6 -1 0 5.3 
2003 4 15 2.7 4.4 7.2 -1 3 5.3 
2003 4 16 -6.1 0.5 8.3 -1 3 10.2 
2003 4 17 -15.0 -8.3 1.6 -1 0 8.9 
2003 4 18 -15.0 -2.7 6.1 -1 0 5.3 
2003 4 19 1.1 4.4 8.8 -1 0 4.0 
2003 4 20 2.7 6.1 10.5 -1 0 0.8 
2003 4 21 2.7 9.4 16.6 -1 0 5.3 
2003 4 22 3.8 7.7 16.6 -1 3 4.0 
2003 4 23 3.8 6.6 12.2 -1 8 1.7 
2003 4 24 2.2 3.8 8.3 -1 8 5.3 
2003 4 25 2.2 3.3 6.1 -1 0 3.5 
2003 4 26 -3.3 3.8 10.0 -1 0 5.3 
2003 4 27 -3.3 5.5 10.0 -1 5 3.5 
2003 4 28 2.7 6.6 11.6 -1 0 3.5 
2003 4 29 2.2 9.4 14.4 -1 5 8.4 
2003 4 30 -1.6 3.8 14.4 -1 0 7.1 
2003 5 1 -2.7 2.2 10.0 -1 10 3.5 
2003 5 2 -2.7 5.0 7.2 -1 8 3.5 
2003 5 3 -1.1 4.4 11.1 -1 3 6.7 
2003 5 4 -1.1 8.3 16.6 -1 0 8.4 
2003 5 5 -1.1 8.3 16.6 -1 0 5.8 
2003 5 6 -1.1 8.8 16.1 -1 3 5.3 
2003 5 7 3.3 7.7 14.4 -1 13 6.2 
2003 5 8 -0.5 7.2 14.4 -1 3 4.9 
2003 5 9 -0.5 5.5 14.4 -1 0 5.8 
2003 5 10 -0.5 5.5 11.1 -1 0 7.1 
2003 5 11 1.1 7.7 12.2 -1 3 4.9 
2003 5 12 2.7 5.0 12.2 -1 5 2.6 
2003 5 13 2.2 4.4 7.2 -1 3 3.1 
2003 5 14 2.7 7.2 10.0 -1 3 4.0 
2003 5 15 2.7 8.8 13.8 -1 0 3.5 
2003 5 16 0.5 8.8 17.2 -1 0 0.8 
2003 5 17 0.5 12.2 23.3 -1 0 3.5 
2003 5 18 1.1 17.2 27.7 -1 0 3.5 
2003 5 19 6.6 19.4 27.7 -1 0 2.6 
2003 5 20 7.2 20.5 30.0 -1 0 3.5 
2003 5 21 7.7 16.1 30.0 -1 0 11.1 
2003 5 22 2.7 9.4 21.6 -1 0 4.9 
2003 5 23 2.7 8.8 14.4 -1 0 2.2 
2003 5 24 6.6 11.6 20.0 -1 0 4.0 
2003 5 25 7.2 12.2 20.0 -1 0 3.5 
2003 5 26 7.7 13.8 20.0 -1 0 2.6 
2003 5 27 7.7 16.1 22.2 -1 0 2.6 
2003 5 28 5.0 14.4 23.8 -1 3 3.5 
2003 5 29 10.5 12.2 13.8 -1 8 2.6 
2003 5 30 7.7 11.6 15.5 -1 10 2.6 
2003 5 31 10.0 12.7 17.2 -1 10 2.2 
2003 6 1 8.3 13.3 17.2 -1 0 3.5 
2003 6 2 8.3 12.2 17.2 -1 15 11.1 
2003 6 3 2.7 9.4 15.5 -1 0 9.8 
2003 6 4 1.1 11.6 21.1 -1 0 5.3 
2003 6 5 1.1 13.8 21.1 -1 0 3.5 
2003 6 6 11.1 15.0 22.2 -1 18 8.0 
2003 6 7 4.4 12.7 21.6 -1 3 3.1 
2003 6 8 12.7 17.2 22.7 -1 0 2.6 
2003 6 9 12.2 15.0 23.3 -1 3 3.5 
2003 6 10 12.2 15.0 19.4 -1 5 6.7 
2003 6 11 8.3 12.7 18.8 -1 8 2.6 
2003 6 12 8.3 15.0 20.5 -1 8 6.7 
2003 6 13 3.8 13.3 21.1 -1 0 3.1 
2003 6 14 4.4 12.2 21.1 -1 3 2.6 
2003 6 15 7.2 9.4 12.2 -1 8 3.5 
2003 6 16 2.7 12.2 23.3 -1 3 6.7 
2003 6 17 10.0 18.3 26.1 -1 0 4.9 
2003 6 18 12.2 20.5 28.3 -1 0 4.9 
2003 6 19 12.2 18.3 27.7 -1 0 6.7 
2003 6 20 8.8 16.1 24.4 -1 0 4.9 
2003 6 21 7.2 19.4 28.3 -1 0 2.2 
2003 6 22 7.2 21.1 29.4 -1 0 2.2 
2003 6 23 12.2 20.5 29.4 -1 0 1.7 
2003 6 24 15.0 22.2 28.3 -1 5 3.1 
2003 6 25 17.7 25.5 33.3 -1 0 3.5 
2003 6 26 17.7 25.5 33.3 -1 0 3.5 
2003 6 27 18.8 26.6 32.7 -1 5 4.0 
2003 6 28 15.0 21.1 32.7 -1 5 4.0 
2003 6 29 12.2 20.5 28.3 -1 0 3.1 
2003 6 30 12.2 19.4 27.7 -1 5 4.0 
2003 7 1 11.6 17.2 25.0 -1 23 5.3 
2003 7 2 10.5 15.5 23.8 -1 8 3.1 
2003 7 3 10.5 17.7 25.5 -1 13 2.6 
2003 7 4 12.2 21.1 25.5 -1 8 2.6 
2003 7 5 17.7 22.7 28.8 -1 0 4.0 
2003 7 6 16.1 20.5 24.4 -1 0 6.2 
2003 7 7 8.8 18.3 25.0 -1 0 2.6 
2003 7 8 9.4 18.3 25.5 -1 13 4.9 
2003 7 9 12.2 17.2 22.2 -1 10 6.7 
2003 7 10 8.8 16.1 22.7 -1 0 8.4 
2003 7 11 8.8 14.4 22.7 -1 0 2.6 
2003 7 12 11.1 15.5 22.2 -1 5 3.5 
2003 7 13 16.1 19.4 23.8 -1 0 3.5 
2003 7 14 13.3 19.4 25.0 -1 5 3.5 
2003 7 15 13.8 19.4 26.6 -1 5 2.2 
2003 7 16 13.3 19.4 26.6 -1 0 3.5 
2003 7 17 13.8 20.0 27.2 -1 0 4.0 
2003 7 18 15.5 19.4 27.2 -1 0 3.5 
2003 7 19 12.2 18.3 22.2 -1 0 5.8 
2003 7 20 12.2 17.7 23.3 -1 3 3.5 
2003 7 21 13.8 18.3 23.3 -1 0 4.9 
2003 7 22 13.8 18.8 23.3 -1 8 3.5 
2003 7 23 16.1 17.7 20.0 -1 23 3.1 
2003 7 24 15.5 17.2 23.3 -1 5 2.2 
2003 7 25 15.5 21.1 25.0 -1 36 4.9 
2003 7 26 17.2 19.4 22.2 -1 0 4.0 
2003 7 27 17.2 18.3 21.6 -1 8 8.0 
2003 7 28 12.2 17.2 21.1 -1 5 7.1 
2003 7 29 12.2 16.6 21.1 -1 0 3.5 
2003 7 30 10.5 16.1 25.0 -1 8 7.1 
2003 7 31 10.5 18.8 25.5 -1 8 3.5 
2003 8 1 11.6 19.4 26.1 -1 0 3.1 
2003 8 2 13.8 17.7 26.1 -1 0 2.2 
2003 8 3 13.8 20.0 25.0 -1 0 0.8 
2003 8 4 17.2 20.5 24.4 -1 0 3.5 
2003 8 5 16.1 18.3 20.5 -1 23 3.5 
2003 8 6 15.5 18.3 24.4 -1 13 2.6 
2003 8 7 16.1 22.2 26.1 -1 0 3.1 
2003 8 8 20.0 22.2 26.6 -1 3 2.6 
2003 8 9 19.4 22.2 26.6 -1 3 2.6 
2003 8 10 17.7 21.1 26.1 -1 5 3.5 
2003 8 11 17.7 22.2 27.2 -1 23 3.5 
2003 8 12 16.1 21.1 26.1 -1 0 3.1 
2003 8 13 13.8 20.5 27.7 -1 0 4.9 
2003 8 14 13.8 19.4 27.7 -1 0 6.7 
2003 8 15 11.1 19.4 27.2 -1 0 3.5 
2003 8 16 10.0 20.5 26.6 -1 10 5.3 
2003 8 17 14.4 18.8 24.4 -1 10 5.8 
2003 8 18 8.3 16.6 23.8 -1 0 4.0 
2003 8 19 8.3 17.7 26.6 -1 0 5.3 
2003 8 20 8.8 21.1 27.7 -1 0 2.6 
2003 8 21 14.4 21.6 27.7 -1 3 2.2 
2003 8 22 17.7 22.7 28.3 -1 0 6.7 
2003 8 23 7.2 15.0 21.6 -1 0 7.1 
2003 8 24 6.1 9.4 13.3 -1 5 7.1 
2003 8 25 1.1 10.0 17.2 -1 0 3.1 
2003 8 26 1.1 13.8 21.1 -1 0 2.2 
2003 8 27 6.6 17.2 22.7 -1 5 8.0 
2003 8 28 10.5 14.4 22.7 -1 0 6.2 
2003 8 29 5.5 12.2 18.8 -1 0 3.5 
2003 8 30 5.5 16.1 18.8 -1 3 6.7 
2003 8 31 3.8 11.6 20.0 -1 0 3.5 
2003 9 1 3.8 13.3 21.1 -1 0 9.3 
2003 9 2 5.0 11.6 21.1 -1 0 3.5 
2003 9 3 3.8 12.2 21.1 -1 0 3.1 
2003 9 4 4.4 13.3 21.1 -1 0 4.9 
2003 9 5 10.5 16.1 21.1 -1 0 3.5 
2003 9 6 9.4 16.1 22.2 -1 0 3.1 
2003 9 7 9.4 14.4 22.2 -1 0 5.8 
2003 9 8 6.6 11.6 17.7 -1 0 6.7 
2003 9 9 2.2 9.4 17.2 -1 0 4.0 
2003 9 10 2.2 11.6 22.2 -1 0 4.0 
2003 9 11 3.3 13.3 22.2 -1 0 3.1 
2003 9 12 3.8 13.8 26.1 -1 0 1.7 
2003 9 13 3.8 18.8 27.2 -1 0 1.7 
2003 9 14 9.4 18.8 27.7 -1 0 2.6 
2003 9 15 17.2 22.7 29.4 -1 0 3.5 
2003 9 16 16.1 19.4 23.8 -1 3 3.1 
2003 9 17 10.0 15.0 22.2 -1 5 6.7 
2003 9 18 5.5 15.0 24.4 -1 0 1.7 
2003 9 19 5.5 15.5 24.4 -1 0 3.5 
2003 9 20 6.6 15.5 23.3 -1 3 3.5 
2003 9 21 12.2 16.1 19.4 -1 5 4.0 
2003 9 22 6.1 13.3 21.1 -1 0 3.1 
2003 9 23 5.5 16.1 20.5 -1 0 4.9 
2003 9 24 10.5 15.5 18.3 -1 5 6.2 
2003 9 25 7.7 13.8 21.6 -1 0 6.7 
2003 9 26 6.6 13.3 21.6 -1 0 4.9 
2003 9 27 6.6 15.5 21.1 -1 3 5.3 
2003 9 28 12.7 17.7 21.1 -1 10 5.3 
2003 9 29 12.7 16.1 19.4 -1 18 4.0 
2003 9 30 7.7 11.1 18.8 -1 0 4.0 
2003 10 1 1.6 6.1 14.4 -1 0 2.2 
2003 10 2 1.1 6.6 12.7 -1 0 3.1 
2003 10 3 2.7 6.1 10.0 -1 5 5.8 
2003 10 4 0.0 5.0 11.1 -1 0 4.9 
2003 10 5 0.0 7.2 11.1 -1 10 5.8 
2003 10 6 1.1 5.0 10.5 -1 0 5.3 
2003 10 7 0.5 5.0 10.5 -1 0 4.0 
2003 10 8 0.5 11.1 19.4 -1 0 5.3 
2003 10 9 3.8 10.5 19.4 -1 0 7.1 
2003 10 10 -2.2 6.6 20.0 -1 0 3.1 
2003 10 11 5.5 15.5 23.8 -1 0 2.6 
2003 10 12 4.4 13.8 24.4 -1 0 3.1 
2003 10 13 5.0 13.3 22.7 -1 20 6.2 
2003 10 14 1.6 8.8 16.6 -1 0 2.6 
2003 10 15 1.6 10.5 16.6 -1 5 6.7 
2003 10 16 3.8 7.2 11.6 -1 20 10.2 
2003 10 17 -1.1 3.3 6.6 -1 0 4.9 
2003 10 18 -0.5 2.2 6.6 -1 0 1.7 
2003 10 19 0.5 2.7 7.2 -1 0 6.7 
2003 10 20 0.0 2.2 7.2 -1 0 4.0 
2003 10 21 -3.8 -1.6 0.0 -1 3 4.9 
2003 10 22 -3.8 -0.5 2.2 -1 8 5.8 
2003 10 23 0.0 0.5 2.2 -1 3 6.7 
2003 10 24 -1.1 0.5 2.7 -1 3 3.5 
2003 10 25 -3.3 0.5 5.0 -1 0 3.5 
2003 10 26 2.2 4.4 11.1 -1 0 3.5 
2003 10 27 2.2 12.2 15.0 -1 10 6.2 
2003 10 28 6.1 10.0 15.0 -1 25 7.1 
2003 10 29 2.2 6.1 18.3 -1 0 5.8 
2003 10 30 6.1 9.4 18.3 -1 36 6.7 
2003 10 31 1.1 5.5 10.0 -1 0 5.3 
2003 11 1 1.1 10.5 18.8 -1 0 6.7 
2003 11 2 -1.1 2.2 5.5 -1 0 3.5 
2003 11 3 -3.8 -0.5 2.2 -1 0 1.7 
2003 11 4 -3.8 0.0 2.2 -1 0 11.6 
2003 11 5 -3.8 -0.5 4.4 -1 3 5.3 
2003 11 6 -3.3 4.4 6.1 -1 0 4.0 
2003 11 7 -1.6 0.5 6.1 -1 0 3.5 
2003 11 8 -7.2 -2.7 3.8 -1 0 9.8 
2003 11 9 -8.3 -5.5 2.2 -1 0 5.3 
2003 11 10 -7.2 -3.3 2.2 -1 0 4.9 
2003 11 11 -7.7 -0.5 5.5 -1 0 3.1 
2003 11 12 0.0 2.7 7.2 -1 3 4.9 
2003 11 13 -2.2 1.6 6.6 -1 0 5.3 
2003 11 14 -3.3 -0.5 3.8 -1 20 8.4 
2003 11 15 -3.3 -1.6 0.5 -1 0 10.2 
2003 11 16 -3.8 -1.6 0.0 -1 0 6.7 
2003 11 17 -8.8 -4.4 -1.1 -1 0 2.6 
2003 11 18 -8.3 -4.4 1.1 -1 0 1.7 
2003 11 19 -1.1 2.7 7.7 -1 0 6.2 
2003 11 20 -1.1 9.4 15.0 -1 0 9.3 
2003 11 21 2.7 3.8 6.1 -1 25 6.2 
2003 11 22 -1.1 1.6 4.4 -1 3 7.1 
2003 11 23 -4.4 -1.1 5.0 -1 0 3.1 
2003 11 24 -4.4 -1.6 4.4 -1 0 4.0 
2003 11 25 -3.8 1.6 3.3 -1 3 5.3 
2003 11 26 -6.1 -2.2 3.3 -1 0 4.0 
2003 11 27 -6.1 -1.1 4.4 -1 0 2.2 
2003 11 28 -6.1 0.5 4.4 -1 5 2.6 
2003 11 29 -0.5 5.0 14.4 -1 28 10.2 
2003 11 30 -6.1 -1.6 1.6 -1 3 8.4 
2003 12 1 -5.5 0.0 2.7 -1 0 9.3 
2003 12 2 -11.1 -8.3 -4.4 -1 3 6.7 
2003 12 3 -11.1 -9.4 -8.3 -1 0 9.3 
2003 12 4 -14.4 -11.6 -7.7 -1 0 7.1 
2003 12 5 -15.0 -11.6 -8.8 -1 0 4.9 
2003 12 6 -17.2 -13.3 -8.3 -1 0 4.9 
2003 12 7 -7.7 -6.1 -5.0 -1 0 8.0 
2003 12 8 -8.3 -4.4 -2.7 -1 5 7.1 
2003 12 9 -16.1 -10.0 -2.7 -1 0 3.5 
2003 12 10 -21.1 -14.4 -3.8 -1 0 1.7 
2003 12 11 -8.3 -0.5 3.8 -1 0 4.0 
2003 12 12 -6.1 1.6 5.0 -1 8 7.1 
2003 12 13 -13.8 -10.5 -5.5 -1 0 8.0 
2003 12 14 -17.7 -13.8 -7.7 -1 0 4.0 
2003 12 15 -11.1 -8.8 -6.1 -1 10 8.0 
2003 12 16 -10.0 -4.4 -2.2 -1 28 11.6 
2003 12 17 -8.8 -3.8 2.2 -1 0 5.3 
2003 12 18 -9.4 2.7 7.7 -1 5 10.2 
2003 12 19 -8.8 -5.5 -3.8 -1 3 6.7 
2003 12 20 -16.1 -12.2 -4.4 -1 0 1.7 
2003 12 21 -17.2 -12.7 -7.7 -1 0 4.0 
2003 12 22 -17.2 -13.3 -8.3 -1 0 3.5 
2003 12 23 -8.3 -4.4 -1.1 -1 0 2.2 
2003 12 24 -1.1 2.2 6.6 -1 0 2.6 
2003 12 25 6.6 7.7 8.8 -1 3 4.0 
2003 12 26 -1.1 1.1 6.6 -1 13 4.0 
2003 12 27 -7.2 -3.3 0.0 -1 0 8.4 
2003 12 28 -11.6 -6.1 -0.5 -1 0 3.5 
2003 12 29 -11.6 -2.7 6.6 -1 0 0.8 
2003 12 30 1.1 2.2 3.3 -1 0 3.5 
2003 12 31 -7.2 -1.6 2.7 -1 0 9.8 
