2003 1 1 1.1 3.8 8.3 -1 36 5.8 
2003 1 2 0.0 1.1 6.6 -1 3 5.8 
2003 1 3 -3.3 -1.1 2.2 -1 3 3.5 
2003 1 4 -3.3 -1.1 1.1 -1 -1 4.0 
2003 1 5 -3.3 1.1 3.3 -1 3 3.5 
2003 1 6 -1.1 1.1 2.7 -1 0 6.7 
2003 1 7 -5.0 -0.5 3.3 -1 0 6.7 
2003 1 8 -5.0 6.6 12.2 -1 0 7.1 
2003 1 9 2.2 8.3 12.2 -1 0 6.7 
2003 1 10 -2.7 1.1 6.1 -1 -1 7.1 
2003 1 11 -8.8 -5.0 2.2 -1 -1 6.7 
2003 1 12 -11.1 -6.1 -1.1 -1 0 3.5 
2003 1 13 -11.1 -2.2 3.3 -1 0 4.9 
2003 1 14 -7.2 -2.7 3.3 -1 0 5.3 
2003 1 15 -12.2 -7.7 -4.4 -1 0 6.2 
2003 1 16 -11.6 -7.7 -3.8 -1 3 3.5 
2003 1 17 -11.1 -7.2 -4.4 -1 0 5.8 
2003 1 18 -1.0 -10.5 -3.8 -1 -1 6.7 
2003 1 19 -11.1 -7.2 -2.2 -1 -1 6.7 
2003 1 20 -2.2 0.0 2.7 -1 0 6.2 
2003 1 21 -7.2 -5.5 -4.4 -1 0 4.9 
2003 1 22 -13.8 -8.8 -3.8 -1 -1 3.5 
2003 1 23 -13.8 -11.1 -7.7 -1 0 6.7 
2003 1 24 -12.7 -10.5 -5.5 -1 0 5.3 
2003 1 25 -7.7 -5.0 -0.5 -1 0 5.3 
2003 1 26 -8.8 -5.0 -1.1 -1 3 6.2 
2003 1 27 -21.6 -12.7 -1.1 -1 -1 5.3 
2003 1 28 -7.7 -3.3 3.3 -1 0 3.5 
2003 1 29 0.0 1.1 2.7 -1 3 4.0 
2003 1 30 -3.8 -1.6 1.1 -1 0 3.5 
2003 1 31 -3.8 0.0 3.8 -1 0 3.5 
2003 2 1 -2.7 1.6 3.8 -1 0 4.9 
2003 2 2 -1.1 3.8 11.6 -1 0 2.2 
2003 2 3 -1.1 7.7 14.4 -1 -1 6.7 
2003 2 4 -1.1 3.8 14.4 -1 8 8.9 
2003 2 5 -7.7 -3.8 -0.5 -1 0 5.8 
2003 2 6 -6.1 -2.7 2.7 -1 -1 2.6 
2003 2 7 -7.2 -2.7 0.0 -1 0 6.2 
2003 2 8 -14.4 -8.8 -0.5 -1 0 8.9 
2003 2 9 -5.0 -0.5 2.7 -1 0 4.9 
2003 2 10 -2.7 0.0 3.8 -1 3 7.1 
2003 2 11 -10.0 -3.8 1.1 -1 3 6.7 
2003 2 12 -10.0 -3.8 3.3 -1 3 9.3 
2003 2 13 -13.3 -3.8 3.8 -1 0 8.0 
2003 2 14 -13.3 -2.7 3.8 -1 5 3.5 
2003 2 15 -2.7 0.0 2.2 -1 10 8.4 
2003 2 16 -6.1 -4.4 -2.2 -1 8 8.4 
2003 2 17 -5.5 -2.7 -1.6 -1 5 6.2 
2003 2 18 -3.8 -2.2 0.0 -1 0 5.3 
2003 2 19 -3.8 0.0 2.2 -1 5 4.0 
2003 2 20 -3.3 1.6 6.6 -1 0 2.6 
2003 2 21 -3.3 0.5 6.6 -1 5 2.2 
2003 2 22 2.2 3.3 4.4 -1 15 4.0 
2003 2 23 -3.3 -1.1 2.2 -1 15 6.2 
2003 2 24 -4.4 -2.2 0.0 -1 5 6.2 
2003 2 25 -11.6 -7.2 -0.5 -1 0 4.0 
2003 2 26 -7.7 -5.0 -0.5 -1 0 3.5 
2003 2 27 -7.7 -1.6 2.2 -1 0 3.5 
2003 2 28 -1.1 0.5 3.8 -1 -1 2.6 
2003 3 2 0.0 2.7 7.2 -1 0 4.9 
2003 3 3 -11.1 -5.0 3.8 -1 -1 5.3 
2003 3 4 -11.1 2.7 13.3 -1 0 4.9 
2003 3 5 -5.0 6.6 13.3 -1 3 4.0 
2003 3 6 -3.8 -1.6 -1.1 -1 3 6.2 
2003 3 7 -5.5 -0.5 7.2 -1 0 3.5 
2003 3 8 -5.5 6.6 21.1 -1 0 10.2 
2003 3 9 -2.2 2.7 16.6 -1 0 8.9 
2003 3 10 -9.4 -4.4 5.5 -1 0 4.0 
2003 3 11 -9.4 1.1 10.5 -1 0 5.3 
2003 3 12 -6.1 5.5 12.7 -1 -1 3.5 
2003 3 13 2.2 6.1 11.1 -1 8 6.7 
2003 3 14 -3.8 2.7 13.8 -1 0 3.5 
2003 3 15 -4.4 8.3 20.0 -1 0 3.1 
2003 3 16 2.7 15.5 23.3 -1 0 2.6 
2003 3 17 2.2 13.3 23.3 -1 0 3.5 
2003 3 18 11.1 17.2 23.3 -1 0 4.0 
2003 3 19 13.8 15.5 20.0 -1 10 5.3 
2003 3 20 7.7 14.4 21.6 -1 0 3.1 
2003 3 21 7.7 12.2 21.6 -1 5 6.2 
2003 3 22 2.7 9.4 16.1 -1 0 6.7 
2003 3 23 3.8 12.2 18.8 -1 0 4.9 
2003 3 24 3.8 12.7 22.7 -1 0 6.7 
2003 3 25 3.3 15.0 23.8 -1 0 8.0 
2003 3 26 5.0 11.1 23.8 -1 8 5.8 
2003 3 27 1.1 11.1 21.1 -1 0 6.7 
2003 3 28 12.2 18.3 24.4 -1 0 9.8 
2003 3 29 1.1 7.7 21.1 -1 18 8.9 
2003 3 30 -1.1 2.7 6.1 -1 -1 5.8 
2003 3 31 -2.2 4.4 11.6 -1 0 5.8 
2003 4 1 6.1 14.4 23.8 -1 -1 9.8 
2003 4 2 8.3 18.3 24.4 -1 0 8.0 
2003 4 3 11.6 18.3 24.4 -1 0 6.7 
2003 4 4 12.2 18.8 24.4 -1 0 7.1 
2003 4 5 3.8 11.1 23.8 -1 10 8.0 
2003 4 6 -1.1 3.3 7.7 -1 0 6.7 
2003 4 7 -1.6 8.3 13.3 -1 5 5.3 
2003 4 8 1.1 7.7 13.3 -1 3 4.9 
2003 4 9 1.1 3.8 9.4 -1 3 8.0 
2003 4 10 1.6 7.2 15.0 -1 0 6.7 
2003 4 11 -0.5 9.4 18.8 -1 0 4.0 
2003 4 12 -0.5 10.5 20.0 -1 0 6.2 
2003 4 13 0.5 10.0 20.0 -1 0 3.1 
2003 4 14 1.1 12.7 25.0 -1 0 4.9 
2003 4 15 7.2 17.7 28.3 -1 0 8.4 
2003 4 16 7.2 18.8 27.7 -1 0 8.0 
2003 4 17 9.4 16.1 26.6 -1 5 5.3 
2003 4 18 9.4 14.4 20.5 -1 0 3.1 
2003 4 19 7.2 20.0 26.1 -1 0 4.9 
2003 4 20 7.2 18.3 26.1 -1 0 8.4 
2003 4 21 11.1 15.0 23.8 -1 20 8.0 
2003 4 22 6.6 8.8 16.6 -1 0 5.8 
2003 4 23 -2.2 9.4 17.2 -1 0 3.5 
2003 4 24 -2.2 8.8 17.7 -1 0 3.5 
2003 4 25 8.8 12.2 13.8 -1 0 5.3 
2003 4 26 9.4 14.4 20.0 -1 0 7.1 
2003 4 27 1.1 11.6 22.2 -1 0 3.5 
2003 4 28 2.7 13.8 25.5 -1 0 4.9 
2003 4 29 15.0 18.3 23.8 -1 0 5.3 
2003 4 30 11.1 18.3 25.0 -1 0 4.0 
2003 5 1 13.8 23.8 26.6 -1 5 5.8 
2003 5 2 12.7 17.2 27.7 -1 3 6.7 
2003 5 3 11.1 12.7 16.1 -1 0 4.9 
2003 5 4 2.7 10.5 17.2 -1 0 3.5 
2003 5 5 12.2 17.7 25.0 -1 38 6.2 
2003 5 6 12.7 20.5 26.1 -1 0 4.9 
2003 5 7 16.1 18.8 23.3 -1 3 4.9 
2003 5 8 13.8 18.8 22.7 -1 0 3.5 
2003 5 9 14.4 21.6 27.7 -1 3 7.1 
2003 5 10 15.5 20.5 27.7 -1 76 4.9 
2003 5 11 16.1 20.0 23.3 -1 79 10.2 
2003 5 12 13.3 15.5 22.7 -1 0 8.4 
2003 5 13 5.5 15.5 22.2 -1 0 6.7 
2003 5 14 5.5 15.0 22.7 -1 3 3.5 
2003 5 15 7.2 17.7 22.7 -1 3 3.5 
2003 5 16 11.1 17.2 23.3 -1 0 3.5 
2003 5 17 10.0 17.2 23.3 -1 8 3.1 
2003 5 18 15.0 18.3 22.2 -1 8 3.5 
2003 5 19 16.1 20.0 26.1 -1 0 3.5 
2003 5 20 16.1 20.5 26.1 -1 8 4.0 
2003 5 21 11.6 14.4 22.2 -1 0 6.7 
2003 5 22 8.3 14.4 20.5 -1 0 4.0 
2003 5 23 7.2 15.0 21.1 -1 0 4.0 
2003 5 24 5.0 14.4 21.1 -1 0 5.8 
2003 5 25 5.0 13.8 21.1 -1 3 3.5 
2003 5 26 10.5 15.5 20.5 -1 0 3.1 
2003 5 27 9.4 16.6 22.7 -1 3 3.5 
2003 5 28 7.7 16.6 24.4 -1 0 11.1 
2003 5 29 7.7 16.6 24.4 -1 13 5.3 
2003 5 30 8.8 16.1 22.2 -1 0 3.5 
2003 5 31 8.8 16.6 21.1 -1 3 6.7 
2003 6 1 7.2 13.8 19.4 -1 0 5.3 
2003 6 2 6.1 14.4 21.1 -1 0 4.9 
2003 6 3 5.0 15.0 20.5 -1 10 3.5 
2003 6 4 12.2 15.5 17.2 -1 3 5.3 
2003 6 5 7.2 16.6 23.3 -1 0 6.2 
2003 6 6 8.8 17.2 26.1 -1 0 5.3 
2003 6 7 8.8 18.8 25.5 -1 3 3.5 
2003 6 8 16.1 20.5 27.2 -1 0 8.4 
2003 6 9 12.7 19.4 26.6 -1 8 5.8 
2003 6 10 12.2 20.5 27.2 -1 0 6.2 
2003 6 11 12.2 21.6 27.2 -1 3 4.9 
2003 6 12 17.7 21.1 26.1 -1 8 6.7 
2003 6 13 18.8 23.8 27.7 -1 5 5.3 
2003 6 14 18.3 22.7 28.3 -1 5 4.0 
2003 6 15 19.4 21.6 28.3 -1 5 4.0 
2003 6 16 18.8 22.2 26.6 -1 5 5.8 
2003 6 17 18.8 22.7 27.2 -1 0 4.0 
2003 6 18 17.2 23.3 29.4 -1 0 4.0 
2003 6 19 16.1 21.1 28.8 -1 5 5.3 
2003 6 20 10.0 17.7 25.0 -1 0 5.8 
2003 6 21 7.7 17.2 25.5 -1 0 3.5 
2003 6 22 12.2 19.4 29.4 -1 0 3.1 
2003 6 23 11.1 20.5 30.0 -1 0 2.2 
2003 6 24 12.2 22.7 31.1 -1 0 2.6 
2003 6 25 13.8 25.0 31.1 -1 0 3.5 
2003 6 26 13.8 24.4 31.6 -1 13 11.1 
2003 6 27 15.0 21.6 31.6 -1 3 3.5 
2003 6 28 12.7 20.5 27.7 -1 0 3.5 
2003 6 29 15.0 22.7 31.1 -1 0 4.9 
2003 6 30 14.4 23.3 30.5 -1 0 3.1 
2003 7 1 15.5 23.3 30.5 -1 0 4.0 
2003 7 2 17.7 23.8 30.0 -1 0 3.5 
2003 7 3 17.7 25.0 31.6 -1 0 3.5 
2003 7 4 21.1 26.6 33.3 -1 0 5.8 
2003 7 5 18.3 24.4 32.7 -1 23 10.2 
2003 7 6 18.3 25.5 32.2 -1 0 5.8 
2003 7 7 18.8 25.0 31.6 -1 3 5.8 
2003 7 8 22.2 26.6 33.3 -1 20 9.3 
2003 7 9 19.4 23.8 32.7 -1 8 8.9 
2003 7 10 19.4 22.7 30.0 -1 28 5.3 
2003 7 11 17.7 22.2 25.5 -1 3 6.7 
2003 7 12 15.5 22.2 28.3 -1 0 4.0 
2003 7 13 15.5 21.1 28.3 -1 0 3.5 
2003 7 14 15.5 22.2 29.4 -1 0 3.5 
2003 7 15 15.5 22.7 29.4 -1 0 5.8 
2003 7 16 21.1 25.0 28.8 -1 8 6.7 
2003 7 17 15.0 22.2 28.8 -1 0 3.5 
2003 7 18 15.0 23.8 28.8 -1 0 3.1 
2003 7 19 17.7 22.7 26.6 -1 23 3.5 
2003 7 20 13.8 21.1 28.8 -1 0 4.9 
2003 7 21 13.3 23.3 30.0 -1 18 14.3 
2003 7 22 19.4 23.3 27.2 -1 0 4.0 
2003 7 23 17.7 20.0 22.7 -1 0 3.5 
2003 7 24 12.7 20.0 26.6 -1 5 3.5 
2003 7 25 13.3 22.2 29.4 -1 0 3.5 
2003 7 26 15.5 22.7 30.0 -1 0 5.3 
2003 7 27 16.1 25.5 31.1 -1 0 7.1 
2003 7 28 19.4 23.8 31.1 -1 13 5.3 
2003 7 29 16.6 21.6 27.2 -1 0 3.5 
2003 7 30 15.0 21.1 28.8 -1 0 2.2 
2003 7 31 14.4 22.2 28.8 -1 0 2.2 
2003 8 1 18.8 24.4 30.5 -1 0 4.0 
2003 8 2 18.3 23.3 30.5 -1 51 7.1 
2003 8 3 19.4 22.7 27.2 -1 5 4.0 
2003 8 4 17.7 20.0 22.7 -1 0 5.3 
2003 8 5 17.2 21.6 27.2 -1 15 3.5 
2003 8 6 17.2 22.2 28.3 -1 0 3.1 
2003 8 7 17.7 22.2 28.8 -1 0 4.9 
2003 8 8 16.6 21.6 28.8 -1 23 8.9 
2003 8 9 18.8 22.7 27.7 -1 5 3.5 
2003 8 10 17.2 22.2 27.7 -1 3 3.5 
2003 8 11 17.2 21.1 27.7 -1 0 3.5 
2003 8 12 16.6 21.6 28.3 -1 3 2.2 
2003 8 13 16.1 23.8 30.5 -1 0 3.5 
2003 8 14 22.7 28.3 31.6 -1 0 1.7 
2003 8 15 22.2 25.0 31.1 -1 0 6.2 
2003 8 16 22.2 27.2 32.2 -1 28 4.0 
2003 8 17 20.0 24.4 31.6 -1 3 4.0 
2003 8 18 13.8 20.5 27.7 -1 0 3.5 
2003 8 19 13.8 24.4 37.7 -1 0 3.1 
2003 8 20 17.2 23.8 31.1 -1 0 2.2 
2003 8 21 22.2 26.6 32.2 -1 0 4.0 
2003 8 22 21.1 23.8 31.6 -1 5 4.9 
2003 8 23 17.2 22.7 28.3 -1 3 5.3 
2003 8 24 13.8 20.5 28.3 -1 0 2.6 
2003 8 25 13.8 22.7 31.1 -1 0 3.5 
2003 8 26 20.0 25.5 32.2 -1 0 6.2 
2003 8 27 18.3 25.5 31.6 -1 0 4.0 
2003 8 28 18.8 25.0 31.1 -1 0 4.9 
2003 8 29 18.8 25.5 31.1 -1 10 7.1 
2003 8 30 21.1 23.3 30.5 -1 3 3.5 
2003 8 31 17.2 20.5 23.3 -1 13 3.5 
2003 9 1 17.2 23.8 29.4 -1 5 6.7 
2003 9 2 20.0 22.2 29.4 -1 43 3.5 
2003 9 3 20.0 22.7 26.1 -1 15 3.1 
2003 9 4 17.2 21.1 26.1 -1 5 4.9 
2003 9 5 12.2 17.7 23.3 -1 0 3.1 
2003 9 6 11.1 17.2 23.8 -1 0 3.5 
2003 9 7 11.1 18.3 24.4 -1 0 2.6 
2003 9 8 12.2 20.0 26.6 -1 0 2.2 
2003 9 9 15.5 20.5 28.3 -1 0 2.2 
2003 9 10 16.1 21.6 28.8 -1 0 3.5 
2003 9 11 15.0 20.5 28.8 -1 0 3.5 
2003 9 12 11.1 18.3 27.2 -1 0 2.6 
2003 9 13 11.1 20.5 28.3 -1 0 3.1 
2003 9 14 14.4 20.5 28.3 -1 0 4.9 
2003 9 15 15.0 20.5 25.0 -1 0 7.1 
2003 9 16 11.1 18.3 27.2 -1 0 3.1 
2003 9 17 11.1 18.3 27.2 -1 0 5.8 
2003 9 18 10.5 17.2 26.6 -1 0 3.5 
2003 9 19 10.5 18.3 25.5 -1 0 5.8 
2003 9 20 7.7 15.0 22.7 -1 0 2.2 
2003 9 21 8.8 16.6 25.0 -1 0 2.6 
2003 9 22 17.7 19.4 21.6 -1 41 4.9 
2003 9 23 12.7 16.6 22.2 -1 23 6.7 
2003 9 24 7.2 16.1 26.1 -1 0 4.9 
2003 9 25 7.2 18.8 25.5 -1 0 4.0 
2003 9 26 7.2 13.8 23.3 -1 0 3.5 
2003 9 27 7.2 18.8 23.3 -1 23 6.7 
2003 9 28 10.0 12.7 22.2 -1 8 5.3 
2003 9 29 7.2 11.1 15.0 -1 0 4.9 
2003 9 30 2.7 9.4 18.8 -1 0 4.9 
2003 10 1 3.3 10.0 18.8 -1 5 5.3 
2003 10 2 0.0 7.7 16.1 -1 0 4.9 
2003 10 3 -1.1 8.3 16.6 -1 -1 8.9 
2003 10 4 11.1 13.8 17.2 -1 0 6.2 
2003 10 5 5.0 12.7 22.7 -1 0 6.2 
2003 10 6 5.0 13.8 22.7 -1 0 1.7 
2003 10 7 6.1 13.3 23.8 -1 0 1.7 
2003 10 8 5.5 15.0 25.0 -1 0 2.2 
2003 10 9 8.3 15.5 25.0 -1 0 3.1 
2003 10 10 8.3 18.8 25.0 -1 0 2.6 
2003 10 11 12.2 18.8 26.1 -1 0 2.2 
2003 10 12 12.2 17.7 26.1 -1 0 5.8 
2003 10 13 5.5 14.4 22.7 -1 0 3.1 
2003 10 14 5.5 13.3 22.7 -1 25 9.8 
2003 10 15 8.3 12.7 17.7 -1 0 6.7 
2003 10 16 2.7 11.1 20.5 -1 0 5.3 
2003 10 17 2.7 12.2 21.1 -1 0 4.9 
2003 10 18 3.8 11.1 16.6 -1 0 6.7 
2003 10 19 3.8 11.6 21.6 -1 0 2.6 
2003 10 20 6.1 15.5 26.1 -1 0 6.2 
2003 10 21 16.1 18.8 21.1 -1 0 5.8 
2003 10 22 4.4 10.5 16.6 -1 0 6.7 
2003 10 23 3.8 8.8 13.8 -1 0 3.5 
2003 10 24 -1.1 6.6 16.1 -1 0 3.5 
2003 10 25 -1.1 13.8 23.3 -1 5 6.2 
2003 10 26 6.1 11.1 23.3 -1 15 5.3 
2003 10 27 1.1 7.2 12.7 -1 5 4.9 
2003 10 28 1.1 6.6 12.2 -1 3 4.9 
2003 10 29 0.5 10.0 13.8 -1 0 6.7 
2003 10 30 0.5 12.2 24.4 -1 0 6.7 
2003 10 31 3.8 17.7 24.4 -1 0 6.7 
2003 11 1 11.6 18.8 24.4 -1 -1 3.5 
2003 11 2 13.8 19.4 26.1 -1 0 6.7 
2003 11 3 8.8 17.2 26.1 -1 0 5.3 
2003 11 4 6.6 17.2 26.1 -1 0 6.7 
2003 11 5 6.6 18.3 26.1 -1 0 5.8 
2003 11 6 7.7 9.4 11.6 -1 5 4.9 
2003 11 7 -1.1 5.5 8.8 -1 0 3.5 
2003 11 8 -2.7 2.2 10.0 -1 0 4.9 
2003 11 9 -3.8 1.6 8.3 -1 0 3.5 
2003 11 10 -3.8 5.0 15.0 -1 0 2.6 
2003 11 11 11.1 13.8 17.2 -1 3 5.8 
2003 11 12 12.7 16.1 20.5 -1 41 5.8 
2003 11 13 1.1 6.1 20.5 -1 0 11.6 
2003 11 14 -2.7 2.7 8.3 -1 0 4.9 
2003 11 15 -2.7 5.0 8.3 -1 3 5.3 
2003 11 16 2.7 8.8 12.7 -1 3 3.1 
2003 11 17 3.3 9.4 15.0 -1 0 3.1 
2003 11 18 3.3 14.4 20.0 -1 8 5.8 
2003 11 19 9.4 14.4 20.0 -1 5 7.1 
2003 11 20 1.1 9.4 17.2 -1 0 4.0 
2003 11 21 1.1 10.5 20.0 -1 0 4.0 
2003 11 22 3.8 11.1 21.1 -1 0 5.3 
2003 11 23 4.4 15.5 20.5 -1 0 6.7 
2003 11 24 -1.1 7.2 17.7 -1 8 8.4 
2003 11 25 -5.0 -0.5 5.0 -1 0 3.5 
2003 11 26 1.1 4.4 11.1 -1 0 3.5 
2003 11 27 0.5 8.3 10.5 -1 18 3.5 
2003 11 28 0.0 5.0 9.4 -1 13 8.0 
2003 11 29 -1.1 0.0 8.8 -1 0 8.4 
2003 11 30 -1.1 5.5 12.2 -1 0 6.2 
2003 12 1 1.6 6.1 12.2 -1 0 8.0 
2003 12 2 -4.4 1.6 9.4 -1 0 4.9 
2003 12 3 -4.4 1.1 5.0 -1 0 4.0 
2003 12 4 0.0 2.7 6.1 -1 0 3.5 
2003 12 5 0.5 4.4 6.1 -1 3 4.0 
2003 12 6 2.2 3.3 6.1 -1 5 5.3 
2003 12 7 -3.3 1.6 6.1 -1 0 4.0 
2003 12 8 -2.7 1.6 9.4 -1 0 3.1 
2003 12 9 7.2 9.4 12.2 -1 0 3.5 
2003 12 10 5.5 9.4 12.7 -1 3 8.4 
2003 12 11 -1.1 2.2 6.1 -1 8 7.1 
2003 12 12 -5.5 -2.2 4.4 -1 0 4.0 
2003 12 13 -6.1 -2.7 0.0 -1 0 4.0 
2003 12 14 -2.2 -1.1 0.5 -1 3 5.3 
2003 12 15 -2.2 -0.5 1.6 -1 3 5.3 
2003 12 16 -2.2 4.4 10.0 -1 5 6.7 
2003 12 17 -2.2 0.0 3.8 -1 0 6.2 
2003 12 18 -5.0 -2.2 1.1 -1 3 5.3 
2003 12 19 -5.0 -1.6 1.1 -1 0 5.8 
2003 12 20 -6.1 -3.3 -0.5 -1 -1 4.9 
2003 12 21 -7.2 -1.6 8.3 -1 0 6.2 
2003 12 22 2.7 6.6 10.0 -1 0 6.2 
2003 12 23 2.2 8.8 11.1 -1 10 7.1 
2003 12 24 -1.1 1.1 2.7 -1 0 5.8 
2003 12 25 -5.0 -1.6 1.6 -1 0 5.8 
2003 12 26 -7.2 -1.1 6.6 -1 0 2.2 
2003 12 27 -6.1 -0.5 11.1 -1 0 2.6 
2003 12 28 -6.6 3.8 17.7 -1 0 6.7 
2003 12 29 -4.4 7.7 17.7 -1 5 6.7 
2003 12 30 -1.1 3.3 14.4 -1 13 7.1 
2003 12 31 -2.7 2.2 12.2 -1 0 6.7 
