2003 1 1 11.6 19.4 25.0 -1 53 8.4 
2003 1 2 11.6 16.1 23.3 -1 0 4.9 
2003 1 3 11.1 15.0 18.3 -1 0 8.0 
2003 1 4 2.7 7.2 18.3 -1 0 4.9 
2003 1 5 2.2 8.8 17.2 -1 0 3.5 
2003 1 6 6.1 11.6 21.1 -1 0 6.7 
2003 1 7 2.7 8.8 15.0 -1 0 5.3 
2003 1 8 1.6 8.3 17.2 -1 0 8.0 
2003 1 9 1.1 13.8 21.6 -1 0 6.7 
2003 1 10 8.8 16.6 23.3 -1 -1 6.7 
2003 1 11 7.7 13.3 23.3 -1 0 3.5 
2003 1 12 7.2 10.0 13.3 -1 0 5.3 
2003 1 13 7.2 12.7 14.4 -1 -1 4.0 
2003 1 14 5.5 10.5 17.2 -1 3 3.5 
2003 1 15 3.8 8.8 17.2 -1 0 5.3 
2003 1 16 3.8 11.1 21.6 -1 0 3.5 
2003 1 17 4.4 12.2 21.6 -1 -1 6.7 
2003 1 18 0.5 5.0 15.0 -1 0 5.8 
2003 1 19 -1.1 5.5 14.4 -1 0 7.1 
2003 1 20 -1.1 9.4 24.4 -1 0 5.3 
2003 1 21 0.5 13.3 22.2 -1 0 6.2 
2003 1 22 11.1 17.2 23.8 -1 0 6.7 
2003 1 23 6.1 13.8 18.3 -1 -1 7.1 
2003 1 24 -3.8 0.5 3.8 -1 -1 7.1 
2003 1 25 -3.8 5.5 13.8 -1 0 4.9 
2003 1 26 -1.1 10.0 17.2 -1 0 4.9 
2003 1 27 3.8 8.3 17.2 -1 0 9.8 
2003 1 28 2.2 10.0 17.2 -1 0 4.0 
2003 1 29 7.2 13.3 22.2 -1 0 3.5 
2003 1 30 6.6 14.4 23.8 -1 0 3.5 
2003 1 31 8.3 14.4 23.8 -1 0 4.9 
2003 2 1 8.8 13.8 19.4 -1 0 5.3 
2003 2 2 5.0 11.6 19.4 -1 0 3.1 
2003 2 3 3.8 12.7 22.7 -1 0 4.0 
2003 2 4 12.7 16.6 21.6 -1 0 5.3 
2003 2 5 10.0 13.8 22.2 -1 0 5.8 
2003 2 6 5.5 13.3 22.7 -1 0 3.5 
2003 2 7 6.1 18.3 22.7 -1 0 8.0 
2003 2 8 8.8 11.1 12.7 -1 0 5.3 
2003 2 9 11.1 12.2 13.8 -1 36 6.7 
2003 2 10 12.7 18.3 23.8 -1 0 6.7 
2003 2 11 7.2 12.2 23.8 -1 3 5.3 
2003 2 12 5.5 11.1 18.3 -1 0 3.5 
2003 2 13 5.5 11.1 18.3 -1 0 6.7 
2003 2 14 4.4 11.6 21.1 -1 0 3.1 
2003 2 15 4.4 18.3 26.6 -1 0 6.2 
2003 2 16 17.7 20.5 26.6 -1 0 6.2 
2003 2 17 15.0 18.8 28.3 -1 10 8.0 
2003 2 18 10.5 12.7 23.8 -1 0 4.9 
2003 2 19 7.7 13.8 20.5 -1 0 4.0 
2003 2 20 8.3 18.3 25.5 -1 0 4.0 
2003 2 21 13.8 20.5 27.7 -1 5 4.0 
2003 2 22 18.8 22.2 28.8 -1 13 8.9 
2003 2 23 13.8 17.2 20.0 -1 23 7.1 
2003 2 24 7.2 13.3 21.1 -1 0 4.0 
2003 2 25 7.2 17.2 23.3 -1 0 5.3 
2003 2 26 11.6 18.3 24.4 -1 0 3.5 
2003 2 27 13.3 20.5 26.6 -1 10 5.3 
2003 2 28 13.8 17.2 21.6 -1 43 6.7 
2003 3 1 16.1 20.0 27.2 -1 10 6.7 
2003 3 2 16.1 21.6 27.2 -1 3 6.7 
2003 3 3 12.7 15.0 18.8 -1 5 4.0 
2003 3 4 12.7 16.6 20.5 -1 61 7.1 
2003 3 5 13.8 22.2 28.8 -1 3 5.3 
2003 3 6 19.4 24.4 30.5 -1 0 7.1 
2003 3 7 16.1 21.1 28.3 -1 30 6.7 
2003 3 8 16.1 18.3 28.8 -1 -1 5.3 
2003 3 9 16.6 19.4 25.0 -1 48 8.9 
2003 3 10 15.0 18.3 25.0 -1 0 5.3 
2003 3 11 14.4 19.4 25.0 -1 0 3.5 
2003 3 12 14.4 21.1 26.1 -1 0 4.0 
2003 3 13 16.1 23.3 31.1 -1 0 7.1 
2003 3 14 16.1 20.5 31.1 -1 0 4.0 
2003 3 15 17.2 20.5 26.1 -1 0 5.8 
2003 3 16 15.5 18.3 21.1 -1 0 4.9 
2003 3 17 15.5 20.5 27.2 -1 13 5.3 
2003 3 18 17.2 22.7 29.4 -1 0 6.7 
2003 3 19 20.0 23.3 28.3 -1 3 4.9 
2003 3 20 20.0 25.5 32.2 -1 8 5.8 
2003 3 21 21.6 24.4 32.2 -1 3 5.3 
2003 3 22 16.6 22.2 28.3 -1 5 4.0 
2003 3 23 15.0 17.7 28.3 -1 10 5.3 
2003 3 24 14.4 18.8 23.3 -1 -1 7.1 
2003 3 25 12.7 18.3 23.8 -1 0 5.8 
2003 3 26 12.7 20.0 26.1 -1 0 3.5 
2003 3 27 15.5 21.6 26.6 -1 25 8.0 
2003 3 28 16.6 20.5 26.6 -1 71 11.6 
2003 3 29 17.2 22.7 27.2 -1 0 3.5 
2003 3 30 12.7 17.7 27.2 -1 5 7.1 
2003 3 31 6.1 11.1 16.1 -1 0 6.7 
2003 4 1 5.5 11.6 18.3 -1 0 5.8 
2003 4 2 5.5 15.0 22.2 -1 0 4.9 
2003 4 3 8.3 17.2 24.4 -1 0 3.5 
2003 4 4 15.0 20.0 27.2 -1 0 4.9 
2003 4 5 14.4 21.6 28.8 -1 0 4.0 
2003 4 6 15.0 22.7 28.8 -1 0 5.3 
2003 4 7 17.2 25.0 30.5 -1 0 5.3 
2003 4 8 22.2 25.0 29.4 -1 10 4.0 
2003 4 9 20.0 23.3 28.8 -1 3 6.2 
2003 4 10 11.6 16.1 27.7 -1 -1 8.0 
2003 4 11 7.7 13.3 18.8 -1 0 8.0 
2003 4 12 8.3 17.7 27.2 -1 0 6.2 
2003 4 13 11.1 18.8 27.2 -1 0 3.5 
2003 4 14 11.1 19.4 26.6 -1 0 4.9 
2003 4 15 12.7 21.1 26.1 -1 0 6.2 
2003 4 16 15.5 21.6 26.6 -1 0 5.3 
2003 4 17 16.6 21.1 26.6 -1 0 4.9 
2003 4 18 16.6 21.6 26.6 -1 0 4.9 
2003 4 19 17.2 22.2 27.2 -1 0 6.7 
2003 4 20 17.2 22.2 27.2 -1 0 5.8 
2003 4 21 16.1 21.6 27.2 -1 0 4.9 
2003 4 22 16.6 23.3 30.0 -1 0 4.9 
2003 4 23 15.0 20.0 30.0 -1 0 7.1 
2003 4 24 12.7 20.0 25.5 -1 0 4.9 
2003 4 25 18.8 22.7 31.1 -1 3 8.4 
2003 4 26 17.7 22.2 30.5 -1 8 7.1 
2003 4 27 16.1 22.2 28.8 -1 0 4.9 
2003 4 28 17.7 22.7 27.7 -1 0 5.8 
2003 4 29 17.2 23.3 27.7 -1 0 4.9 
2003 4 30 17.7 23.8 27.7 -1 0 5.8 
2003 5 1 19.4 22.7 27.7 -1 0 3.5 
2003 5 2 17.7 23.3 30.5 -1 0 4.0 
2003 5 3 17.7 23.8 31.6 -1 3 8.0 
2003 5 4 18.3 23.8 31.6 -1 3 4.0 
2003 5 5 19.4 26.6 33.8 -1 0 4.0 
2003 5 6 20.5 27.2 33.8 -1 0 5.3 
2003 5 7 22.7 27.2 33.3 -1 0 4.0 
2003 5 8 21.6 26.1 32.7 -1 0 4.0 
2003 5 9 21.6 27.2 32.7 -1 0 3.5 
2003 5 10 21.6 27.7 32.7 -1 0 3.5 
2003 5 11 21.6 28.3 35.0 -1 0 5.8 
2003 5 12 21.1 26.6 32.2 -1 0 6.2 
2003 5 13 18.8 25.0 33.3 -1 0 5.8 
2003 5 14 15.5 22.7 30.0 -1 0 3.5 
2003 5 15 15.5 25.5 32.7 -1 0 4.0 
2003 5 16 19.4 26.1 33.8 -1 0 3.5 
2003 5 17 20.0 26.6 33.8 -1 0 4.9 
2003 5 18 22.2 26.6 31.1 -1 0 3.5 
2003 5 19 22.2 26.6 31.1 -1 3 5.3 
2003 5 20 22.2 25.5 31.1 -1 3 6.2 
2003 5 21 22.2 25.5 29.4 -1 0 5.3 
2003 5 22 18.8 23.8 29.4 -1 -1 5.3 
2003 5 23 18.8 23.8 28.8 -1 18 5.3 
2003 5 24 18.8 23.3 27.7 -1 0 3.5 
2003 5 25 21.1 26.1 33.3 -1 0 5.3 
2003 5 26 20.5 26.1 33.3 -1 0 4.0 
2003 5 27 19.4 26.6 33.8 -1 0 5.3 
2003 5 28 19.4 25.5 33.8 -1 0 4.0 
2003 5 29 18.3 25.0 31.6 -1 0 7.1 
2003 5 30 18.3 25.0 32.2 -1 0 6.2 
2003 5 31 19.4 26.6 33.3 -1 0 6.7 
2003 6 1 20.5 26.6 33.3 -1 0 5.8 
2003 6 2 21.6 26.1 32.7 -1 20 4.0 
2003 6 3 20.0 25.5 32.2 -1 0 4.0 
2003 6 4 20.0 24.4 32.2 -1 25 10.2 
2003 6 5 21.1 25.0 30.0 -1 -1 3.1 
2003 6 6 21.1 25.5 31.1 -1 15 6.2 
2003 6 7 22.7 25.5 31.6 -1 3 9.3 
2003 6 8 22.7 25.5 31.6 -1 23 9.3 
2003 6 9 22.2 26.1 31.1 -1 3 8.0 
2003 6 10 22.2 26.6 31.1 -1 0 3.5 
2003 6 11 22.2 26.6 31.1 -1 0 4.9 
2003 6 12 22.2 26.1 32.2 -1 3 3.5 
2003 6 13 21.6 25.5 32.2 -1 0 4.0 
2003 6 14 21.6 26.6 31.1 -1 0 4.9 
2003 6 15 21.6 26.6 31.1 -1 0 4.9 
2003 6 16 23.8 27.2 31.6 -1 0 4.9 
2003 6 17 23.8 26.6 31.6 -1 0 4.9 
2003 6 18 22.7 26.6 32.7 -1 5 5.3 
2003 6 19 22.7 25.0 27.7 -1 3 6.7 
2003 6 20 22.7 23.8 28.3 -1 25 3.5 
2003 6 21 22.2 25.5 31.1 -1 8 5.8 
2003 6 22 22.2 23.8 26.1 -1 10 3.5 
2003 6 23 22.2 25.5 29.4 -1 23 4.0 
2003 6 24 18.8 24.4 28.8 -1 0 4.9 
2003 6 25 19.4 25.5 29.4 -1 0 5.3 
2003 6 26 20.5 25.5 30.0 -1 0 5.3 
2003 6 27 20.5 25.5 30.5 -1 0 4.0 
2003 6 28 20.5 26.1 30.5 -1 20 6.7 
2003 6 29 21.1 24.4 28.8 -1 25 6.7 
2003 6 30 21.1 27.7 31.1 -1 0 4.9 
2003 7 1 22.7 27.2 31.6 -1 18 6.7 
2003 7 2 22.7 27.2 32.2 -1 0 4.0 
2003 7 3 22.7 26.1 30.5 -1 -1 5.3 
2003 7 4 22.7 26.6 31.6 -1 0 3.5 
2003 7 5 22.7 27.2 31.6 -1 0 3.5 
2003 7 6 22.7 27.2 31.6 -1 5 4.0 
2003 7 7 22.7 26.6 30.5 -1 0 3.5 
2003 7 8 23.3 27.7 32.2 -1 0 3.5 
2003 7 9 23.3 28.3 33.3 -1 0 4.0 
2003 7 10 22.7 27.7 32.7 -1 0 4.0 
2003 7 11 23.3 27.2 33.8 -1 0 4.0 
2003 7 12 22.7 25.0 33.8 -1 0 6.7 
2003 7 13 22.2 24.4 31.6 -1 3 3.5 
2003 7 14 22.2 25.5 31.1 -1 -1 10.2 
2003 7 15 22.2 25.0 31.1 -1 30 6.7 
2003 7 16 21.1 25.0 28.8 -1 48 2.6 
2003 7 17 22.2 26.6 31.6 -1 0 3.5 
2003 7 18 22.7 27.7 32.2 -1 0 3.5 
2003 7 19 22.2 26.1 32.2 -1 8 8.0 
2003 7 20 21.6 25.5 32.2 -1 8 3.5 
2003 7 21 22.7 27.7 32.7 -1 0 3.5 
2003 7 22 22.7 26.6 32.7 -1 5 5.3 
2003 7 23 22.7 27.2 33.3 -1 0 6.7 
2003 7 24 22.2 26.1 32.2 -1 3 6.7 
2003 7 25 22.2 23.8 31.6 -1 13 4.9 
2003 7 26 21.6 25.5 30.0 -1 0 4.9 
2003 7 27 21.6 26.6 31.1 -1 0 4.9 
2003 7 28 22.7 26.1 32.7 -1 15 6.7 
2003 7 29 22.7 26.6 32.7 -1 3 3.5 
2003 7 30 22.2 25.0 33.3 -1 10 11.1 
2003 7 31 21.6 24.4 32.7 -1 10 9.3 
2003 8 1 21.6 25.0 31.1 -1 20 8.9 
2003 8 2 22.2 26.1 30.0 -1 0 4.0 
2003 8 3 22.2 26.1 30.5 -1 0 3.5 
2003 8 4 22.7 26.6 31.1 -1 10 3.5 
2003 8 5 22.7 25.5 31.6 -1 5 4.0 
2003 8 6 22.7 26.1 31.6 -1 3 4.0 
2003 8 7 22.7 25.5 31.1 -1 33 6.7 
2003 8 8 22.7 25.5 31.6 -1 5 5.3 
2003 8 9 22.7 25.5 31.6 -1 10 8.4 
2003 8 10 22.2 25.0 29.4 -1 8 5.8 
2003 8 11 22.2 25.0 31.6 -1 5 7.1 
2003 8 12 22.7 26.6 32.2 -1 33 5.3 
2003 8 13 22.7 26.6 32.2 -1 0 6.2 
2003 8 14 22.7 26.1 30.5 -1 3 6.2 
2003 8 15 22.7 25.5 30.0 -1 3 9.8 
2003 8 16 22.7 26.1 30.0 -1 15 4.0 
2003 8 17 22.7 26.6 32.7 -1 0 4.9 
2003 8 18 23.3 27.7 33.3 -1 -1 6.2 
2003 8 19 22.7 25.5 30.5 -1 -1 4.0 
2003 8 20 22.2 25.5 30.0 -1 0 4.0 
2003 8 21 22.2 26.1 30.0 -1 -1 3.1 
2003 8 22 23.8 26.1 31.1 -1 0 3.5 
2003 8 23 22.7 25.0 31.1 -1 15 3.5 
2003 8 24 22.2 26.1 29.4 -1 15 3.5 
2003 8 25 22.2 26.6 30.5 -1 0 4.0 
2003 8 26 23.3 27.2 31.1 -1 0 3.5 
2003 8 27 22.7 26.6 30.5 -1 -1 3.5 
2003 8 28 23.3 27.2 31.6 -1 -1 5.3 
2003 8 29 23.3 27.7 31.6 -1 5 4.0 
2003 8 30 23.8 28.3 31.6 -1 0 4.9 
2003 8 31 25.0 28.3 31.1 -1 0 5.8 
2003 9 1 25.0 27.7 31.1 -1 0 4.9 
2003 9 2 23.8 27.2 31.1 -1 0 4.0 
2003 9 3 22.7 26.1 30.0 -1 0 3.5 
2003 9 4 22.7 25.5 30.0 -1 8 4.0 
2003 9 5 22.7 25.0 28.8 -1 15 3.5 
2003 9 6 23.3 25.5 28.8 -1 25 6.2 
2003 9 7 22.2 25.0 28.3 -1 3 4.0 
2003 9 8 21.6 23.8 28.3 -1 0 4.9 
2003 9 9 22.2 24.4 28.3 -1 0 5.3 
2003 9 10 21.1 25.5 29.4 -1 0 6.7 
2003 9 11 21.1 24.4 28.3 -1 0 6.7 
2003 9 12 18.8 23.3 27.7 -1 0 4.9 
2003 9 13 19.4 25.0 29.4 -1 0 4.9 
2003 9 14 20.0 25.5 30.0 -1 0 3.5 
2003 9 15 21.1 25.5 30.0 -1 0 5.8 
2003 9 16 21.1 25.5 30.5 -1 8 8.0 
2003 9 17 22.7 25.5 30.5 -1 5 9.3 
2003 9 18 18.8 25.0 31.1 -1 0 5.8 
2003 9 19 19.4 25.5 31.6 -1 0 3.5 
2003 9 20 21.6 27.2 31.1 -1 0 7.1 
2003 9 21 23.8 26.6 28.8 -1 3 6.7 
2003 9 22 23.8 27.2 31.1 -1 0 3.1 
2003 9 23 22.7 25.5 30.5 -1 0 2.6 
2003 9 24 22.7 26.1 31.1 -1 0 4.9 
2003 9 25 22.7 26.1 30.5 -1 0 4.9 
2003 9 26 21.1 23.8 27.2 -1 15 5.8 
2003 9 27 22.2 25.5 31.1 -1 25 3.1 
2003 9 28 21.6 25.5 30.5 -1 0 4.0 
2003 9 29 22.7 24.4 25.5 -1 -1 6.7 
2003 9 30 23.3 25.0 27.7 -1 3 6.7 
2003 10 1 22.2 23.8 25.0 -1 15 6.2 
2003 10 2 18.8 22.2 26.1 -1 91 5.8 
2003 10 3 22.7 23.8 27.7 -1 0 6.2 
2003 10 4 20.5 24.4 28.8 -1 0 4.0 
2003 10 5 20.5 24.4 28.8 -1 0 3.5 
2003 10 6 21.1 25.0 28.8 -1 0 4.9 
2003 10 7 20.0 23.8 29.4 -1 25 9.8 
2003 10 8 20.0 24.4 29.4 -1 0 5.3 
2003 10 9 21.1 25.0 28.3 -1 0 7.1 
2003 10 10 21.1 24.4 28.3 -1 0 4.0 
2003 10 11 21.1 25.0 28.3 -1 30 9.8 
2003 10 12 22.7 25.0 28.3 -1 33 4.0 
2003 10 13 23.3 26.1 29.4 -1 20 4.0 
2003 10 14 22.7 26.1 30.5 -1 15 6.2 
2003 10 15 16.6 21.6 31.6 -1 0 5.8 
2003 10 16 15.0 21.1 27.2 -1 0 5.8 
2003 10 17 15.0 24.4 27.2 -1 0 3.1 
2003 10 18 18.3 22.7 27.2 -1 0 5.8 
2003 10 19 18.3 23.3 27.2 -1 0 6.7 
2003 10 20 17.7 22.7 26.6 -1 0 5.3 
2003 10 21 18.3 22.7 28.3 -1 0 4.9 
2003 10 22 17.7 22.2 30.5 -1 0 4.9 
2003 10 23 17.7 22.2 30.5 -1 0 4.0 
2003 10 24 13.8 20.5 28.8 -1 0 3.5 
2003 10 25 14.4 23.3 29.4 -1 0 5.8 
2003 10 26 18.3 25.0 28.3 -1 0 3.5 
2003 10 27 20.0 24.4 31.1 -1 0 3.5 
2003 10 28 19.4 24.4 30.5 -1 0 6.2 
2003 10 29 17.7 21.1 23.8 -1 8 6.7 
2003 10 30 13.8 20.5 27.7 -1 0 6.7 
2003 10 31 22.7 25.0 26.6 -1 0 6.7 
2003 11 1 22.2 25.5 28.3 -1 -1 7.1 
2003 11 2 22.2 25.5 29.4 -1 0 7.1 
2003 11 3 22.7 26.1 29.4 -1 8 10.2 
2003 11 4 23.3 26.6 30.0 -1 0 3.5 
2003 11 5 21.6 26.6 31.1 -1 -1 3.5 
2003 11 6 22.7 24.4 31.1 -1 5 3.1 
2003 11 7 20.0 23.8 27.7 -1 64 3.5 
2003 11 8 20.0 24.4 27.7 -1 0 6.7 
2003 11 9 21.1 23.3 27.7 -1 8 9.3 
2003 11 10 21.6 23.3 26.6 -1 25 9.3 
2003 11 11 20.0 22.7 26.6 -1 10 7.1 
2003 11 12 18.8 22.7 27.2 -1 5 3.5 
2003 11 13 17.2 22.2 28.3 -1 0 6.7 
2003 11 14 8.8 16.1 22.7 -1 0 5.3 
2003 11 15 9.4 18.3 25.0 -1 0 3.5 
2003 11 16 12.2 19.4 26.1 -1 0 3.5 
2003 11 17 13.8 21.6 27.2 -1 0 5.3 
2003 11 18 20.0 23.8 27.7 -1 0 4.0 
2003 11 19 17.7 21.6 27.7 -1 3 9.3 
2003 11 20 11.6 16.6 25.5 -1 0 8.0 
2003 11 21 11.1 17.2 23.8 -1 0 4.0 
2003 11 22 11.1 19.4 24.4 -1 0 4.9 
2003 11 23 13.8 19.4 26.1 -1 0 4.9 
2003 11 24 13.8 20.0 27.2 -1 0 5.3 
2003 11 25 13.8 19.4 27.2 -1 0 4.9 
2003 11 26 15.5 18.8 27.2 -1 0 4.0 
2003 11 27 15.5 20.5 27.7 -1 0 4.0 
2003 11 28 10.0 21.1 27.7 -1 3 8.0 
2003 11 29 6.1 11.1 20.0 -1 -1 8.4 
2003 11 30 5.0 11.1 20.5 -1 0 3.5 
2003 12 1 5.0 14.4 21.1 -1 0 4.0 
2003 12 2 8.8 15.0 22.7 -1 0 8.9 
2003 12 3 17.7 20.0 22.7 -1 -1 6.7 
2003 12 4 15.0 20.5 27.2 -1 3 4.9 
2003 12 5 13.8 19.4 26.6 -1 0 3.5 
2003 12 6 6.6 11.1 21.1 -1 0 5.3 
2003 12 7 3.8 10.0 16.6 -1 0 5.8 
2003 12 8 4.4 12.2 20.0 -1 0 2.6 
2003 12 9 5.0 15.0 23.3 -1 0 3.5 
2003 12 10 17.2 20.0 24.4 -1 3 9.3 
2003 12 11 1.1 11.1 16.1 -1 0 7.1 
2003 12 12 5.0 11.6 20.5 -1 0 3.5 
2003 12 13 12.7 17.2 23.8 -1 0 3.1 
2003 12 14 12.7 19.4 23.8 -1 33 6.2 
2003 12 15 7.2 12.2 18.3 -1 0 5.8 
2003 12 16 7.2 15.5 24.4 -1 0 4.0 
2003 12 17 7.7 16.6 20.5 -1 0 8.4 
2003 12 18 1.1 7.7 16.1 -1 0 6.2 
2003 12 19 1.1 10.5 16.1 -1 0 5.8 
2003 12 20 2.7 7.2 15.0 -1 0 5.3 
2003 12 21 1.6 7.7 16.1 -1 0 5.8 
2003 12 22 1.6 13.3 20.0 -1 -1 6.7 
2003 12 23 9.4 17.2 21.6 -1 0 3.1 
2003 12 24 12.7 18.3 25.5 -1 0 7.1 
2003 12 25 7.2 11.6 15.0 -1 0 4.9 
2003 12 26 6.6 12.7 19.4 -1 0 6.2 
2003 12 27 7.2 13.8 20.5 -1 0 5.8 
2003 12 28 7.7 14.4 22.2 -1 0 3.5 
2003 12 29 7.7 17.7 24.4 -1 0 4.9 
2003 12 30 16.1 20.0 26.1 -1 0 5.3 
2003 12 31 15.0 18.8 25.5 -1 0 4.0 
