2003 1 1 -6.1 1.6 11.6 -1 0 11.1 
2003 1 2 -7.2 1.6 12.2 -1 0 6.2 
2003 1 3 -7.2 6.6 16.1 -1 0 11.1 
2003 1 4 -1.1 6.6 16.1 -1 0 6.7 
2003 1 5 -1.1 5.5 13.3 -1 0 6.7 
2003 1 6 -2.7 3.3 8.3 -1 0 4.9 
2003 1 7 -3.3 4.4 17.2 -1 0 6.7 
2003 1 8 -1.1 9.4 20.0 -1 0 5.8 
2003 1 9 -7.2 -0.5 10.0 -1 0 4.0 
2003 1 10 -12.2 -7.7 1.1 -1 0 4.0 
2003 1 11 -12.2 -5.5 3.8 -1 0 5.3 
2003 1 12 -7.2 0.0 10.5 -1 0 5.8 
2003 1 14 -5.5 3.3 16.1 -1 0 5.3 
2003 1 15 -7.2 1.1 13.3 -1 0 12.5 
2003 1 16 -9.4 -3.3 11.1 -1 0 8.9 
2003 1 17 -9.4 -1.6 5.0 -1 0 5.3 
2003 1 18 -12.2 -2.2 7.7 -1 0 6.2 
2003 1 19 -3.8 5.5 18.3 -1 0 10.2 
2003 1 20 -0.5 9.4 18.3 -1 0 10.2 
2003 1 21 -10.5 1.6 18.3 -1 0 6.7 
2003 1 22 -12.2 -6.1 5.5 -1 0 5.8 
2003 1 23 -12.2 -6.1 129.4 -1 0 3.5 
2003 1 24 -12.2 1.6 12.7 -1 0 6.7 
2003 1 25 -5.0 2.2 10.5 -1 0 6.2 
2003 1 26 -5.0 5.0 15.5 -1 0 6.7 
2003 1 27 -1.1 11.1 20.0 -1 0 7.1 
2003 1 28 0.5 6.6 20.0 -1 0 9.8 
2003 1 29 -6.1 0.0 10.5 -1 0 5.3 
2003 1 30 1.1 6.6 17.2 -1 0 10.2 
2003 1 31 -3.8 6.1 18.3 -1 0 10.2 
2003 2 1 7.7 13.3 20.5 -1 0 6.7 
2003 2 2 -1.1 7.7 20.5 -1 0 8.4 
2003 2 3 -7.7 -4.4 -1.1 30 5 8.9 
2003 2 4 -11.6 -6.6 1.1 30 0 6.2 
2003 2 5 -11.6 -6.1 1.1 -1 0 3.5 
2003 2 6 -12.2 -9.4 -3.8 30 0 8.9 
2003 2 7 -21.1 -12.2 -2.2 30 0 6.7 
2003 2 8 -21.1 -7.7 -1.1 -1 0 6.7 
2003 2 9 -15.5 -6.6 -0.5 -1 0 6.7 
2003 2 10 -9.4 -1.1 7.7 -1 0 10.2 
2003 2 11 -8.3 -0.5 7.7 -1 0 8.0 
2003 2 12 -7.2 -0.5 10.5 -1 0 4.9 
2003 2 13 -6.6 2.7 11.1 -1 0 4.9 
2003 2 14 0.0 5.0 12.7 -1 0 8.9 
2003 2 15 -3.3 -0.5 12.7 -1 0 7.1 
2003 2 16 -6.1 -0.5 7.7 -1 0 3.5 
2003 2 17 -6.1 4.4 10.5 -1 0 9.8 
2003 2 18 -3.3 1.6 10.5 -1 0 5.8 
2003 2 19 -7.7 1.1 7.7 -1 0 5.3 
2003 2 20 -6.1 0.5 8.8 -1 0 7.1 
2003 2 21 -6.1 2.7 10.0 -1 0 6.7 
2003 2 22 -5.0 2.2 10.0 -1 0 6.7 
2003 2 23 -17.2 -8.8 7.2 30 0 12.5 
2003 2 24 -20.5 -16.1 -11.6 51 3 6.7 
2003 2 25 -20.0 -10.5 -0.5 -1 0 5.3 
2003 2 26 -8.8 -4.4 2.2 -1 0 4.9 
2003 2 27 -8.8 -3.3 1.6 30 3 5.3 
2003 2 28 -7.7 -2.7 1.1 -1 0 4.9 
2003 3 2 -8.8 -2.7 8.3 -1 0 7.1 
2003 3 3 -1.1 3.8 11.1 -1 0 10.2 
2003 3 4 -11.1 -3.8 11.1 30 0 6.2 
2003 3 5 -13.8 -6.1 5.0 30 0 11.1 
2003 3 6 -2.2 4.4 12.2 -1 0 13.4 
2003 3 7 -5.0 5.5 16.1 -1 0 8.0 
2003 3 8 -5.0 8.8 17.2 -1 0 10.2 
2003 3 9 -2.2 9.4 17.2 -1 0 10.2 
2003 3 10 1.1 10.0 18.3 -1 0 6.7 
2003 3 11 -2.2 11.1 18.8 -1 0 9.8 
2003 3 12 2.7 12.2 20.0 -1 0 8.4 
2003 3 13 -0.5 11.6 23.3 -1 0 5.3 
2003 3 14 7.2 15.0 24.4 -1 0 6.7 
2003 3 15 6.6 14.4 23.8 -1 0 6.7 
2003 3 16 2.7 11.1 19.4 -1 0 6.7 
2003 3 17 2.7 8.3 17.7 -1 5 9.3 
2003 3 18 -1.1 2.2 10.0 79 25 11.1 
2003 3 19 -2.7 -1.1 3.8 480 38 12.0 
2003 3 20 -3.3 0.0 2.2 381 10 4.0 
2003 3 21 -3.3 1.1 5.0 249 0 3.5 
2003 3 22 -1.1 1.6 5.0 231 0 6.7 
2003 3 23 -1.1 5.5 12.2 130 0 8.0 
2003 3 24 0.0 3.3 12.2 130 0 4.9 
2003 3 25 -2.2 0.5 3.8 99 3 4.9 
2003 3 26 -2.2 7.2 15.5 -1 0 6.7 
2003 3 27 -3.8 2.7 13.8 -1 3 12.9 
2003 3 28 -5.0 -2.7 5.5 -1 0 8.0 
2003 3 29 -7.2 -3.3 2.7 -1 0 6.7 
2003 3 30 -6.6 2.7 14.4 -1 0 4.9 
2003 3 31 -3.3 9.4 20.5 -1 0 7.1 
2003 4 1 3.3 13.3 23.3 -1 0 9.3 
2003 4 2 6.1 15.0 23.3 -1 0 12.5 
2003 4 3 1.6 10.5 22.2 -1 0 18.7 
2003 4 4 -1.6 3.3 16.6 -1 0 9.8 
2003 4 5 0.0 4.4 11.1 -1 0 9.8 
2003 4 6 -2.2 2.7 10.5 30 0 8.4 
2003 4 7 -3.8 0.0 3.8 -1 0 8.4 
2003 4 8 -6.1 1.6 11.6 -1 0 5.3 
2003 4 9 -5.5 10.0 22.7 -1 0 6.2 
2003 4 10 1.6 13.8 23.3 -1 0 6.2 
2003 4 11 5.5 14.4 25.0 -1 0 7.1 
2003 4 12 5.5 16.1 25.5 -1 0 7.1 
2003 4 13 5.5 17.2 26.6 -1 0 6.7 
2003 4 14 7.2 18.3 26.6 -1 0 6.7 
2003 4 15 7.7 16.6 23.8 -1 0 12.0 
2003 4 16 4.4 9.4 22.2 -1 8 15.6 
2003 4 17 2.2 10.0 19.4 -1 0 11.6 
2003 4 18 2.2 11.1 20.5 -1 0 11.6 
2003 4 19 2.7 6.6 16.6 -1 3 9.8 
2003 4 20 -1.1 6.1 12.7 -1 3 8.4 
2003 4 21 -0.5 9.4 19.4 -1 0 8.4 
2003 4 22 1.6 10.5 19.4 -1 3 14.7 
2003 4 23 0.0 7.7 17.2 -1 25 16.0 
2003 4 24 0.0 3.8 12.7 -1 33 11.1 
2003 4 25 2.2 8.3 17.2 -1 3 5.3 
2003 4 26 2.2 12.7 22.2 -1 0 6.7 
2003 4 27 4.4 12.2 22.2 -1 0 8.9 
2003 4 28 4.4 12.2 21.1 -1 0 8.9 
2003 4 29 5.5 12.2 21.1 -1 3 8.4 
2003 4 30 3.8 8.8 13.8 -1 5 7.1 
2003 5 1 2.7 8.8 15.0 -1 0 8.9 
2003 5 2 2.7 9.4 16.6 -1 0 6.7 
2003 5 3 2.7 15.0 23.8 -1 0 8.4 
2003 5 4 5.0 12.2 23.8 -1 0 10.2 
2003 5 5 3.3 11.1 17.2 -1 0 10.2 
2003 5 6 3.3 10.0 16.6 -1 0 8.9 
2003 5 7 3.3 11.1 18.8 -1 0 9.8 
2003 5 8 3.8 8.8 16.6 -1 10 8.9 
2003 5 9 2.2 5.0 12.2 -1 10 6.2 
2003 5 10 -1.1 1.6 6.1 79 25 7.1 
2003 5 11 -0.5 6.1 15.5 30 5 4.9 
2003 5 12 0.0 11.1 21.1 -1 0 8.0 
2003 5 13 2.7 15.0 23.3 -1 0 8.9 
2003 5 14 7.7 16.1 23.3 -1 0 7.1 
2003 5 15 7.2 14.4 20.5 -1 0 9.8 
2003 5 16 7.2 15.0 24.4 -1 5 9.8 
2003 5 17 10.5 20.0 29.4 -1 0 11.1 
2003 5 18 11.1 18.3 25.5 -1 0 8.9 
2003 5 19 3.8 8.8 23.3 -1 3 8.9 
2003 5 20 3.8 8.3 17.7 -1 0 9.3 
2003 5 21 5.0 13.3 24.4 -1 0 5.3 
2003 5 22 6.1 17.7 25.5 -1 0 6.2 
2003 5 23 8.8 17.2 26.1 -1 0 5.8 
2003 5 24 9.4 17.7 26.1 -1 0 5.3 
2003 5 25 10.0 16.1 22.2 -1 0 6.2 
2003 5 26 10.0 16.6 25.5 -1 0 5.8 
2003 5 27 10.0 19.4 28.3 -1 0 6.7 
2003 5 28 10.5 20.5 28.8 -1 0 3.5 
2003 5 29 12.2 25.0 34.4 -1 0 7.1 
2003 5 30 16.1 23.8 34.4 -1 0 13.4 
2003 5 31 11.6 18.3 31.6 -1 0 6.7 
2003 6 1 11.6 17.7 28.8 -1 0 9.8 
2003 6 2 10.0 16.1 23.8 -1 8 11.6 
2003 6 3 8.8 13.8 23.8 -1 3 17.4 
2003 6 4 8.8 12.7 18.8 -1 0 8.9 
2003 6 5 7.7 10.0 15.5 -1 0 12.0 
2003 6 6 5.5 12.2 20.5 -1 3 6.7 
2003 6 7 5.5 9.4 20.5 -1 8 12.9 
2003 6 8 4.4 13.3 24.4 -1 0 5.3 
2003 6 9 4.4 19.4 27.7 -1 0 14.7 
2003 6 10 10.0 17.2 27.7 -1 0 8.4 
2003 6 11 10.0 19.4 28.8 -1 0 6.7 
2003 6 12 9.4 17.2 28.8 -1 5 12.5 
2003 6 13 9.4 15.5 26.6 -1 5 5.3 
2003 6 14 10.0 17.7 25.0 -1 0 5.3 
2003 6 15 10.0 20.5 29.4 -1 0 5.8 
2003 6 16 11.6 20.0 29.4 -1 0 6.7 
2003 6 17 11.6 17.7 27.2 -1 0 6.2 
2003 6 18 11.6 16.1 23.3 -1 3 8.0 
2003 6 19 11.1 16.1 26.1 -1 38 7.1 
2003 6 20 11.1 16.1 23.3 -1 25 9.8 
2003 6 21 11.1 18.8 27.2 -1 3 6.7 
2003 6 22 8.3 17.7 27.2 -1 0 8.4 
2003 6 23 8.3 17.7 25.0 -1 0 6.7 
2003 6 24 10.5 15.5 25.0 -1 0 5.3 
2003 6 25 7.7 11.6 17.7 -1 0 6.7 
2003 6 26 8.8 15.5 22.7 -1 0 5.3 
2003 6 27 8.8 17.7 27.2 -1 0 3.5 
2003 6 28 9.4 20.0 31.1 -1 0 3.5 
2003 6 29 9.4 17.7 31.1 -1 3 11.1 
2003 6 30 12.7 19.4 30.0 -1 5 6.7 
2003 7 1 13.3 24.4 33.8 -1 0 6.7 
2003 7 2 14.4 25.5 33.8 -1 0 5.8 
2003 7 3 16.6 25.5 34.4 -1 0 4.0 
2003 7 4 16.1 26.6 33.3 -1 0 6.2 
2003 7 5 15.5 25.5 34.4 -1 0 6.2 
2003 7 6 15.5 25.0 34.4 -1 0 12.0 
2003 7 7 14.4 22.7 32.7 -1 0 9.8 
2003 7 8 11.1 22.7 36.1 -1 0 8.9 
2003 7 9 11.1 23.8 36.6 -1 0 5.3 
2003 7 10 13.8 23.8 33.3 -1 0 5.8 
2003 7 11 13.8 24.4 33.3 -1 0 5.8 
2003 7 12 15.0 24.4 33.8 -1 0 6.2 
2003 7 13 15.0 27.7 37.7 -1 0 8.4 
2003 7 14 16.6 28.3 37.7 -1 0 6.7 
2003 7 15 16.1 26.6 35.5 -1 0 7.1 
2003 7 16 16.1 27.7 38.3 -1 0 9.3 
2003 7 17 16.1 27.7 38.3 -1 0 9.3 
2003 7 18 18.3 27.7 37.2 -1 0 6.7 
2003 7 19 15.5 23.8 36.1 -1 3 12.5 
2003 7 20 15.5 24.4 33.8 -1 0 11.1 
2003 7 21 15.5 25.5 36.6 -1 0 8.4 
2003 7 22 13.3 23.8 36.6 -1 0 3.5 
2003 7 23 13.3 23.8 34.4 -1 0 7.1 
2003 7 24 21.1 28.3 38.3 -1 0 6.7 
2003 7 25 20.5 30.0 37.7 -1 0 12.5 
2003 7 26 18.8 27.2 36.1 -1 0 7.1 
2003 7 27 17.2 22.7 32.2 -1 10 7.1 
2003 7 28 17.2 21.1 26.1 -1 0 4.0 
2003 7 29 15.0 20.0 28.3 -1 0 7.1 
2003 7 30 12.7 20.5 31.1 -1 0 4.9 
2003 7 31 12.7 23.3 35.0 -1 0 12.5 
2003 8 1 14.4 24.4 35.0 -1 0 8.4 
2003 8 2 12.2 22.7 33.3 -1 0 5.8 
2003 8 3 12.2 25.5 33.3 -1 0 9.3 
2003 8 4 15.5 23.3 33.3 -1 0 6.7 
2003 8 5 15.5 24.4 33.3 -1 0 3.5 
2003 8 6 15.5 25.5 36.6 -1 0 6.2 
2003 8 7 16.6 26.1 36.6 -1 0 6.7 
2003 8 8 17.2 23.8 34.4 -1 0 8.4 
2003 8 9 16.6 25.0 33.8 -1 0 8.0 
2003 8 10 15.5 23.3 33.8 -1 0 7.1 
2003 8 11 15.5 26.1 35.0 -1 0 7.1 
2003 8 12 16.6 23.8 35.0 -1 0 6.7 
2003 8 13 15.0 24.4 33.3 -1 0 9.8 
2003 8 14 11.6 22.2 33.3 -1 0 8.0 
2003 8 15 11.6 22.7 31.1 -1 0 8.4 
2003 8 16 13.8 23.3 32.2 -1 0 5.8 
2003 8 17 15.0 23.3 32.2 -1 0 10.2 
2003 8 18 13.8 20.0 26.6 -1 3 8.4 
2003 8 19 10.5 17.7 30.0 -1 3 4.9 
2003 8 20 10.5 24.4 34.4 -1 0 5.3 
2003 8 21 15.5 25.0 34.4 -1 0 5.8 
2003 8 22 18.8 24.4 36.1 -1 0 11.1 
2003 8 23 16.1 23.8 36.1 -1 0 8.0 
2003 8 24 16.1 22.2 32.2 -1 3 8.9 
2003 8 25 16.1 22.7 31.1 -1 3 8.9 
2003 8 26 14.4 22.2 31.1 -1 0 8.4 
2003 8 27 14.4 23.3 33.3 -1 0 6.7 
2003 8 28 15.0 21.6 33.3 -1 5 5.3 
2003 8 29 11.1 19.4 27.7 -1 0 8.0 
2003 8 30 10.5 15.0 26.6 -1 5 8.9 
2003 8 31 8.8 13.8 21.1 -1 15 7.1 
2003 9 1 11.1 17.2 26.1 -1 0 3.5 
2003 9 2 10.5 20.0 29.4 -1 0 6.2 
2003 9 3 12.7 17.7 29.4 -1 3 6.7 
2003 9 4 11.1 17.7 28.3 -1 0 5.8 
2003 9 5 10.5 21.6 30.5 -1 0 5.8 
2003 9 6 14.4 20.5 30.5 -1 0 3.5 
2003 9 7 13.8 17.2 25.5 -1 5 4.9 
2003 9 8 8.8 18.3 27.7 -1 0 5.3 
2003 9 9 9.4 20.0 28.3 -1 0 8.0 
2003 9 10 11.1 18.8 24.4 -1 0 10.2 
2003 9 11 2.7 11.1 18.8 -1 0 8.4 
2003 9 12 3.3 16.1 26.6 -1 0 5.8 
2003 9 13 5.5 10.0 25.0 -1 0 10.2 
2003 9 14 -1.6 9.4 21.1 -1 0 6.2 
2003 9 15 7.2 16.6 27.2 -1 0 5.8 
2003 9 16 6.6 20.5 30.0 -1 0 5.8 
2003 9 17 10.5 21.6 30.0 -1 0 14.3 
2003 9 18 0.0 5.5 13.8 -1 0 13.8 
2003 9 19 -0.5 10.0 21.6 -1 0 4.0 
2003 9 20 2.2 15.0 25.0 -1 0 6.7 
2003 9 21 3.8 15.0 25.0 -1 0 8.9 
2003 9 22 3.8 15.0 26.1 -1 0 6.7 
2003 9 23 4.4 20.0 30.5 -1 0 7.1 
2003 9 24 5.5 15.0 30.5 -1 0 5.3 
2003 9 25 5.0 15.0 29.4 -1 0 4.9 
2003 9 26 5.0 18.8 29.4 -1 0 7.1 
2003 9 27 3.8 12.2 21.1 -1 0 5.8 
2003 9 28 1.6 12.2 21.1 -1 0 4.9 
2003 9 29 1.6 11.1 20.5 -1 0 4.9 
2003 9 30 1.6 6.6 18.3 -1 0 6.7 
2003 10 1 -0.5 7.2 18.8 -1 0 4.0 
2003 10 2 0.0 12.7 21.1 -1 0 4.9 
2003 10 3 6.1 13.3 21.1 -1 0 4.9 
2003 10 4 3.8 12.7 18.8 -1 0 6.7 
2003 10 5 6.6 13.8 23.8 -1 0 4.0 
2003 10 6 6.1 15.5 25.0 -1 0 5.3 
2003 10 7 6.1 16.1 26.1 -1 0 5.3 
2003 10 8 6.1 17.7 26.1 -1 0 5.8 
2003 10 9 10.5 18.3 28.8 -1 0 6.2 
2003 10 10 11.1 20.0 28.8 -1 0 6.7 
2003 10 11 2.2 11.1 27.2 -1 0 9.8 
2003 10 12 2.2 11.1 25.5 -1 0 4.9 
2003 10 13 2.7 11.6 25.5 -1 0 11.1 
2003 10 14 -3.3 6.6 18.3 -1 0 8.4 
2003 10 15 -3.3 11.1 21.6 -1 0 6.7 
2003 10 16 -0.5 11.1 22.2 -1 0 10.2 
2003 10 17 3.8 13.8 27.7 -1 0 5.8 
2003 10 18 12.2 19.4 29.4 -1 0 5.8 
2003 10 19 10.0 18.8 30.0 -1 0 6.2 
2003 10 20 5.5 17.7 30.0 -1 0 5.8 
2003 10 21 5.5 17.2 28.3 -1 0 5.8 
2003 10 22 8.8 17.7 28.8 -1 0 4.9 
2003 10 23 8.8 18.8 28.8 -1 0 5.8 
2003 10 24 7.2 12.7 22.7 -1 0 5.3 
2003 10 25 -2.2 4.4 16.1 -1 0 6.7 
2003 10 26 -4.4 6.1 17.2 -1 0 6.7 
2003 10 27 7.7 12.7 20.0 -1 0 8.9 
2003 10 28 3.3 11.1 20.5 -1 0 5.8 
2003 10 29 3.3 16.6 27.7 -1 0 11.6 
2003 10 30 -3.3 3.3 138.3 -1 0 8.0 
2003 10 31 -5.0 -2.7 6.1 -1 0 4.0 
2003 11 1 -5.0 -1.1 1.1 -1 3 4.0 
2003 11 2 -2.7 1.6 2.2 -1 0 3.5 
2003 11 3 0.0 1.6 2.2 -1 0 5.3 
2003 11 4 -1.1 3.8 8.8 -1 0 3.5 
2003 11 5 -3.8 0.0 8.8 -1 0 5.8 
2003 11 6 -6.6 -1.6 3.3 -1 0 3.5 
2003 11 7 -1.1 1.6 7.7 -1 0 3.5 
2003 11 8 -1.6 3.8 11.1 -1 0 3.5 
2003 11 9 -1.1 4.4 13.3 -1 0 3.5 
2003 11 10 -1.6 7.2 16.1 -1 0 8.9 
2003 11 11 -1.6 7.2 16.1 -1 0 13.4 
2003 11 12 -2.7 4.4 15.0 -1 0 8.4 
2003 11 13 -2.7 4.4 14.4 -1 0 11.1 
2003 11 14 -2.2 6.1 14.4 -1 0 9.8 
2003 11 15 -4.4 5.5 13.3 -1 0 8.0 
2003 11 16 -4.4 3.8 12.7 -1 0 4.9 
2003 11 17 -3.8 4.4 12.7 -1 0 9.8 
2003 11 18 -5.5 2.7 12.7 -1 0 7.1 
2003 11 19 -5.5 8.8 20.5 -1 0 6.7 
2003 11 20 3.8 10.5 21.1 -1 0 6.2 
2003 11 21 -3.8 2.2 16.1 -1 0 6.7 
2003 11 22 -8.8 -3.3 6.1 -1 0 9.3 
2003 11 23 -18.8 -12.7 -1.1 30 0 5.3 
2003 11 24 -16.1 -6.6 10.0 30 0 5.3 
2003 11 25 -3.8 1.1 6.1 -1 0 9.8 
2003 11 26 -6.6 -1.1 6.1 -1 0 6.7 
2003 11 27 -8.8 -2.2 6.1 -1 0 5.3 
2003 11 28 -12.7 -2.7 12.2 -1 0 4.0 
2003 11 29 1.1 10.0 18.8 -1 0 7.1 
2003 11 30 2.7 10.0 20.0 -1 0 8.0 
2003 12 1 -2.7 2.7 9.4 -1 0 7.1 
2003 12 2 -3.8 3.8 12.7 -1 0 8.9 
2003 12 3 -6.6 3.3 12.7 -1 0 8.9 
2003 12 4 -7.2 -1.1 4.4 -1 0 7.1 
2003 12 5 -12.7 -3.8 6.1 -1 0 5.8 
2003 12 6 -13.8 2.2 16.6 -1 0 5.8 
2003 12 7 -6.6 7.2 17.2 -1 0 7.1 
2003 12 8 -5.5 1.1 17.2 30 3 6.7 
2003 12 9 -8.8 -5.0 -1.1 51 3 9.8 
2003 12 10 -15.0 -8.8 0.0 30 0 5.8 
2003 12 11 -15.0 -6.1 0.0 30 0 4.9 
2003 12 12 -11.1 -6.1 1.6 30 0 5.3 
2003 12 13 -7.7 -2.2 7.2 -1 0 6.2 
2003 12 14 -10.0 3.8 13.8 -1 0 6.2 
2003 12 15 -3.8 1.1 9.4 -1 0 12.5 
2003 12 16 -13.3 -3.8 6.1 -1 0 9.8 
2003 12 17 -1.1 3.3 11.6 -1 0 8.4 
2003 12 18 -8.3 -2.2 12.7 -1 0 4.9 
2003 12 19 -7.2 0.0 13.8 -1 0 4.0 
2003 12 20 1.1 7.2 13.8 -1 0 6.2 
2003 12 21 0.0 6.1 15.5 -1 0 6.2 
2003 12 22 -3.3 0.0 11.1 -1 0 6.7 
2003 12 23 -7.7 -0.5 12.2 -1 0 4.0 
2003 12 24 -7.7 1.1 12.7 -1 0 3.5 
2003 12 25 -7.2 1.1 10.5 -1 0 4.0 
2003 12 26 -5.0 2.7 13.8 -1 0 7.1 
2003 12 27 -5.0 0.5 13.8 -1 0 12.5 
2003 12 28 -7.2 -3.8 2.7 -1 0 8.0 
2003 12 29 -8.8 -3.3 6.1 -1 0 6.2 
2003 12 30 -9.4 1.1 11.1 -1 0 5.3 
2003 12 31 -7.7 0.5 11.1 -1 0 4.9 
