2003 1 1 -7.2 -1.6 4.4 -1 0 5.8 
2003 1 2 -5.0 -3.3 1.1 -1 0 6.7 
2003 1 3 -12.2 -6.1 3.8 -1 0 4.9 
2003 1 4 -3.8 0.0 8.8 -1 0 7.1 
2003 1 5 -4.4 0.5 8.8 -1 0 6.2 
2003 1 6 -2.2 -0.5 2.2 -1 0 5.8 
2003 1 7 -6.1 1.1 13.8 -1 0 6.7 
2003 1 8 -5.5 8.3 19.4 -1 0 9.8 
2003 1 9 -1.1 3.8 11.6 -1 0 11.1 
2003 1 10 -9.4 -5.0 5.5 -1 0 11.6 
2003 1 11 -16.1 -10.5 -5.0 -1 0 6.7 
2003 1 12 -15.5 -6.6 6.1 -1 0 8.4 
2003 1 14 -13.3 -7.7 -3.8 -1 0 6.7 
2003 1 15 -16.1 -11.1 -3.8 -1 0 5.3 
2003 1 16 -10.0 -7.7 -6.1 51 0 6.7 
2003 1 17 -18.8 -13.3 -5.5 51 0 6.7 
2003 1 18 -17.2 -10.5 -6.6 51 0 9.3 
2003 1 19 -15.0 -8.8 3.3 30 3 6.2 
2003 1 20 -15.0 -5.5 3.3 30 0 5.8 
2003 1 21 -15.0 -10.0 -3.3 -1 0 6.7 
2003 1 22 -13.8 -11.6 -8.8 -1 0 6.7 
2003 1 23 -21.6 -17.2 -10.0 -1 0 6.7 
2003 1 24 -17.2 -13.8 -7.2 -1 0 6.2 
2003 1 25 -16.6 -8.3 -0.5 30 0 5.8 
2003 1 26 -18.8 -13.8 0.0 30 0 6.7 
2003 1 27 -16.6 -10.5 -0.5 51 0 8.4 
2003 1 28 -6.1 -2.2 0.0 -1 0 5.8 
2003 1 29 -9.4 -5.0 0.0 -1 5 7.1 
2003 1 30 -7.2 -3.3 4.4 -1 0 7.1 
2003 1 31 -7.2 2.2 4.4 -1 3 7.1 
2003 2 1 -2.2 2.2 10.5 -1 0 4.0 
2003 2 2 -2.2 2.7 10.5 -1 0 6.2 
2003 2 3 -5.0 1.6 4.4 79 0 11.1 
2003 2 4 -13.3 -9.4 2.7 79 0 11.6 
2003 2 5 -12.7 -8.8 -1.6 51 0 4.0 
2003 2 6 -13.3 -8.3 -2.2 51 0 7.1 
2003 2 7 -21.6 -15.0 -3.3 51 0 6.7 
2003 2 8 -11.1 -5.5 -2.2 30 0 6.2 
2003 2 9 -15.0 -10.0 -1.6 30 0 5.3 
2003 2 10 -12.2 -7.7 -3.3 30 0 6.7 
2003 2 11 -13.3 -7.2 5.0 30 0 12.9 
2003 2 12 -14.4 -7.2 5.0 -1 0 8.0 
2003 2 13 -8.3 -1.1 8.8 -1 0 4.9 
2003 2 14 0.0 2.2 7.2 -1 5 7.1 
2003 2 15 -7.2 -4.4 2.2 330 5 9.8 
2003 2 16 -15.0 -11.1 -1.6 330 5 6.2 
2003 2 17 -20.5 -10.5 -0.5 279 5 4.0 
2003 2 18 -7.2 -1.1 6.6 201 8 5.8 
2003 2 19 -9.4 -2.2 7.2 150 0 3.5 
2003 2 20 -7.7 2.7 9.4 79 0 9.3 
2003 2 21 -2.2 2.7 8.8 51 0 4.9 
2003 2 22 -4.4 -2.2 9.4 51 0 6.7 
2003 2 23 -11.1 -7.2 -1.1 79 0 6.2 
2003 2 24 -16.6 -13.8 -5.5 51 -1 8.4 
2003 2 25 -20.5 -15.5 -9.4 51 0 3.5 
2003 2 26 -20.0 -10.0 -2.2 51 0 3.5 
2003 2 27 -15.5 -5.0 1.1 30 0 2.2 
2003 2 28 -12.2 -2.7 2.2 30 0 2.6 
2003 3 2 -15.0 -7.7 1.1 30 0 8.9 
2003 3 3 -11.1 -6.1 3.8 30 0 7.1 
2003 3 4 -12.2 -5.5 3.8 79 0 8.0 
2003 3 5 -16.1 -12.7 -8.8 130 0 6.7 
2003 3 6 -15.0 -9.4 -1.1 99 0 8.4 
2003 3 7 -6.1 -2.7 -1.1 79 3 9.3 
2003 3 8 -9.4 -6.1 -0.5 79 0 9.3 
2003 3 9 -16.6 -12.7 -5.0 79 0 6.7 
2003 3 10 -16.6 -10.5 -5.5 79 0 5.8 
2003 3 11 -12.7 -2.2 12.2 30 0 7.1 
2003 3 12 0.0 2.7 9.4 30 3 6.7 
2003 3 13 -1.1 2.2 6.6 -1 3 5.8 
2003 3 14 -1.1 5.0 13.8 -1 0 6.7 
2003 3 15 -0.5 11.1 25.0 -1 0 6.2 
2003 3 16 3.3 16.1 25.0 -1 0 5.8 
2003 3 17 8.3 16.1 24.4 -1 0 3.5 
2003 3 18 8.3 13.8 24.4 -1 0 6.2 
2003 3 19 2.7 6.1 17.7 -1 5 8.4 
2003 3 20 2.7 4.4 8.3 -1 5 5.8 
2003 3 21 -1.1 3.8 10.0 -1 0 8.9 
2003 3 22 -1.1 6.6 15.5 -1 0 5.8 
2003 3 23 0.0 11.1 22.7 -1 0 8.4 
2003 3 24 10.5 15.0 19.4 -1 0 8.0 
2003 3 25 4.4 11.1 19.4 -1 0 8.4 
2003 3 26 2.7 9.4 16.6 -1 0 6.2 
2003 3 27 7.7 10.5 16.6 -1 3 5.3 
2003 3 28 1.1 4.4 10.5 -1 3 9.8 
2003 3 29 -1.6 1.6 7.2 -1 0 8.0 
2003 3 30 -5.0 1.6 9.4 -1 0 4.0 
2003 3 31 -5.0 8.3 23.8 -1 0 8.4 
2003 4 1 12.2 20.0 30.0 -1 0 9.3 
2003 4 2 11.1 20.0 30.5 -1 0 8.0 
2003 4 3 11.6 20.0 27.7 -1 0 6.7 
2003 4 4 -1.1 3.8 20.0 -1 5 8.9 
2003 4 5 -2.7 -1.1 1.1 -1 3 6.7 
2003 4 6 -2.2 0.0 3.8 -1 3 8.0 
2003 4 7 -1.6 -0.5 3.8 130 8 8.4 
2003 4 8 -3.3 -1.6 2.2 51 0 6.2 
2003 4 9 -6.1 0.5 10.0 51 0 4.0 
2003 4 10 -5.5 8.3 20.0 -1 0 4.9 
2003 4 11 -1.1 13.8 24.4 -1 0 3.5 
2003 4 12 3.8 15.5 24.4 -1 0 4.9 
2003 4 13 6.1 16.1 26.1 -1 0 6.7 
2003 4 14 7.2 21.6 30.5 -1 0 10.2 
2003 4 15 13.8 22.7 30.5 -1 0 9.3 
2003 4 16 13.8 18.8 28.3 -1 3 7.1 
2003 4 17 3.8 7.7 13.8 -1 3 6.7 
2003 4 18 6.1 7.7 12.2 -1 3 8.9 
2003 4 19 6.1 11.6 12.7 -1 25 7.1 
2003 4 20 7.7 9.4 12.2 -1 25 8.4 
2003 4 21 7.7 10.5 17.7 -1 0 9.3 
2003 4 22 2.7 12.2 18.8 -1 0 5.8 
2003 4 23 3.3 15.0 20.5 -1 0 7.1 
2003 4 24 7.7 11.1 20.5 -1 8 6.7 
2003 4 25 8.8 13.3 21.1 -1 15 6.7 
2003 4 26 6.1 15.5 23.3 -1 0 5.3 
2003 4 27 5.0 17.2 25.0 -1 0 5.3 
2003 4 28 10.0 17.7 25.0 -1 10 6.7 
2003 4 29 10.0 13.3 22.7 -1 5 5.3 
2003 4 30 9.4 12.2 16.1 -1 36 11.1 
2003 5 1 10.0 12.7 17.7 -1 23 7.1 
2003 5 2 10.0 14.4 18.3 -1 8 4.0 
2003 5 3 10.5 15.0 21.1 -1 8 6.7 
2003 5 4 10.5 13.3 21.1 -1 5 8.9 
2003 5 5 11.1 13.3 17.2 -1 58 6.7 
2003 5 6 8.8 15.0 22.2 -1 0 4.0 
2003 5 7 8.3 14.4 21.6 -1 15 6.7 
2003 5 8 8.8 12.7 21.1 -1 8 8.9 
2003 5 9 9.4 16.6 22.7 -1 25 8.9 
2003 5 10 12.2 16.6 22.7 -1 0 5.8 
2003 5 11 7.7 10.0 13.8 -1 0 14.3 
2003 5 12 7.7 13.8 20.5 -1 0 10.2 
2003 5 13 11.1 16.6 23.8 -1 3 6.2 
2003 5 14 11.1 17.7 24.4 -1 15 8.0 
2003 5 15 11.1 14.4 18.3 -1 3 3.5 
2003 5 16 10.0 15.5 21.1 -1 0 5.8 
2003 5 17 10.0 17.2 23.8 -1 0 5.3 
2003 5 18 10.5 18.8 24.4 -1 0 5.8 
2003 5 19 12.2 20.5 23.3 -1 3 9.8 
2003 5 20 7.2 12.2 17.2 -1 3 9.8 
2003 5 21 7.2 13.3 19.4 -1 0 4.0 
2003 5 22 7.2 15.5 22.2 -1 0 3.5 
2003 5 23 8.3 16.6 22.2 -1 0 4.0 
2003 5 24 12.2 16.6 20.5 -1 0 4.0 
2003 5 25 10.0 17.2 24.4 -1 0 3.1 
2003 5 26 10.0 20.0 26.6 -1 0 4.0 
2003 5 27 11.1 21.1 28.8 -1 0 5.8 
2003 5 28 9.4 23.3 28.8 -1 3 9.3 
2003 5 29 12.2 21.1 28.3 -1 0 5.8 
2003 5 30 12.2 22.7 33.3 -1 0 12.5 
2003 5 31 12.7 19.4 26.6 -1 0 12.5 
2003 6 1 15.0 18.8 23.3 -1 0 4.0 
2003 6 2 11.6 15.0 23.3 -1 8 4.9 
2003 6 3 11.1 13.3 18.3 -1 8 5.3 
2003 6 4 11.1 16.6 23.3 -1 0 3.5 
2003 6 5 11.6 17.7 23.8 -1 3 4.0 
2003 6 6 12.7 17.7 23.8 -1 10 9.3 
2003 6 7 12.2 17.2 22.7 -1 3 4.9 
2003 6 8 12.2 16.1 22.7 -1 8 8.9 
2003 6 9 12.2 20.0 27.2 -1 3 5.8 
2003 6 10 12.2 21.6 27.2 -1 18 6.2 
2003 6 11 15.0 20.5 26.1 -1 0 4.0 
2003 6 12 15.0 20.5 25.5 -1 0 5.3 
2003 6 13 17.2 23.8 31.1 -1 0 5.8 
2003 6 14 17.7 25.0 31.1 -1 0 3.5 
2003 6 15 18.8 25.0 30.5 -1 0 4.0 
2003 6 16 18.8 25.0 31.1 -1 0 2.6 
2003 6 17 17.7 25.0 31.6 -1 0 3.5 
2003 6 18 17.7 24.4 31.6 -1 0 4.9 
2003 6 19 18.8 23.3 26.6 -1 0 6.7 
2003 6 20 13.8 21.1 27.2 -1 0 5.3 
2003 6 21 13.8 22.2 28.3 -1 0 8.0 
2003 6 22 15.0 23.8 31.1 -1 0 8.0 
2003 6 23 17.7 26.1 32.7 -1 0 7.1 
2003 6 24 22.7 28.3 34.4 -1 0 8.4 
2003 6 25 17.7 25.0 31.1 -1 41 11.1 
2003 6 26 12.7 18.8 28.3 -1 28 10.2 
2003 6 27 12.7 21.6 30.0 -1 0 6.7 
2003 6 28 13.8 23.3 30.0 -1 13 8.4 
2003 6 29 17.7 22.7 28.8 -1 0 3.5 
2003 6 30 17.2 23.3 28.3 -1 0 3.5 
2003 7 1 18.8 25.0 30.5 -1 0 5.3 
2003 7 2 20.0 26.1 32.2 -1 0 5.3 
2003 7 3 20.0 28.3 35.0 -1 0 6.2 
2003 7 4 22.7 28.8 35.0 -1 0 9.3 
2003 7 5 19.4 26.6 31.6 -1 15 6.7 
2003 7 6 19.4 25.5 32.7 -1 10 12.9 
2003 7 7 22.7 28.3 32.7 -1 5 8.4 
2003 7 8 18.8 22.7 32.7 -1 5 7.1 
2003 7 9 18.8 23.8 29.4 -1 10 15.1 
2003 7 10 17.7 22.2 25.5 -1 10 8.9 
2003 7 11 17.2 23.3 29.4 -1 0 8.4 
2003 7 12 16.1 22.2 27.2 -1 0 6.2 
2003 7 13 16.1 23.3 28.8 -1 0 4.0 
2003 7 14 17.2 25.5 32.7 -1 0 7.1 
2003 7 15 19.4 27.2 32.7 -1 3 5.8 
2003 7 16 18.3 25.0 30.5 -1 0 3.5 
2003 7 17 18.3 26.6 33.8 -1 0 6.2 
2003 7 18 21.1 26.6 33.8 -1 0 6.2 
2003 7 19 18.8 22.7 28.3 -1 0 4.0 
2003 7 20 18.8 25.5 30.5 -1 0 5.8 
2003 7 21 21.1 25.5 31.1 -1 0 6.7 
2003 7 22 16.6 21.1 27.7 -1 0 4.9 
2003 7 23 13.8 20.5 26.6 -1 0 4.0 
2003 7 24 13.3 22.2 29.4 -1 0 5.8 
2003 7 25 14.4 25.5 33.8 -1 0 9.3 
2003 7 26 19.4 29.4 36.6 -1 0 7.1 
2003 7 27 22.7 26.6 36.6 -1 3 5.8 
2003 7 28 20.0 24.4 30.0 -1 5 6.7 
2003 7 29 17.7 23.8 30.0 -1 0 3.5 
2003 7 30 17.7 23.8 30.0 -1 3 4.0 
2003 7 31 17.7 24.4 30.0 -1 0 6.2 
2003 8 1 18.8 25.0 30.0 -1 0 4.9 
2003 8 2 18.3 24.4 30.5 -1 0 5.8 
2003 8 3 15.5 23.3 30.5 -1 0 4.9 
2003 8 4 17.2 23.3 30.0 -1 28 3.5 
2003 8 5 17.2 22.7 27.7 -1 8 5.3 
2003 8 6 18.8 23.3 29.4 -1 0 4.9 
2003 8 7 17.7 24.4 30.5 -1 0 4.9 
2003 8 8 18.3 24.4 31.1 -1 0 3.5 
2003 8 9 17.7 23.3 30.0 -1 0 3.5 
2003 8 10 17.7 23.3 28.8 -1 3 3.5 
2003 8 11 18.3 23.3 30.0 -1 5 4.0 
2003 8 12 17.7 22.7 30.0 -1 0 4.9 
2003 8 13 17.7 22.7 28.3 -1 0 4.9 
2003 8 14 17.7 24.4 28.8 -1 0 4.0 
2003 8 15 20.5 27.2 33.8 -1 0 3.5 
2003 8 16 20.5 28.3 36.1 -1 0 3.5 
2003 8 17 21.1 30.0 36.1 -1 0 4.9 
2003 8 18 22.7 29.4 35.5 -1 0 4.9 
2003 8 19 23.3 28.8 36.1 -1 0 6.7 
2003 8 20 22.7 29.4 37.2 -1 0 8.9 
2003 8 21 22.7 28.8 37.2 -1 0 5.3 
2003 8 22 17.7 23.8 32.7 -1 0 4.9 
2003 8 23 17.7 24.4 31.1 -1 0 6.2 
2003 8 24 18.3 27.2 37.7 -1 0 5.3 
2003 8 25 19.4 29.4 38.3 -1 0 3.1 
2003 8 26 22.2 30.0 38.3 -1 0 4.0 
2003 8 27 20.5 28.3 36.6 -1 0 4.0 
2003 8 28 20.5 26.1 34.4 -1 0 5.3 
2003 8 29 20.5 25.5 31.1 -1 0 4.9 
2003 8 30 16.6 21.1 31.1 -1 0 5.8 
2003 8 31 13.8 18.3 22.7 -1 5 5.3 
2003 9 1 13.8 18.3 25.0 -1 3 4.9 
2003 9 2 13.8 20.5 27.7 -1 0 3.1 
2003 9 3 14.4 22.2 27.7 -1 0 6.7 
2003 9 4 10.0 18.3 27.7 -1 0 4.9 
2003 9 5 10.0 20.5 29.4 -1 0 4.0 
2003 9 6 12.2 22.7 31.6 -1 0 4.9 
2003 9 7 14.4 22.7 31.6 -1 0 4.0 
2003 9 8 14.4 23.3 31.6 -1 0 6.7 
2003 9 9 15.5 22.7 30.0 -1 0 6.7 
2003 9 10 15.5 23.8 31.6 -1 0 7.1 
2003 9 11 17.7 23.8 31.6 -1 15 8.0 
2003 9 12 15.0 18.3 31.1 -1 28 5.3 
2003 9 13 15.0 16.6 23.3 -1 5 4.9 
2003 9 14 11.6 16.6 23.3 -1 5 7.1 
2003 9 15 8.8 17.2 26.1 -1 0 4.0 
2003 9 16 9.4 20.0 27.7 -1 0 6.7 
2003 9 17 12.7 22.2 28.8 -1 5 11.1 
2003 9 18 10.5 19.4 28.8 -1 13 9.3 
2003 9 19 5.0 11.1 24.4 -1 13 8.0 
2003 9 20 5.0 13.3 21.6 -1 0 5.8 
2003 9 21 6.6 13.8 21.6 -1 18 5.3 
2003 9 22 10.5 14.4 18.3 -1 5 8.0 
2003 9 23 5.5 13.8 24.4 -1 0 8.0 
2003 9 24 15.0 17.7 21.1 -1 0 8.4 
2003 9 25 4.4 11.6 21.1 -1 0 5.8 
2003 9 26 5.0 13.8 20.5 -1 0 8.0 
2003 9 27 7.7 12.2 20.5 -1 0 8.4 
2003 9 28 5.5 10.0 16.6 -1 0 6.7 
2003 9 29 1.1 8.8 18.3 -1 0 5.8 
2003 9 30 1.1 8.8 18.3 -1 0 6.7 
2003 10 1 2.2 8.3 13.3 -1 0 6.2 
2003 10 2 -1.1 6.6 15.5 -1 0 4.9 
2003 10 3 7.7 13.3 22.2 -1 0 8.4 
2003 10 4 5.0 13.8 25.5 -1 0 6.2 
2003 10 5 6.1 16.6 26.1 -1 0 3.1 
2003 10 6 7.7 17.7 28.3 -1 0 6.2 
2003 10 7 8.3 19.4 28.3 -1 0 6.2 
2003 10 8 11.6 18.8 27.2 -1 0 7.1 
2003 10 9 16.1 20.5 27.2 -1 0 4.9 
2003 10 10 13.3 17.7 26.6 -1 0 6.7 
2003 10 11 12.2 17.2 21.1 -1 8 12.0 
2003 10 12 3.8 12.2 21.1 -1 8 5.3 
2003 10 13 4.4 12.7 21.1 -1 3 4.0 
2003 10 14 7.7 12.2 18.8 -1 20 8.4 
2003 10 15 3.3 10.0 17.7 -1 0 2.6 
2003 10 16 3.8 8.3 15.5 -1 0 6.7 
2003 10 17 0.0 7.2 16.1 -1 0 6.7 
2003 10 18 0.0 13.8 27.2 -1 0 4.9 
2003 10 19 7.7 17.2 29.4 -1 0 2.6 
2003 10 20 8.3 20.0 31.1 -1 0 5.8 
2003 10 21 10.5 16.6 22.2 -1 0 4.9 
2003 10 22 6.1 14.4 23.3 -1 0 4.9 
2003 10 23 6.1 14.4 19.4 -1 0 4.9 
2003 10 24 7.2 11.1 17.7 -1 0 4.9 
2003 10 25 2.2 8.3 16.6 -1 0 8.0 
2003 10 26 0.0 3.8 12.7 -1 0 6.7 
2003 10 27 2.7 5.5 10.5 -1 0 4.9 
2003 10 28 3.3 7.7 10.5 -1 8 12.0 
2003 10 29 1.1 5.0 11.1 -1 0 8.0 
2003 10 30 1.1 10.0 20.0 -1 0 7.5 
2003 10 31 3.8 6.6 13.8 -1 0 5.8 
2003 11 1 -1.1 1.6 5.5 -1 0 5.3 
2003 11 2 -0.5 3.3 4.4 -1 8 3.5 
2003 11 3 2.7 4.4 6.6 -1 33 6.2 
2003 11 4 3.8 6.6 8.8 -1 10 11.1 
2003 11 5 -1.6 0.5 8.8 -1 0 8.4 
2003 11 6 -5.0 -1.1 3.8 -1 0 4.0 
2003 11 7 -4.4 -0.5 3.8 -1 0 4.0 
2003 11 8 -8.8 -3.8 1.1 -1 0 4.9 
2003 11 9 -8.3 0.0 8.8 -1 0 5.8 
2003 11 10 -5.0 2.7 8.8 -1 0 4.9 
2003 11 11 -0.5 10.0 14.4 -1 0 4.0 
2003 11 12 3.8 7.2 14.4 -1 0 15.6 
2003 11 13 -4.4 1.6 9.4 -1 0 6.7 
2003 11 14 -1.1 3.3 8.8 -1 0 8.9 
2003 11 15 2.7 6.1 8.8 -1 0 5.3 
2003 11 16 3.3 8.3 12.2 -1 0 3.5 
2003 11 17 3.8 8.8 12.7 -1 10 8.4 
2003 11 18 3.8 11.6 13.3 -1 10 8.0 
2003 11 19 2.2 8.3 18.3 -1 0 6.7 
2003 11 20 7.2 13.3 22.2 -1 0 7.1 
2003 11 21 0.0 4.4 15.0 -1 0 7.1 
2003 11 22 0.0 3.3 7.2 -1 0 6.2 
2003 11 23 -4.4 0.0 3.8 -1 8 9.8 
2003 11 24 -10.0 -6.1 2.7 -1 0 9.8 
2003 11 25 -3.8 0.0 7.2 -1 0 6.2 
2003 11 26 -5.5 0.5 6.6 -1 0 4.0 
2003 11 27 -5.5 1.6 6.1 -1 0 8.4 
2003 11 28 -4.4 -2.2 6.1 -1 0 10.2 
2003 11 29 -10.5 -2.7 10.5 -1 0 8.4 
2003 11 30 -1.1 6.1 16.6 -1 0 9.8 
2003 12 1 -3.3 3.3 8.8 -1 0 9.8 
2003 12 2 -3.3 2.7 9.4 -1 0 5.8 
2003 12 3 -2.2 0.0 2.7 79 8 6.7 
2003 12 4 -1.1 0.5 2.2 51 0 4.9 
2003 12 5 -2.2 -0.5 0.5 99 3 8.4 
2003 12 6 -4.4 -2.7 0.5 99 0 5.3 
2003 12 7 -4.4 0.0 4.4 30 0 6.7 
2003 12 8 -2.7 3.8 8.8 30 0 5.3 
2003 12 9 -1.1 2.2 8.8 -1 8 8.0 
2003 12 10 -8.8 -5.5 -1.1 30 8 9.3 
2003 12 11 -13.3 -11.1 -3.8 30 0 7.1 
2003 12 12 -12.2 -10.0 -5.0 30 0 3.1 
2003 12 13 -11.6 -6.6 -2.7 30 0 3.5 
2003 12 14 -9.4 -3.8 -2.7 30 0 6.7 
2003 12 15 -3.3 0.0 6.1 30 0 7.1 
2003 12 16 -6.1 -2.2 5.5 30 0 12.5 
2003 12 17 -8.8 -4.4 2.2 -1 0 6.7 
2003 12 18 -8.8 1.6 3.3 -1 0 12.0 
2003 12 19 -3.8 -1.6 0.5 -1 0 8.4 
2003 12 20 -7.2 -3.3 5.5 -1 0 8.0 
2003 12 21 2.2 5.0 9.4 -1 0 9.8 
2003 12 22 -1.1 2.7 6.1 -1 3 3.5 
2003 12 23 -5.0 -0.5 6.1 -1 0 7.1 
2003 12 24 -10.0 -5.0 2.2 -1 0 5.3 
2003 12 25 -7.2 -3.3 6.6 -1 0 5.3 
2003 12 26 1.1 3.8 8.8 -1 0 6.2 
2003 12 27 0.5 9.4 14.4 -1 0 9.8 
2003 12 28 -0.5 6.1 14.4 -1 0 8.4 
2003 12 29 -3.3 -1.6 7.7 -1 0 7.1 
2003 12 30 -7.2 -1.1 10.5 -1 0 8.4 
2003 12 31 -7.2 -0.5 10.5 -1 0 6.7 
