2003 1 1 -2.2 -0.5 1.1 -1 0 8.0 
2003 1 2 -7.2 -4.4 -1.1 130 3 7.1 
2003 1 3 -7.2 -4.4 -3.3 150 3 5.3 
2003 1 4 -5.5 -2.7 -1.6 150 0 4.9 
2003 1 5 -3.3 -2.2 0.0 99 0 2.2 
2003 1 6 -6.1 -2.2 -0.5 99 3 7.1 
2003 1 7 -11.1 -5.0 1.1 -1 0 8.0 
2003 1 8 0.0 2.2 6.1 30 0 8.9 
2003 1 9 0.5 5.0 7.7 -1 0 8.4 
2003 1 10 -7.2 -2.7 7.2 -1 0 8.9 
2003 1 11 -8.3 -7.2 -1.6 -1 -1 6.7 
2003 1 12 -8.8 -6.1 -3.8 -1 0 6.7 
2003 1 13 -8.8 -5.0 -2.2 -1 0 8.9 
2003 1 14 -9.4 -6.6 -2.2 -1 0 6.7 
2003 1 15 -11.1 -7.7 -5.0 -1 0 6.7 
2003 1 16 -12.2 -8.3 -4.4 -1 0 5.3 
2003 1 17 -12.2 -8.8 -4.4 -1 0 6.2 
2003 1 18 -15.0 -11.1 -6.6 -1 0 9.3 
2003 1 19 -15.0 -8.8 -6.6 -1 0 10.2 
2003 1 20 -12.2 -8.3 -5.0 30 0 9.3 
2003 1 21 -13.3 -10.0 -5.5 -1 0 5.3 
2003 1 22 -13.3 -11.1 -7.2 -1 0 4.9 
2003 1 23 -17.2 -12.7 -7.2 -1 0 8.4 
2003 1 24 -8.3 -7.2 -6.1 -1 -1 5.8 
2003 1 25 -10.0 -7.7 -3.8 -1 0 8.0 
2003 1 26 -12.2 -7.2 -3.3 -1 -1 6.7 
2003 1 27 -1.0 -13.3 -8.3 -1 0 6.2 
2003 1 28 -17.7 -6.6 0.5 -1 0 5.8 
2003 1 29 -9.4 -3.8 -1.6 30 3 5.3 
2003 1 30 -13.8 -8.3 -1.6 30 0 5.3 
2003 1 31 -13.8 -5.0 1.1 -1 0 4.0 
2003 2 1 0.0 1.1 2.2 30 3 3.5 
2003 2 2 0.0 1.1 2.7 -1 0 3.5 
2003 2 3 -1.1 0.0 2.7 -1 3 5.3 
2003 2 4 -4.4 1.6 9.4 -1 5 9.8 
2003 2 5 -8.8 -7.2 -4.4 -1 0 8.9 
2003 2 6 -10.0 -5.0 0.0 -1 0 6.7 
2003 2 7 -10.0 -5.0 0.0 -1 0 5.8 
2003 2 8 -12.2 -7.7 -1.1 -1 0 10.2 
2003 2 9 -12.2 -4.4 -1.1 -1 0 6.7 
2003 2 10 -8.8 -5.0 -0.5 51 0 6.7 
2003 2 11 -16.1 -10.5 -0.5 51 0 8.9 
2003 2 12 -17.7 -8.3 -2.7 30 0 12.5 
2003 2 13 -12.2 -8.8 -3.3 -1 -1 8.0 
2003 2 14 -12.7 -6.6 -0.5 -1 0 4.9 
2003 2 15 -12.7 -6.6 -0.5 -1 0 8.4 
2003 2 16 -13.3 -11.6 -5.5 -1 0 8.0 
2003 2 17 -7.7 -5.0 -1.6 51 3 6.2 
2003 2 18 -5.0 -3.3 -1.1 99 3 7.1 
2003 2 19 -2.2 0.0 3.8 79 0 9.3 
2003 2 20 -7.2 -1.1 6.6 30 0 6.7 
2003 2 21 -7.2 0.5 6.6 -1 0 4.9 
2003 2 22 -4.4 0.0 6.1 -1 3 9.3 
2003 2 23 -7.7 -5.5 -2.2 180 3 8.4 
2003 2 24 -10.0 -6.6 -2.7 201 0 6.2 
2003 2 25 -16.1 -11.1 -5.5 201 0 6.7 
2003 2 26 -13.8 -10.0 -6.1 150 0 3.5 
2003 2 27 -15.0 -8.3 -1.1 130 0 3.5 
2003 2 28 -13.3 -5.0 1.1 99 0 3.1 
2003 3 2 -8.8 -1.6 2.2 99 0 7.1 
2003 3 3 -18.8 -14.4 -8.8 79 0 5.8 
2003 3 4 -10.5 -3.3 3.8 99 0 4.0 
2003 3 5 -7.7 -2.2 3.8 150 0 6.7 
2003 3 6 -9.4 -6.6 1.1 130 0 5.8 
2003 3 7 -11.1 -6.6 1.1 99 0 5.8 
2003 3 8 -1.1 1.1 3.8 99 10 5.3 
2003 3 9 -13.3 -7.7 4.4 79 10 7.1 
2003 3 10 -12.2 -9.4 -4.4 51 0 7.1 
2003 3 11 -12.2 -5.0 1.1 51 0 8.9 
2003 3 12 0.0 2.7 6.1 30 0 7.1 
2003 3 13 -6.1 -2.2 6.6 51 3 7.1 
2003 3 14 -7.2 -2.2 3.3 30 0 3.5 
2003 3 15 -2.7 3.3 13.3 30 0 3.5 
2003 3 16 -2.7 7.7 17.2 -1 0 4.9 
2003 3 17 0.5 13.8 21.6 -1 0 3.5 
2003 3 18 2.7 10.0 21.6 -1 0 5.8 
2003 3 19 1.6 5.5 11.1 -1 0 6.2 
2003 3 20 1.6 10.0 18.8 -1 3 4.0 
2003 3 21 5.5 8.8 18.8 -1 3 6.7 
2003 3 22 2.2 4.4 8.3 -1 3 6.7 
2003 3 23 0.0 5.0 9.4 -1 0 3.5 
2003 3 24 0.0 7.7 18.8 -1 0 4.9 
2003 3 25 7.7 12.7 16.6 -1 0 5.3 
2003 3 26 2.2 8.8 17.2 -1 5 5.8 
2003 3 27 2.2 8.8 14.4 -1 0 6.2 
2003 3 28 2.2 13.3 22.7 -1 0 11.1 
2003 3 29 1.1 6.1 20.5 -1 10 8.9 
2003 3 30 -2.7 0.0 3.3 -1 0 5.8 
2003 3 31 -2.7 1.1 7.2 30 0 6.7 
2003 4 1 -2.2 10.5 22.7 -1 0 7.1 
2003 4 2 3.8 12.7 22.7 -1 0 4.9 
2003 4 3 3.8 6.1 12.7 -1 0 5.3 
2003 4 4 0.5 1.6 6.6 -1 5 5.3 
2003 4 5 -1.1 0.0 2.2 -1 20 8.0 
2003 4 6 -5.0 -1.6 2.2 -1 0 5.8 
2003 4 7 -5.0 -1.1 2.2 130 0 7.1 
2003 4 8 -1.1 -0.5 1.1 130 5 6.2 
2003 4 9 -3.3 1.1 8.3 79 0 5.8 
2003 4 10 -3.3 5.0 14.4 79 0 3.5 
2003 4 11 -1.6 10.0 21.1 -1 0 3.1 
2003 4 12 1.6 9.4 21.1 -1 0 7.1 
2003 4 13 -1.1 6.6 14.4 -1 0 6.2 
2003 4 14 -1.1 12.7 25.0 -1 0 9.3 
2003 4 15 13.8 20.5 28.8 -1 0 12.5 
2003 4 16 6.1 15.5 26.1 -1 0 14.7 
2003 4 17 2.2 5.5 10.0 -1 0 8.9 
2003 4 18 2.2 10.5 15.5 -1 0 5.3 
2003 4 19 7.2 14.4 21.1 -1 0 5.3 
2003 4 20 9.4 17.2 25.5 -1 3 9.8 
2003 4 21 8.8 12.2 15.5 -1 3 8.0 
2003 4 22 2.7 5.5 16.1 -1 0 6.7 
2003 4 23 -1.1 5.5 13.8 -1 0 4.9 
2003 4 24 -0.5 9.4 16.1 -1 0 3.5 
2003 4 25 2.2 11.6 17.7 -1 0 3.5 
2003 4 26 3.8 10.5 17.7 -1 0 5.8 
2003 4 27 2.7 11.1 22.7 -1 0 6.2 
2003 4 28 2.7 17.2 26.6 -1 0 6.7 
2003 4 29 5.5 13.3 26.6 -1 0 5.3 
2003 4 30 5.5 12.2 17.7 -1 10 5.3 
2003 5 1 10.0 16.6 23.3 -1 23 6.2 
2003 5 2 9.4 11.1 23.3 -1 18 5.3 
2003 5 3 3.8 9.4 16.1 -1 0 5.3 
2003 5 4 3.8 10.5 17.7 -1 0 4.0 
2003 5 5 3.3 14.4 24.4 -1 10 8.0 
2003 5 6 10.5 17.2 24.4 -1 5 6.7 
2003 5 7 8.8 12.2 21.1 -1 3 4.9 
2003 5 8 9.4 12.7 17.2 -1 0 3.5 
2003 5 9 7.7 13.8 20.0 -1 13 6.7 
2003 5 10 12.7 18.3 23.8 -1 15 5.8 
2003 5 11 10.5 17.2 23.8 -1 0 15.1 
2003 5 12 7.7 9.4 11.1 -1 5 12.5 
2003 5 13 7.7 12.2 19.4 -1 0 8.9 
2003 5 14 5.5 15.0 21.1 -1 0 4.0 
2003 5 15 5.5 13.8 21.1 -1 3 5.8 
2003 5 16 11.1 14.4 18.3 -1 0 3.5 
2003 5 17 10.0 15.0 20.0 -1 0 5.8 
2003 5 18 10.5 14.4 20.0 -1 0 4.9 
2003 5 19 10.5 16.6 22.2 -1 0 4.0 
2003 5 20 13.8 17.7 22.2 -1 3 6.7 
2003 5 21 6.6 11.6 20.0 -1 5 6.2 
2003 5 22 3.8 11.1 18.3 -1 0 5.8 
2003 5 23 3.8 12.7 18.3 -1 0 3.5 
2003 5 24 6.1 10.5 16.6 -1 0 4.9 
2003 5 25 5.5 12.2 19.4 -1 0 2.6 
2003 5 26 5.5 14.4 19.4 -1 0 3.5 
2003 5 27 7.7 13.8 20.5 -1 3 3.5 
2003 5 28 8.8 16.1 21.6 -1 3 4.9 
2003 5 29 12.7 17.7 25.5 -1 5 5.8 
2003 5 30 11.6 16.6 25.5 -1 8 4.0 
2003 5 31 10.0 12.7 21.1 -1 28 7.1 
2003 6 1 3.8 10.5 17.7 -1 3 7.1 
2003 6 2 7.7 15.0 21.6 -1 0 4.9 
2003 6 3 7.7 15.5 21.6 -1 0 5.8 
2003 6 4 10.5 13.3 16.6 -1 0 4.0 
2003 6 5 10.5 13.3 19.4 -1 3 5.8 
2003 6 6 10.5 17.2 23.8 -1 0 3.5 
2003 6 7 10.5 19.4 24.4 -1 0 4.0 
2003 6 8 15.5 18.3 24.4 -1 3 5.8 
2003 6 9 12.7 17.7 23.3 -1 0 7.1 
2003 6 10 12.2 18.8 24.4 -1 3 5.8 
2003 6 11 12.2 21.1 27.2 -1 3 6.7 
2003 6 12 15.0 16.6 27.2 -1 8 5.3 
2003 6 13 14.4 18.3 23.8 -1 0 3.5 
2003 6 14 16.1 21.1 26.1 -1 0 3.1 
2003 6 15 14.4 21.6 27.2 -1 0 4.0 
2003 6 16 12.2 20.0 27.2 -1 0 5.8 
2003 6 17 12.2 18.8 25.5 -1 5 3.5 
2003 6 18 16.1 21.1 27.2 -1 0 5.3 
2003 6 19 15.5 19.4 27.2 -1 13 6.7 
2003 6 20 10.5 16.6 24.4 -1 0 6.2 
2003 6 21 10.5 20.0 27.2 -1 0 6.7 
2003 6 22 11.6 22.2 28.3 -1 0 3.5 
2003 6 23 15.0 23.8 31.1 -1 0 4.0 
2003 6 24 16.1 25.0 31.1 -1 0 5.3 
2003 6 25 17.2 26.6 32.7 -1 0 6.2 
2003 6 26 18.8 25.5 32.7 -1 5 8.0 
2003 6 27 13.8 20.0 30.5 -1 5 6.7 
2003 6 28 13.8 21.1 26.6 -1 8 8.0 
2003 6 29 16.1 20.5 27.2 -1 8 7.1 
2003 6 30 15.0 21.6 27.2 -1 3 5.8 
2003 7 1 15.0 22.7 28.3 -1 0 4.0 
2003 7 2 16.1 24.4 31.1 -1 0 4.0 
2003 7 3 17.2 26.1 32.2 -1 0 4.9 
2003 7 4 19.4 26.6 33.3 -1 8 6.2 
2003 7 5 21.1 25.5 33.3 -1 0 8.0 
2003 7 6 20.0 24.4 28.8 -1 3 3.5 
2003 7 7 18.8 22.7 27.7 -1 3 6.7 
2003 7 8 19.4 25.5 30.0 -1 3 9.8 
2003 7 9 18.8 22.2 26.1 -1 0 6.7 
2003 7 10 19.4 22.7 27.2 -1 0 6.7 
2003 7 11 17.2 20.0 27.2 -1 0 9.8 
2003 7 12 14.4 19.4 25.5 -1 0 6.2 
2003 7 13 14.4 21.6 27.7 -1 0 4.9 
2003 7 14 17.2 23.3 28.3 -1 0 3.5 
2003 7 15 17.2 22.7 27.7 -1 5 8.0 
2003 7 16 15.0 22.2 27.2 -1 5 5.8 
2003 7 17 15.0 23.3 30.5 -1 0 6.2 
2003 7 18 17.2 22.7 27.2 -1 0 4.0 
2003 7 19 13.3 21.1 27.2 -1 0 4.0 
2003 7 20 17.2 22.2 28.3 -1 0 6.7 
2003 7 21 16.1 21.6 27.7 -1 0 6.2 
2003 7 22 17.2 20.0 26.1 -1 0 7.5 
2003 7 23 15.0 20.5 26.1 -1 0 6.2 
2003 7 24 14.4 21.6 27.7 -1 0 4.0 
2003 7 25 14.4 22.7 28.3 -1 0 6.7 
2003 7 26 15.5 22.2 28.3 -1 0 8.9 
2003 7 27 16.6 25.5 30.5 -1 0 8.9 
2003 7 28 16.6 21.1 30.5 -1 0 4.0 
2003 7 29 15.0 21.1 27.2 -1 0 4.9 
2003 7 30 15.0 21.6 27.2 -1 0 3.5 
2003 7 31 17.7 23.3 28.8 -1 0 3.5 
2003 8 1 17.7 23.8 30.0 -1 13 5.3 
2003 8 2 17.2 21.6 30.0 -1 18 6.7 
2003 8 3 17.2 22.2 27.2 -1 3 3.5 
2003 8 4 16.1 21.1 26.6 -1 10 5.8 
2003 8 5 16.1 21.6 27.2 -1 0 6.2 
2003 8 6 17.7 22.7 28.3 -1 0 3.5 
2003 8 7 17.7 23.8 29.4 -1 0 3.5 
2003 8 8 18.8 22.7 29.4 -1 10 3.5 
2003 8 9 17.7 22.2 27.7 -1 10 4.0 
2003 8 10 17.2 21.6 25.0 -1 0 3.5 
2003 8 11 17.2 22.7 26.1 -1 0 3.5 
2003 8 12 19.4 22.7 27.7 -1 0 5.3 
2003 8 13 17.7 22.2 28.8 -1 0 3.5 
2003 8 14 20.0 25.0 31.1 -1 0 3.5 
2003 8 15 22.2 25.0 28.3 -1 13 3.5 
2003 8 16 21.6 25.5 31.6 -1 5 5.8 
2003 8 17 17.2 21.6 26.1 -1 5 4.9 
2003 8 18 13.8 21.1 26.1 -1 0 4.9 
2003 8 19 14.4 22.2 27.2 -1 0 3.5 
2003 8 20 16.6 22.7 28.3 -1 0 4.0 
2003 8 21 18.8 25.0 32.7 -1 0 8.9 
2003 8 22 18.8 25.0 32.7 -1 8 9.3 
2003 8 23 15.5 21.6 27.7 -1 0 4.0 
2003 8 24 14.4 20.5 26.6 -1 0 5.3 
2003 8 25 14.4 23.8 31.1 -1 0 3.5 
2003 8 26 18.3 25.0 31.1 -1 13 6.7 
2003 8 27 20.0 24.4 30.5 -1 5 4.9 
2003 8 28 13.8 20.0 26.1 -1 0 5.3 
2003 8 29 14.4 23.8 26.1 -1 8 5.8 
2003 8 30 15.0 20.0 26.1 -1 3 5.3 
2003 8 31 14.4 18.8 23.8 -1 0 4.0 
2003 9 1 13.8 16.1 19.4 -1 13 4.0 
2003 9 2 14.4 18.8 23.8 -1 10 4.9 
2003 9 3 15.0 20.0 25.0 -1 0 5.8 
2003 9 4 15.0 18.8 25.0 -1 0 5.8 
2003 9 5 12.7 17.7 22.2 -1 0 5.8 
2003 9 6 12.2 17.7 24.4 -1 0 3.5 
2003 9 7 11.1 20.0 27.2 -1 0 4.0 
2003 9 8 13.3 21.1 27.2 -1 0 3.5 
2003 9 9 15.0 20.0 25.0 -1 0 4.9 
2003 9 10 15.0 20.0 25.5 -1 0 3.5 
2003 9 11 16.1 21.1 27.2 -1 0 3.5 
2003 9 12 15.5 21.1 26.6 -1 0 6.2 
2003 9 13 15.5 21.1 26.1 -1 0 5.3 
2003 9 14 15.5 21.6 28.3 -1 0 8.4 
2003 9 15 16.1 20.0 23.3 -1 13 7.1 
2003 9 16 11.6 17.2 25.0 -1 0 5.3 
2003 9 17 11.6 20.5 27.2 -1 0 4.0 
2003 9 18 13.8 20.5 27.2 -1 0 4.0 
2003 9 19 16.1 19.4 25.0 -1 5 8.4 
2003 9 20 8.3 15.0 25.0 -1 0 4.9 
2003 9 21 10.0 16.1 22.2 -1 0 4.9 
2003 9 22 9.4 17.7 21.6 -1 10 6.7 
2003 9 23 11.6 15.0 19.4 -1 25 7.1 
2003 9 24 8.8 13.8 21.6 -1 5 9.3 
2003 9 25 8.8 13.8 21.6 -1 18 6.2 
2003 9 26 7.2 12.7 18.3 -1 0 4.9 
2003 9 27 7.2 16.1 19.4 -1 10 7.1 
2003 9 28 7.7 11.6 18.8 -1 0 6.7 
2003 9 29 5.5 9.4 15.5 -1 0 5.8 
2003 9 30 3.8 7.7 13.8 -1 0 6.7 
2003 10 1 3.8 8.3 13.3 -1 0 8.0 
2003 10 2 1.1 5.5 11.1 -1 0 5.8 
2003 10 3 1.1 6.6 12.2 -1 5 12.0 
2003 10 4 1.6 8.3 12.2 -1 5 8.4 
2003 10 5 0.5 6.6 13.3 -1 0 3.5 
2003 10 6 0.5 7.7 15.0 -1 0 2.6 
2003 10 7 2.7 10.0 21.1 -1 0 3.5 
2003 10 8 2.7 16.1 26.6 -1 0 4.9 
2003 10 9 9.4 17.2 26.6 -1 0 4.0 
2003 10 10 10.5 17.7 23.3 -1 0 3.1 
2003 10 11 12.2 17.7 23.3 -1 0 3.5 
2003 10 12 11.1 16.6 23.3 -1 0 6.2 
2003 10 13 5.5 13.3 21.1 -1 0 3.5 
2003 10 14 5.5 11.6 21.1 -1 33 6.7 
2003 10 15 6.1 10.5 13.8 -1 25 8.9 
2003 10 16 5.5 10.0 15.0 -1 0 4.9 
2003 10 17 0.5 7.2 14.4 -1 0 5.3 
2003 10 18 0.5 9.4 15.5 -1 0 8.9 
2003 10 19 5.0 10.0 15.5 -1 0 3.5 
2003 10 20 3.8 11.6 24.4 -1 0 9.8 
2003 10 21 3.8 15.5 24.4 -1 0 11.6 
2003 10 22 6.1 7.2 9.4 -1 0 5.8 
2003 10 23 2.2 5.5 8.3 -1 0 3.5 
2003 10 24 1.6 8.3 13.3 -1 0 5.8 
2003 10 25 3.8 10.0 13.3 -1 0 3.5 
2003 10 26 7.7 9.4 12.7 -1 8 6.2 
2003 10 27 3.8 6.1 12.7 -1 0 5.3 
2003 10 28 2.7 6.1 9.4 -1 0 6.7 
2003 10 29 1.6 6.1 9.4 -1 5 5.8 
2003 10 30 3.8 9.4 17.7 -1 0 5.3 
2003 10 31 5.5 16.6 22.7 -1 3 9.3 
2003 11 1 11.1 13.8 21.1 -1 0 6.2 
2003 11 2 11.1 12.7 17.2 -1 5 2.6 
2003 11 3 8.8 11.6 16.6 -1 3 4.9 
2003 11 4 8.8 13.8 23.8 -1 5 6.2 
2003 11 5 6.6 12.2 23.8 -1 0 6.2 
2003 11 6 3.8 6.6 8.8 -1 0 3.5 
2003 11 7 -2.2 2.7 9.4 -1 0 8.0 
2003 11 8 -5.0 -1.1 7.7 -1 0 5.3 
2003 11 9 -6.6 -1.1 5.0 -1 0 3.5 
2003 11 10 -6.6 1.1 8.3 -1 0 3.5 
2003 11 11 3.8 8.8 13.8 -1 8 5.8 
2003 11 12 5.5 12.7 17.2 -1 0 9.8 
2003 11 13 0.5 4.4 17.2 -1 0 14.7 
2003 11 14 -2.2 1.6 8.3 -1 0 8.0 
2003 11 15 -2.2 5.0 8.3 -1 3 5.3 
2003 11 16 3.8 5.5 7.2 -1 3 3.1 
2003 11 17 5.0 7.7 9.4 -1 3 3.5 
2003 11 18 6.6 10.5 15.0 -1 5 6.7 
2003 11 19 10.0 12.7 16.1 -1 15 8.0 
2003 11 20 0.0 7.2 15.5 -1 0 6.7 
2003 11 21 0.0 10.5 14.4 -1 0 7.1 
2003 11 22 4.4 7.7 14.4 -1 0 5.8 
2003 11 23 10.0 14.4 18.8 -1 0 8.0 
2003 11 24 -2.7 7.2 18.8 -1 8 12.0 
2003 11 25 -2.7 -0.5 2.2 -1 3 9.8 
2003 11 26 1.1 3.3 8.3 -1 0 6.7 
2003 11 27 0.0 4.4 12.7 -1 0 3.5 
2003 11 28 0.5 3.3 7.2 -1 3 7.1 
2003 11 29 -1.1 1.6 3.8 -1 8 9.8 
2003 11 30 -0.5 3.3 9.4 -1 0 8.9 
2003 12 1 1.1 5.0 8.3 -1 0 11.1 
2003 12 2 -2.7 0.0 2.2 -1 0 8.4 
2003 12 3 -6.1 -2.2 1.6 -1 0 2.6 
2003 12 4 -5.5 0.5 6.1 -1 0 5.3 
2003 12 5 -3.3 2.2 6.1 -1 0 7.1 
2003 12 6 -3.8 -0.5 7.7 -1 0 5.8 
2003 12 7 -7.2 -3.3 0.5 -1 0 3.1 
2003 12 8 -6.6 -1.1 3.3 -1 0 2.6 
2003 12 9 -4.4 2.7 4.4 -1 0 3.1 
2003 12 10 1.6 5.5 7.2 -1 18 6.2 
2003 12 11 -1.1 1.6 8.3 -1 13 9.3 
2003 12 12 -5.0 -3.3 -1.1 -1 0 6.7 
2003 12 13 -9.4 -5.5 -1.1 -1 0 3.1 
2003 12 14 -9.4 -1.6 0.0 30 0 4.9 
2003 12 15 -2.2 -1.1 0.0 30 0 5.8 
2003 12 16 -1.1 2.2 7.2 -1 3 8.0 
2003 12 17 -2.7 -0.5 2.2 -1 -1 8.9 
2003 12 18 -2.7 -1.6 -0.5 -1 -1 5.8 
2003 12 19 -2.7 -1.1 0.0 -1 0 3.5 
2003 12 20 -7.2 -3.3 0.0 -1 0 6.7 
2003 12 21 -7.2 -0.5 6.6 -1 0 8.4 
2003 12 22 2.7 5.0 7.7 -1 0 9.3 
2003 12 23 -0.5 3.8 7.7 -1 13 4.9 
2003 12 24 -1.1 1.1 1.6 -1 5 5.8 
2003 12 25 -2.2 -1.1 -0.5 30 0 7.1 
2003 12 26 -4.4 0.0 5.0 30 0 5.3 
2003 12 27 -3.8 0.0 7.2 -1 0 3.5 
2003 12 28 -4.4 3.8 10.0 -1 0 5.3 
2003 12 29 -0.5 7.2 10.0 -1 3 4.9 
2003 12 30 -1.1 2.2 8.3 -1 10 8.9 
2003 12 31 -2.2 2.7 8.8 -1 0 9.8 
