2003 1 1 -6.1 -0.5 10.0 -1 0 12.0 
2003 1 2 -5.0 0.5 8.3 -1 0 11.1 
2003 1 3 -3.8 3.3 16.1 -1 0 5.3 
2003 1 4 -3.8 7.2 16.1 -1 0 8.0 
2003 1 5 -2.7 4.4 15.5 -1 0 6.2 
2003 1 6 -3.8 0.0 6.1 -1 0 6.2 
2003 1 7 -2.2 4.4 16.6 -1 0 5.3 
2003 1 8 1.1 9.4 22.2 -1 0 5.3 
2003 1 9 -1.1 4.4 12.7 -1 0 11.6 
2003 1 10 -11.1 -5.0 1.1 -1 0 6.7 
2003 1 11 -9.4 -5.5 1.1 -1 0 5.3 
2003 1 12 -9.4 0.0 9.4 -1 0 5.3 
2003 1 13 -5.5 4.4 17.2 -1 0 6.7 
2003 1 14 -5.0 2.2 17.2 -1 0 6.7 
2003 1 15 -7.2 -3.8 6.1 -1 0 8.4 
2003 1 16 -12.2 -6.1 -1.1 -1 0 9.8 
2003 1 17 -12.2 -6.1 3.3 -1 0 4.9 
2003 1 18 -7.2 -1.1 6.6 -1 0 6.7 
2003 1 19 -4.4 5.0 20.0 -1 0 9.8 
2003 1 20 -3.3 7.7 20.0 -1 0 5.8 
2003 1 21 -7.7 -2.2 11.1 -1 0 8.9 
2003 1 22 -11.6 -7.7 -1.6 -1 0 8.4 
2003 1 23 -15.0 -11.6 -7.2 -1 0 6.7 
2003 1 24 -15.0 -6.6 4.4 -1 0 8.9 
2003 1 25 -11.6 0.0 14.4 -1 0 6.2 
2003 1 26 -12.2 -5.5 7.2 -1 0 8.0 
2003 1 27 -7.2 0.0 134.4 -1 0 9.8 
2003 1 28 0.0 5.5 10.0 -1 0 13.4 
2003 1 29 -1.1 3.3 6.6 -1 0 9.3 
2003 1 30 -4.4 2.2 14.4 -1 0 6.7 
2003 1 31 -3.8 7.2 14.4 -1 0 11.6 
2003 2 1 1.6 11.1 26.6 -1 0 5.8 
2003 2 2 3.3 12.7 26.6 -1 0 7.1 
2003 2 3 -2.7 1.1 10.0 -1 0 11.1 
2003 2 4 -10.0 -2.7 7.2 -1 0 6.2 
2003 2 5 -10.0 -2.2 7.2 -1 0 6.2 
2003 2 6 -8.3 -3.8 1.1 -1 0 12.5 
2003 2 7 -16.6 -10.0 0.0 -1 0 8.0 
2003 2 8 -16.6 -3.8 6.1 -1 0 4.9 
2003 2 9 -10.5 -1.6 6.1 -1 3 4.0 
2003 2 10 -6.1 1.1 13.8 -1 0 8.9 
2003 2 11 -7.2 2.2 13.8 -1 0 5.3 
2003 2 12 -6.1 2.2 13.8 -1 0 8.0 
2003 2 13 -6.6 5.5 13.8 -1 0 8.0 
2003 2 14 0.5 8.3 10.5 -1 3 6.7 
2003 2 15 -5.0 -1.1 10.5 -1 0 11.6 
2003 2 16 -7.2 -3.3 5.0 -1 0 9.8 
2003 2 17 -6.1 2.7 16.1 -1 0 7.1 
2003 2 18 -3.8 6.1 16.1 -1 0 6.7 
2003 2 19 0.0 5.0 11.6 -1 5 3.5 
2003 2 20 -2.7 3.3 11.6 -1 3 6.7 
2003 2 21 -2.2 5.0 15.5 -1 3 5.8 
2003 2 22 -3.8 1.1 15.5 -1 0 6.2 
2003 2 23 -11.1 -2.7 6.1 -1 0 11.6 
2003 2 24 -17.7 -15.5 -12.7 -1 5 8.4 
2003 2 25 -1.0 -14.4 -11.1 -1 0 6.7 
2003 2 26 -1.0 -11.1 -6.1 -1 0 4.9 
2003 2 27 -7.2 -5.5 -2.2 -1 0 3.5 
2003 2 28 -9.4 -4.4 -1.6 -1 0 3.1 
2003 3 2 -7.7 -2.2 2.2 -1 0 9.3 
2003 3 3 -5.5 0.5 8.3 -1 0 8.0 
2003 3 4 -9.4 -1.6 8.3 -1 0 12.5 
2003 3 5 -12.2 -10.5 -6.1 -1 -1 11.1 
2003 3 6 -11.6 -2.7 11.1 -1 0 8.9 
2003 3 7 -8.8 2.7 12.2 -1 0 6.7 
2003 3 8 -2.2 5.0 13.3 -1 0 9.3 
2003 3 9 -8.8 -3.8 2.2 -1 0 6.2 
2003 3 10 -7.7 -2.2 7.2 -1 0 5.3 
2003 3 11 -7.2 3.8 16.1 -1 0 4.9 
2003 3 12 -2.7 8.8 16.1 -1 0 4.9 
2003 3 13 -1.1 10.0 21.6 -1 0 5.3 
2003 3 14 -0.5 14.4 28.8 -1 0 9.8 
2003 3 15 5.5 16.6 28.8 -1 0 7.1 
2003 3 16 7.2 16.1 27.2 -1 0 9.8 
2003 3 17 7.2 15.5 26.6 -1 13 9.8 
2003 3 18 8.8 10.5 11.6 -1 13 8.4 
2003 3 19 6.6 8.3 11.6 -1 38 13.4 
2003 3 20 5.0 6.6 11.1 -1 15 12.0 
2003 3 21 -0.5 6.6 13.3 -1 0 8.0 
2003 3 22 5.0 10.5 18.8 -1 0 5.8 
2003 3 23 3.8 12.7 22.7 -1 0 8.4 
2003 3 24 4.4 12.7 23.8 -1 0 10.2 
2003 3 25 5.0 10.0 18.3 -1 0 6.7 
2003 3 26 3.8 11.6 22.7 -1 0 12.0 
2003 3 27 2.2 10.5 22.7 -1 0 10.2 
2003 3 28 -2.2 2.2 8.8 -1 0 11.6 
2003 3 29 -5.0 1.6 9.4 -1 0 8.0 
2003 3 30 -6.1 3.3 16.6 -1 0 6.7 
2003 3 31 3.8 13.3 25.0 -1 0 6.7 
2003 4 1 4.4 16.6 28.8 -1 0 6.7 
2003 4 2 5.0 18.8 31.6 -1 0 12.5 
2003 4 3 7.2 20.0 31.6 -1 0 17.8 
2003 4 4 2.7 12.2 26.6 -1 0 11.1 
2003 4 5 1.6 5.5 16.1 -1 0 6.7 
2003 4 6 1.1 4.4 9.4 -1 0 12.0 
2003 4 7 -2.2 1.6 9.4 -1 0 9.8 
2003 4 8 -5.0 3.3 11.1 -1 0 9.3 
2003 4 9 -4.4 6.6 21.6 -1 0 8.0 
2003 4 10 -3.8 12.7 26.6 -1 0 8.9 
2003 4 11 3.8 15.5 26.6 -1 0 6.2 
2003 4 12 3.8 15.5 26.1 -1 0 6.2 
2003 4 13 3.8 18.8 31.1 -1 0 12.5 
2003 4 14 11.6 22.7 32.7 -1 0 10.2 
2003 4 15 13.8 21.6 32.7 -1 3 13.4 
2003 4 16 7.7 11.1 14.4 -1 10 14.3 
2003 4 17 2.7 10.0 18.8 -1 3 9.8 
2003 4 18 2.7 15.0 25.0 -1 0 8.9 
2003 4 19 7.2 11.6 23.8 -1 0 10.2 
2003 4 20 2.7 10.0 17.7 -1 0 8.9 
2003 4 21 3.3 11.6 20.5 -1 0 6.7 
2003 4 22 3.3 13.3 20.5 -1 0 9.8 
2003 4 23 7.2 12.7 20.5 -1 5 12.0 
2003 4 24 4.4 10.5 20.5 -1 10 11.6 
2003 4 25 5.0 9.4 14.4 -1 0 6.7 
2003 4 26 2.7 11.1 20.5 -1 0 8.4 
2003 4 27 3.3 13.3 21.6 -1 0 8.0 
2003 4 28 8.3 15.5 21.6 -1 0 5.8 
2003 4 29 10.0 17.7 28.8 -1 0 8.0 
2003 4 30 10.5 19.4 28.8 -1 0 9.8 
2003 5 1 8.3 14.4 25.5 -1 0 9.8 
2003 5 2 8.3 13.8 21.1 -1 0 5.8 
2003 5 3 8.8 13.8 21.1 -1 0 9.3 
2003 5 4 10.0 20.0 27.7 -1 0 11.1 
2003 5 5 7.2 16.6 25.0 -1 0 9.3 
2003 5 6 7.2 15.0 25.5 -1 0 11.1 
2003 5 7 4.4 13.8 21.1 -1 0 8.4 
2003 5 8 13.8 20.5 30.0 -1 0 12.0 
2003 5 9 3.8 15.0 30.0 -1 0 9.3 
2003 5 10 3.8 16.6 25.0 -1 0 9.8 
2003 5 11 3.8 11.1 21.6 -1 0 8.4 
2003 5 12 3.8 16.1 28.3 -1 0 9.8 
2003 5 13 6.6 20.0 29.4 -1 0 8.0 
2003 5 14 12.7 20.5 28.8 -1 0 4.9 
2003 5 15 12.2 19.4 30.0 -1 3 9.3 
2003 5 16 12.7 14.4 17.7 -1 48 10.2 
2003 5 17 7.2 16.1 25.0 -1 5 6.2 
2003 5 18 7.2 18.3 27.2 -1 0 9.8 
2003 5 19 13.8 17.2 27.2 -1 0 12.0 
2003 5 20 6.6 11.6 19.4 -1 0 10.2 
2003 5 21 6.1 12.7 22.2 -1 0 5.8 
2003 5 22 5.5 16.1 24.4 -1 0 7.1 
2003 5 23 8.3 18.8 26.6 -1 0 6.7 
2003 5 24 14.4 20.5 26.6 -1 0 6.2 
2003 5 25 11.6 17.2 26.1 -1 0 6.2 
2003 5 26 11.1 15.5 19.4 -1 0 4.0 
2003 5 27 11.1 18.3 26.6 -1 0 6.7 
2003 5 28 11.1 22.7 31.1 -1 0 6.2 
2003 5 29 15.0 24.4 37.2 -1 0 8.0 
2003 5 30 14.4 29.4 36.6 -1 0 8.0 
2003 5 31 12.7 19.4 33.3 -1 3 8.4 
2003 6 1 12.2 18.8 29.4 -1 3 7.1 
2003 6 2 12.2 21.1 29.4 -1 0 9.3 
2003 6 3 13.8 19.4 26.6 -1 0 6.7 
2003 6 4 13.8 16.1 25.5 -1 5 6.2 
2003 6 5 12.2 15.5 18.8 -1 13 5.8 
2003 6 6 9.4 15.5 23.3 -1 8 8.0 
2003 6 7 9.4 15.5 23.3 -1 13 8.4 
2003 6 8 7.7 15.0 25.0 -1 3 5.3 
2003 6 9 13.8 18.8 28.8 -1 0 9.3 
2003 6 10 13.8 22.7 30.0 -1 0 7.1 
2003 6 11 16.1 23.3 32.2 -1 0 6.2 
2003 6 12 15.5 21.6 32.2 -1 0 8.4 
2003 6 13 15.0 21.1 28.8 -1 0 5.8 
2003 6 14 16.1 20.0 27.2 -1 3 6.7 
2003 6 15 12.7 19.4 28.8 -1 3 6.2 
2003 6 16 13.3 22.7 30.0 -1 0 6.2 
2003 6 17 15.0 22.7 31.1 -1 0 5.8 
2003 6 18 15.0 20.0 31.1 -1 41 5.8 
2003 6 19 16.6 19.4 27.7 -1 38 6.7 
2003 6 20 16.6 21.1 27.2 -1 0 9.3 
2003 6 21 17.2 22.7 28.3 -1 3 11.1 
2003 6 22 17.7 30.5 35.0 -1 0 8.9 
2003 6 23 27.7 30.0 32.7 -1 0 8.4 
2003 6 25 17.7 24.4 27.7 -1 0 8.9 
2003 6 26 11.1 19.4 27.7 -1 0 8.9 
2003 6 27 11.1 22.2 31.1 -1 0 8.4 
2003 6 28 14.4 25.0 34.4 -1 0 9.8 
2003 6 29 17.2 20.5 26.1 -1 3 5.3 
2003 6 30 13.3 21.6 30.5 -1 3 5.8 
2003 7 1 13.8 24.4 33.8 -1 0 6.7 
2003 7 2 18.8 27.2 36.6 -1 0 8.4 
2003 7 3 18.3 28.8 38.3 -1 0 8.4 
2003 7 4 18.3 28.8 38.3 -1 0 9.8 
2003 7 5 18.8 27.7 36.6 -1 0 9.3 
2003 7 6 18.8 27.7 36.1 -1 0 9.8 
2003 7 7 20.5 26.6 33.3 -1 0 9.8 
2003 7 8 20.0 27.7 36.1 -1 0 9.8 
2003 7 9 18.8 28.3 36.1 -1 0 8.9 
2003 7 10 16.1 26.6 36.1 -1 0 7.1 
2003 7 11 16.1 29.4 39.4 -1 0 9.8 
2003 7 12 20.0 27.7 39.4 -1 0 8.9 
2003 7 13 17.2 26.6 39.4 -1 0 5.8 
2003 7 14 17.2 30.0 42.2 -1 5 5.3 
2003 7 15 17.7 28.8 42.2 -1 8 8.4 
2003 7 16 22.7 30.0 38.8 -1 0 9.3 
2003 7 17 21.6 30.0 38.8 -1 0 8.4 
2003 7 18 22.7 30.5 38.8 -1 0 7.1 
2003 7 19 21.6 31.1 39.4 -1 0 5.8 
2003 7 20 22.2 33.8 39.4 -1 0 6.2 
2003 7 21 21.6 30.0 37.7 -1 0 6.2 
2003 7 22 16.1 25.5 37.2 -1 0 8.0 
2003 7 23 17.2 23.8 32.2 -1 0 6.2 
2003 7 24 16.6 26.6 38.3 -1 0 9.8 
2003 7 25 18.8 31.1 40.0 -1 0 8.9 
2003 7 26 22.2 31.6 40.0 -1 0 8.0 
2003 7 27 23.3 35.5 40.0 -1 0 5.8 
2003 7 28 20.0 27.7 37.7 -1 0 6.7 
2003 7 29 18.8 26.1 33.8 -1 3 6.2 
2003 7 30 18.8 25.0 33.8 -1 5 5.3 
2003 7 31 18.8 27.7 38.3 -1 0 8.0 
2003 8 1 21.1 27.7 38.3 -1 0 8.9 
2003 8 2 17.7 26.1 35.5 -1 0 11.6 
2003 8 3 17.7 26.1 33.8 -1 0 8.0 
2003 8 4 18.8 26.6 33.8 -1 0 6.7 
2003 8 5 18.8 28.3 40.0 -1 0 6.7 
2003 8 6 19.4 29.4 40.5 -1 0 6.7 
2003 8 7 20.5 29.4 40.0 -1 0 8.9 
2003 8 8 20.5 27.2 40.0 -1 0 8.9 
2003 8 9 18.8 26.1 34.4 -1 3 7.1 
2003 8 10 18.8 26.1 35.0 -1 3 9.8 
2003 8 11 17.2 25.5 35.0 -1 0 7.1 
2003 8 12 12.7 22.7 30.5 -1 0 6.2 
2003 8 13 13.3 22.7 31.1 -1 0 6.2 
2003 8 14 15.5 22.2 31.1 -1 0 7.1 
2003 8 15 17.2 25.5 34.4 -1 0 6.7 
2003 8 16 16.6 26.6 35.5 -1 0 8.9 
2003 8 17 16.6 28.8 37.2 -1 0 9.3 
2003 8 18 20.5 30.5 38.8 -1 0 8.9 
2003 8 19 22.7 30.5 35.5 -1 3 9.3 
2003 8 20 20.5 29.4 38.8 -1 5 11.6 
2003 8 21 20.5 30.5 40.0 -1 0 6.7 
2003 8 22 19.4 29.4 40.0 -1 0 8.9 
2003 8 23 19.4 28.3 38.3 -1 0 8.0 
2003 8 24 17.7 28.3 36.6 -1 0 6.2 
2003 8 25 18.3 30.0 37.2 -1 0 7.1 
2003 8 26 22.2 28.8 37.2 -1 0 8.0 
2003 8 27 17.2 24.4 36.6 -1 3 8.9 
2003 8 28 17.7 27.2 38.3 -1 0 6.7 
2003 8 29 20.0 21.1 22.7 -1 97 8.4 
2003 8 30 13.8 17.2 21.1 -1 84 10.2 
2003 8 31 13.8 16.1 19.4 -1 5 8.9 
2003 9 1 15.0 18.3 23.8 -1 0 6.7 
2003 9 2 12.2 18.8 27.2 -1 0 3.1 
2003 9 3 16.1 22.7 28.8 -1 0 4.0 
2003 9 4 15.0 21.1 28.8 -1 0 5.8 
2003 9 5 15.0 21.6 30.0 -1 0 6.7 
2003 9 6 15.0 22.2 30.0 -1 0 8.0 
2003 9 7 15.0 20.5 30.0 -1 48 9.8 
2003 9 8 15.5 18.8 26.1 -1 0 8.4 
2003 9 9 16.6 21.6 31.1 -1 0 9.8 
2003 9 10 16.6 23.8 32.2 -1 18 14.7 
2003 9 11 12.7 18.3 23.3 -1 58 15.6 
2003 9 12 11.1 19.4 27.2 -1 0 4.9 
2003 9 13 10.0 16.6 26.6 -1 0 10.2 
2003 9 14 7.7 15.5 22.2 -1 0 5.8 
2003 9 15 7.7 17.7 27.2 -1 0 9.8 
2003 9 16 13.8 21.1 31.1 -1 0 6.7 
2003 9 17 17.7 24.4 32.7 -1 0 12.5 
2003 9 18 8.8 17.2 28.3 -1 0 9.8 
2003 9 19 2.7 11.6 22.7 -1 0 5.3 
2003 9 20 2.7 14.4 23.8 -1 0 11.1 
2003 9 21 13.8 19.4 26.1 -1 3 8.0 
2003 9 22 12.7 17.7 26.1 -1 0 5.8 
2003 9 23 12.7 19.4 31.6 -1 0 11.6 
2003 9 24 12.7 20.0 31.6 -1 0 12.9 
2003 9 25 5.5 13.8 23.3 -1 0 7.1 
2003 9 26 5.5 20.0 31.1 -1 0 9.8 
2003 9 27 6.6 15.0 31.1 -1 0 7.1 
2003 9 28 5.5 12.7 25.0 -1 0 4.9 
2003 9 29 5.5 11.1 20.0 -1 0 8.0 
2003 9 30 5.0 9.4 13.3 -1 0 10.2 
2003 10 1 5.0 8.8 16.1 -1 0 3.5 
2003 10 2 5.0 10.5 15.5 -1 0 8.0 
2003 10 3 5.5 14.4 23.3 -1 0 8.4 
2003 10 4 7.2 12.7 18.3 -1 0 3.5 
2003 10 5 4.4 13.3 22.2 -1 0 4.0 
2003 10 6 9.4 15.5 23.3 -1 0 4.9 
2003 10 7 8.8 17.7 25.5 -1 0 8.9 
2003 10 8 11.6 17.7 25.5 -1 8 7.1 
2003 10 9 15.0 19.4 25.0 -1 8 5.8 
2003 10 10 16.1 20.0 26.1 -1 0 9.3 
2003 10 11 12.2 17.7 26.1 -1 0 10.2 
2003 10 12 2.7 11.1 21.6 -1 0 8.4 
2003 10 13 2.7 14.4 21.6 -1 0 13.4 
2003 10 14 2.7 10.0 21.1 -1 0 10.2 
2003 10 15 2.7 13.3 24.4 -1 0 5.8 
2003 10 16 3.3 10.5 24.4 -1 0 8.0 
2003 10 17 1.1 10.0 22.2 -1 0 6.7 
2003 10 18 7.7 17.7 31.6 -1 0 5.8 
2003 10 19 8.3 21.1 33.8 -1 0 5.3 
2003 10 20 12.2 21.6 33.8 -1 0 5.8 
2003 10 21 6.6 17.2 32.2 -1 0 4.0 
2003 10 22 7.7 19.4 30.5 -1 0 3.5 
2003 10 23 12.7 21.1 31.6 -1 0 6.2 
2003 10 24 10.0 16.6 31.6 -1 0 14.7 
2003 10 25 6.1 9.4 20.5 -1 0 6.7 
2003 10 26 -4.4 5.0 18.3 -1 0 7.1 
2003 10 27 -4.4 11.6 23.3 -1 0 6.7 
2003 10 28 2.7 14.4 23.3 -1 0 9.3 
2003 10 29 6.6 13.3 28.3 -1 0 8.9 
2003 10 30 5.0 11.6 28.3 -1 0 8.4 
2003 10 31 -2.7 3.3 8.3 -1 0 6.2 
2003 11 1 -2.7 3.3 11.1 -1 0 8.4 
2003 11 2 7.2 11.6 16.1 -1 0 8.4 
2003 11 3 2.7 3.3 4.4 -1 0 5.8 
2003 11 4 0.5 2.7 5.5 -1 0 5.8 
2003 11 5 -3.3 0.0 5.0 -1 0 5.8 
2003 11 6 -3.3 -1.6 3.8 -1 0 5.8 
2003 11 7 -7.2 -1.6 7.7 -1 0 3.5 
2003 11 8 -7.2 2.7 7.7 -1 0 4.9 
2003 11 9 -2.2 5.0 10.0 -1 0 7.1 
2003 11 10 2.2 11.6 22.2 -1 0 9.3 
2003 11 11 3.8 12.2 22.2 -1 0 5.3 
2003 11 12 1.6 8.8 20.5 -1 0 9.8 
2003 11 13 1.6 3.8 12.2 -1 0 8.4 
2003 11 14 2.2 6.6 16.1 -1 0 9.8 
2003 11 15 0.5 8.3 18.3 -1 0 5.3 
2003 11 16 0.5 9.4 19.4 -1 0 8.4 
2003 11 17 3.3 14.4 21.1 -1 0 9.8 
2003 11 18 6.1 9.4 13.8 -1 0 9.8 
2003 11 19 2.2 8.8 22.2 -1 0 5.8 
2003 11 20 1.1 11.6 21.6 -1 0 5.8 
2003 11 21 -2.2 3.8 11.1 -1 0 9.8 
2003 11 22 -4.4 0.0 6.6 -1 0 6.7 
2003 11 23 -11.1 -5.0 6.1 -1 0 10.2 
2003 11 24 -12.2 -4.4 9.4 -1 0 9.3 
2003 11 25 -2.2 3.8 10.0 -1 0 9.3 
2003 11 26 -8.8 -0.5 10.5 -1 0 5.3 
2003 11 27 -7.7 4.4 10.0 -1 0 6.7 
2003 11 28 -6.6 0.0 8.3 -1 0 5.8 
2003 11 29 -3.8 4.4 18.8 -1 0 7.1 
2003 11 30 1.1 10.5 23.3 -1 0 7.1 
2003 12 1 -2.7 5.5 13.3 -1 0 6.7 
2003 12 2 0.0 5.0 13.8 -1 0 10.2 
2003 12 3 -2.7 4.4 11.1 -1 0 6.7 
2003 12 4 -6.6 0.5 12.2 -1 0 10.2 
2003 12 5 -7.2 -2.2 12.2 -1 0 8.9 
2003 12 6 -10.0 -2.2 9.4 -1 0 12.0 
2003 12 7 -2.7 3.3 13.3 -1 0 8.0 
2003 12 8 -2.2 4.4 12.7 -1 0 5.8 
2003 12 9 -2.7 -0.5 12.2 -1 0 14.7 
2003 12 10 -9.4 -3.8 0.5 -1 5 9.8 
2003 12 11 -10.0 -7.2 0.5 -1 0 5.3 
2003 12 12 -10.0 -6.6 -4.4 -1 3 5.8 
2003 12 13 -12.7 -6.1 -0.5 -1 3 5.8 
2003 12 14 -11.1 -2.2 5.0 -1 0 6.7 
2003 12 15 -8.3 1.6 6.6 -1 0 13.4 
2003 12 16 -3.8 -0.5 3.3 -1 0 12.9 
2003 12 17 -3.3 1.1 11.1 -1 0 6.7 
2003 12 18 -2.7 2.7 11.1 -1 0 7.1 
2003 12 19 -6.6 1.1 10.0 -1 0 4.0 
2003 12 20 -5.0 2.7 13.3 -1 0 6.7 
2003 12 21 -3.3 6.1 16.6 -1 0 5.8 
2003 12 22 -1.1 3.8 8.3 -1 0 11.6 
2003 12 23 -4.4 1.6 10.5 -1 0 6.2 
2003 12 24 -6.6 1.6 10.5 -1 0 7.1 
2003 12 25 -2.2 2.2 12.7 -1 0 8.9 
2003 12 26 -2.2 8.3 20.0 -1 0 11.1 
2003 12 27 -1.1 8.8 20.0 -1 0 9.3 
2003 12 28 -8.3 1.1 12.7 -1 0 7.1 
2003 12 29 -7.7 -1.6 7.7 -1 0 6.7 
2003 12 30 -6.1 2.7 16.6 -1 0 6.2 
2003 12 31 -4.4 3.3 16.6 -1 0 7.1 
