2003 1 1 6.1 10.0 13.3 -1 0 8.4 
2003 1 2 -3.3 5.0 13.3 -1 0 4.0 
2003 1 3 -3.3 4.4 14.4 -1 0 4.0 
2003 1 4 -3.3 6.1 17.2 -1 0 3.5 
2003 1 5 -2.2 7.7 18.3 -1 0 6.7 
2003 1 6 -2.2 8.8 18.3 -1 0 9.3 
2003 1 7 2.7 8.8 15.0 -1 0 5.8 
2003 1 8 3.8 9.4 16.1 -1 0 4.0 
2003 1 9 7.7 12.2 17.7 -1 0 8.0 
2003 1 10 0.5 9.4 17.7 -1 0 4.0 
2003 1 11 5.0 10.0 17.7 -1 0 5.3 
2003 1 12 2.2 10.0 17.7 -1 0 6.2 
2003 1 13 0.5 7.7 16.1 -1 0 3.5 
2003 1 14 -1.1 8.3 18.3 -1 0 3.1 
2003 1 15 2.2 10.0 22.2 -1 0 7.1 
2003 1 16 0.5 10.0 21.6 -1 0 6.7 
2003 1 17 -3.3 5.5 13.3 -1 0 3.5 
2003 1 18 -3.3 5.5 15.0 -1 0 3.5 
2003 1 19 -2.7 7.7 19.4 -1 0 4.0 
2003 1 20 -2.2 13.3 21.1 -1 0 6.2 
2003 1 21 2.7 12.2 21.1 -1 0 7.1 
2003 1 22 4.4 13.3 18.3 -1 0 5.8 
2003 1 23 1.1 8.3 17.7 -1 0 3.1 
2003 1 24 1.1 8.8 18.3 -1 0 3.1 
2003 1 25 2.2 10.5 20.0 -1 0 3.5 
2003 1 26 2.2 11.1 20.0 -1 0 4.9 
2003 1 27 -1.1 8.8 18.3 -1 0 3.5 
2003 1 28 1.1 11.6 22.7 -1 0 6.7 
2003 1 29 1.6 13.3 22.7 -1 0 9.3 
2003 1 30 -0.5 9.4 21.1 -1 0 4.9 
2003 1 31 -0.5 11.1 21.1 -1 0 4.9 
2003 2 1 0.0 10.0 22.2 -1 0 4.0 
2003 2 2 8.8 15.5 23.8 -1 0 14.7 
2003 2 3 8.8 13.8 24.4 -1 0 12.5 
2003 2 4 1.1 7.7 18.3 -1 0 4.9 
2003 2 5 0.0 11.6 17.7 -1 0 9.8 
2003 2 6 5.5 10.0 14.4 -1 0 9.3 
2003 2 7 -1.6 3.8 13.3 -1 0 5.8 
2003 2 8 -1.6 3.3 7.7 30 3 4.9 
2003 2 9 0.0 6.6 12.2 -1 3 10.2 
2003 2 10 -2.2 7.2 13.8 -1 0 9.3 
2003 2 11 -2.2 8.8 19.4 -1 0 3.5 
2003 2 12 1.6 12.2 19.4 -1 0 3.5 
2003 2 13 9.4 13.8 18.8 -1 0 6.7 
2003 2 14 7.7 12.2 16.6 -1 0 9.8 
2003 2 15 5.5 11.1 17.2 -1 0 8.4 
2003 2 16 3.8 8.3 16.1 -1 0 5.8 
2003 2 17 2.7 12.2 22.2 -1 0 6.2 
2003 2 18 3.8 16.6 23.3 -1 0 11.1 
2003 2 19 9.4 15.0 23.3 -1 0 9.8 
2003 2 20 6.6 10.5 17.7 -1 3 5.8 
2003 2 21 3.8 7.7 16.1 -1 23 8.9 
2003 2 22 2.7 9.4 17.7 -1 0 8.0 
2003 2 23 2.2 12.7 18.8 -1 0 15.1 
2003 2 24 6.1 11.6 16.1 -1 0 7.1 
2003 2 25 -2.2 3.3 13.8 -1 0 6.2 
2003 2 26 -1.6 10.5 14.4 -1 3 9.8 
2003 2 27 5.0 10.0 15.0 -1 0 9.8 
2003 2 28 5.5 11.1 16.1 -1 0 10.2 
2003 3 2 2.2 9.4 16.1 -1 0 5.8 
2003 3 3 2.2 9.4 16.1 -1 0 6.7 
2003 3 4 3.3 12.7 19.4 -1 0 12.5 
2003 3 5 6.1 12.7 19.4 -1 0 10.2 
2003 3 6 4.4 11.1 17.2 -1 0 6.7 
2003 3 7 1.6 11.1 20.0 -1 0 6.7 
2003 3 8 1.6 13.8 22.2 -1 0 5.3 
2003 3 9 2.7 13.8 21.6 -1 0 3.5 
2003 3 10 6.1 14.4 23.8 -1 0 4.0 
2003 3 11 5.0 16.1 25.5 -1 0 5.8 
2003 3 12 5.0 18.3 26.1 -1 0 6.7 
2003 3 13 6.1 17.2 26.1 -1 0 4.9 
2003 3 14 12.7 20.0 27.2 -1 0 6.2 
2003 3 15 11.6 20.0 26.6 -1 0 7.1 
2003 3 16 11.6 18.3 25.0 -1 0 8.9 
2003 3 17 8.8 13.8 21.6 -1 3 11.6 
2003 3 18 3.3 7.2 16.6 -1 0 12.0 
2003 3 19 3.3 11.1 16.1 -1 0 13.4 
2003 3 20 6.1 11.1 17.7 -1 0 10.2 
2003 3 21 6.1 12.2 17.7 -1 3 5.8 
2003 3 22 2.7 10.5 20.5 -1 0 3.5 
2003 3 23 2.7 15.0 26.1 -1 0 5.3 
2003 3 24 5.0 18.3 26.1 -1 0 9.3 
2003 3 25 8.8 18.8 25.5 -1 0 7.1 
2003 3 26 5.5 15.0 26.1 -1 0 7.1 
2003 3 27 13.3 20.5 27.7 -1 0 11.6 
2003 3 28 3.8 8.8 145.5 -1 0 12.0 
2003 3 29 2.7 6.6 12.2 -1 0 7.1 
2003 3 30 0.0 8.3 17.7 -1 0 4.9 
2003 3 31 -0.5 11.6 25.5 -1 0 3.5 
2003 4 1 7.7 18.3 28.8 -1 0 7.1 
2003 4 2 17.2 22.7 28.3 -1 0 10.2 
2003 4 3 14.4 20.0 28.8 -1 0 12.5 
2003 4 4 10.5 16.6 24.4 -1 0 11.6 
2003 4 5 3.3 15.5 25.0 -1 0 12.5 
2003 4 6 3.3 15.5 25.0 -1 0 12.0 
2003 4 7 6.6 15.0 22.2 -1 0 5.8 
2003 4 8 6.1 13.3 21.6 -1 0 8.0 
2003 4 9 5.0 12.7 22.2 -1 0 5.3 
2003 4 10 3.3 15.0 21.6 -1 0 3.5 
2003 4 11 6.6 19.4 28.3 -1 0 7.1 
2003 4 12 8.8 21.1 30.0 -1 0 6.2 
2003 4 13 8.8 22.2 31.1 -1 0 8.0 
2003 4 14 14.4 24.4 31.1 -1 0 8.0 
2003 4 15 15.5 21.6 30.0 -1 0 18.7 
2003 4 16 7.7 15.5 25.0 -1 0 9.8 
2003 4 17 13.8 20.5 30.0 -1 0 8.9 
2003 4 18 11.1 18.8 30.5 -1 0 10.2 
2003 4 19 11.1 17.2 23.3 -1 0 8.0 
2003 4 20 7.7 15.5 24.4 -1 0 7.1 
2003 4 21 7.7 18.8 27.2 -1 0 6.7 
2003 4 22 10.0 19.4 29.4 -1 0 7.1 
2003 4 23 10.0 18.3 29.4 -1 0 12.5 
2003 4 24 11.1 18.8 26.1 -1 0 11.6 
2003 4 25 12.7 22.2 28.3 -1 0 8.4 
2003 4 26 10.5 22.2 29.4 -1 0 7.1 
2003 4 27 10.5 22.2 30.0 -1 0 6.2 
2003 4 28 11.6 22.7 31.1 -1 0 6.7 
2003 4 29 11.1 23.8 31.1 -1 0 9.8 
2003 4 30 11.1 23.3 30.5 -1 0 9.8 
2003 5 1 12.7 22.7 28.8 -1 0 6.7 
2003 5 2 12.2 23.3 31.1 -1 0 7.1 
2003 5 3 13.3 25.0 32.2 -1 0 9.8 
2003 5 4 17.7 23.8 32.2 -1 0 12.5 
2003 5 5 16.6 21.6 27.7 -1 0 8.9 
2003 5 6 15.0 22.7 28.3 -1 0 8.4 
2003 5 7 13.8 23.8 31.1 -1 0 11.6 
2003 5 8 14.4 23.3 32.2 -1 0 11.6 
2003 5 9 15.0 23.8 31.6 -1 0 12.0 
2003 5 10 15.5 23.8 31.6 -1 0 10.2 
2003 5 11 11.6 21.6 29.4 -1 0 6.2 
2003 5 12 11.6 22.7 33.8 -1 0 5.3 
2003 5 13 13.3 26.1 36.6 -1 0 4.9 
2003 5 14 13.3 28.3 36.6 -1 0 4.9 
2003 5 15 18.8 27.2 36.1 -1 0 12.5 
2003 5 16 22.2 26.6 33.3 -1 0 12.0 
2003 5 17 16.6 26.6 37.2 -1 0 4.9 
2003 5 18 16.6 28.3 37.2 -1 0 8.9 
2003 5 19 16.6 29.4 36.6 -1 0 8.9 
2003 5 20 15.5 21.6 35.0 -1 0 8.4 
2003 5 21 11.6 16.6 28.3 -1 0 8.0 
2003 5 22 11.6 24.4 35.5 -1 0 3.5 
2003 5 23 15.0 28.3 37.2 -1 0 4.0 
2003 5 24 20.5 28.8 37.2 -1 0 11.1 
2003 5 25 17.7 27.2 34.4 -1 0 6.7 
2003 5 26 17.7 23.8 33.3 -1 0 7.1 
2003 5 27 16.6 23.3 30.5 -1 0 7.1 
2003 5 28 16.6 23.3 30.5 -1 0 7.1 
2003 5 29 16.6 25.0 32.7 -1 0 4.9 
2003 5 30 17.7 27.7 35.0 -1 0 6.2 
2003 5 31 20.5 30.0 36.6 -1 0 6.7 
2003 6 1 20.5 28.8 37.2 -1 0 6.7 
2003 6 2 20.5 30.5 37.2 -1 0 6.7 
2003 6 3 20.0 31.1 38.3 -1 0 5.3 
2003 6 4 20.0 31.1 38.3 -1 0 9.8 
2003 6 5 21.6 28.8 37.2 -1 0 8.4 
2003 6 6 17.2 24.4 35.0 -1 0 9.8 
2003 6 7 16.6 26.1 35.5 -1 0 9.8 
2003 6 8 16.6 26.6 35.5 -1 0 6.7 
2003 6 9 18.3 27.7 35.0 -1 0 11.6 
2003 6 10 16.1 25.0 34.4 -1 0 8.4 
2003 6 11 16.1 28.8 34.4 -1 0 9.3 
2003 6 12 19.4 27.7 33.8 -1 0 8.4 
2003 6 13 22.2 29.4 34.4 -1 0 8.4 
2003 6 14 17.7 27.2 35.0 -1 0 3.5 
2003 6 15 17.7 28.3 35.0 -1 0 5.3 
2003 6 16 21.6 28.3 35.0 -1 0 7.1 
2003 6 17 17.2 24.4 34.4 -1 3 14.7 
2003 6 18 17.2 23.8 32.7 -1 0 8.9 
2003 6 19 17.7 26.6 35.5 -1 0 6.7 
2003 6 20 20.5 28.8 36.1 -1 0 8.9 
2003 6 21 18.3 30.0 36.1 -1 0 8.9 
2003 6 22 18.3 30.5 37.2 -1 0 6.2 
2003 6 23 17.7 29.4 36.6 -1 0 5.8 
2003 6 24 18.3 30.0 37.7 -1 0 7.1 
2003 6 25 19.4 30.0 37.2 -1 0 6.2 
2003 6 26 19.4 28.8 36.6 -1 0 7.1 
2003 6 27 17.7 26.6 35.0 -1 8 9.8 
2003 6 28 17.7 24.4 35.0 -1 8 9.8 
2003 6 29 17.7 26.6 34.4 -1 3 9.8 
2003 6 30 18.8 25.5 31.6 -1 0 8.4 
2003 7 1 19.4 27.7 34.4 -1 0 5.3 
2003 7 2 21.1 30.0 37.2 -1 0 3.5 
2003 7 3 21.6 30.0 38.8 -1 3 11.6 
2003 7 4 19.4 28.8 38.8 -1 3 5.3 
2003 7 5 19.4 30.5 37.7 -1 0 5.8 
2003 7 6 22.7 30.5 37.7 -1 0 10.2 
2003 7 7 21.6 27.7 37.2 -1 0 9.3 
2003 7 8 21.1 27.2 34.4 -1 0 8.0 
2003 7 9 21.1 29.4 37.7 -1 0 6.2 
2003 7 10 22.2 32.2 38.3 -1 0 6.7 
2003 7 11 23.8 31.1 38.3 -1 0 6.7 
2003 7 12 23.8 31.1 38.3 -1 0 6.2 
2003 7 13 22.7 31.1 37.7 -1 0 4.9 
2003 7 14 23.3 32.7 41.1 -1 0 5.8 
2003 7 15 22.7 32.2 39.4 -1 0 8.4 
2003 7 16 23.3 31.1 39.4 -1 0 9.3 
2003 7 17 18.8 25.5 36.1 -1 0 12.5 
2003 7 18 18.8 23.8 33.3 -1 10 9.8 
2003 7 19 19.4 28.8 35.5 -1 0 3.5 
2003 7 20 21.6 30.0 37.2 -1 0 5.3 
2003 7 21 23.3 31.1 38.3 -1 0 3.5 
2003 7 22 23.3 32.7 38.8 -1 0 5.8 
2003 7 23 25.0 32.7 38.8 -1 0 5.8 
2003 7 24 22.7 30.0 38.8 -1 0 6.7 
2003 7 25 22.7 31.1 38.3 -1 0 4.9 
2003 7 26 21.6 30.0 38.3 -1 3 8.0 
2003 7 27 20.0 26.1 35.0 -1 3 8.9 
2003 7 28 19.4 25.5 33.8 -1 0 8.9 
2003 7 29 19.4 25.5 32.7 -1 0 6.7 
2003 7 30 19.4 26.1 33.8 -1 0 8.4 
2003 7 31 20.0 27.7 35.5 -1 0 8.4 
2003 8 1 22.7 28.8 35.5 -1 0 6.7 
2003 8 2 22.2 29.4 36.1 -1 8 8.4 
2003 8 3 22.2 31.1 37.7 -1 0 9.3 
2003 8 4 22.7 31.6 37.7 -1 0 6.2 
2003 8 5 22.7 32.2 38.8 -1 0 8.0 
2003 8 6 26.1 31.1 36.1 -1 0 8.4 
2003 8 7 26.1 32.2 37.2 -1 0 6.7 
2003 8 8 25.5 31.1 37.7 -1 0 4.9 
2003 8 9 22.7 31.1 40.5 -1 0 4.9 
2003 8 10 23.3 32.2 41.1 -1 0 8.4 
2003 8 11 26.6 31.6 37.2 -1 0 6.7 
2003 8 12 22.7 30.5 36.1 -1 0 6.2 
2003 8 13 20.0 27.2 36.1 -1 0 6.2 
2003 8 14 18.3 25.0 29.4 -1 0 6.2 
2003 8 15 17.7 23.3 30.0 -1 3 6.7 
2003 8 16 17.7 25.0 32.2 -1 0 5.8 
2003 8 17 20.0 26.6 34.4 -1 0 6.7 
2003 8 18 21.1 29.4 37.2 -1 0 4.9 
2003 8 19 22.2 30.5 37.2 -1 0 7.1 
2003 8 20 22.2 30.0 37.2 -1 0 4.9 
2003 8 21 22.2 30.5 37.2 -1 3 8.0 
2003 8 22 23.8 29.4 36.6 -1 3 6.7 
2003 8 23 21.6 27.7 35.0 -1 0 11.6 
2003 8 24 21.6 27.2 33.3 -1 0 6.2 
2003 8 25 22.2 27.7 33.3 -1 0 6.7 
2003 8 26 21.1 27.2 32.7 -1 0 6.2 
2003 8 27 21.1 26.6 33.3 -1 0 5.8 
2003 8 28 21.1 26.6 35.0 -1 5 11.6 
2003 8 29 22.2 30.0 35.0 -1 0 7.1 
2003 8 30 19.4 25.5 35.0 -1 0 11.1 
2003 8 31 17.7 23.8 32.2 -1 0 6.7 
2003 9 1 17.7 23.3 30.0 -1 0 6.7 
2003 9 2 17.7 25.5 31.1 -1 0 4.9 
2003 9 3 19.4 26.1 32.2 -1 0 5.3 
2003 9 4 18.8 25.5 31.6 -1 0 5.8 
2003 9 5 18.8 25.0 31.6 -1 0 4.9 
2003 9 6 18.8 26.6 34.4 -1 0 6.7 
2003 9 7 17.7 25.5 34.4 -1 0 12.0 
2003 9 8 17.7 26.1 33.8 -1 0 9.3 
2003 9 9 18.8 30.0 35.5 -1 0 8.0 
2003 9 10 20.0 25.5 35.5 -1 0 9.3 
2003 9 11 20.0 26.1 32.7 -1 0 7.1 
2003 9 12 17.2 24.4 31.1 -1 0 4.0 
2003 9 13 15.0 25.0 33.3 -1 0 4.9 
2003 9 14 15.0 23.8 33.3 -1 0 6.7 
2003 9 15 15.5 22.2 33.3 -1 0 6.7 
2003 9 16 15.5 26.6 33.8 -1 0 4.0 
2003 9 17 18.8 27.7 35.0 -1 0 5.3 
2003 9 18 17.7 27.7 35.0 -1 0 8.0 
2003 9 19 14.4 22.2 33.8 -1 0 8.0 
2003 9 20 14.4 24.4 31.6 -1 0 4.9 
2003 9 21 17.7 25.0 31.6 -1 0 4.9 
2003 9 22 17.2 26.1 32.2 -1 0 6.2 
2003 9 23 18.8 25.0 31.6 -1 0 6.2 
2003 9 24 17.7 24.4 31.1 -1 0 5.3 
2003 9 25 17.7 25.5 31.1 -1 0 3.5 
2003 9 26 17.2 24.4 33.3 -1 0 3.5 
2003 9 27 15.5 25.5 33.3 -1 0 5.3 
2003 9 28 16.1 25.0 33.3 -1 0 5.3 
2003 9 29 18.3 26.1 33.3 -1 0 5.8 
2003 9 30 17.7 26.6 33.8 -1 0 4.0 
2003 10 1 17.7 25.0 33.8 -1 0 5.3 
2003 10 2 16.1 24.4 31.1 -1 0 6.2 
2003 10 3 16.1 24.4 31.6 -1 5 12.5 
2003 10 4 15.0 20.0 31.6 -1 5 7.1 
2003 10 5 15.0 23.3 31.1 -1 0 5.8 
2003 10 6 14.4 23.8 31.6 -1 0 3.5 
2003 10 7 14.4 24.4 31.6 -1 0 6.7 
2003 10 8 17.7 21.1 26.6 -1 3 6.2 
2003 10 9 16.6 20.5 25.0 -1 0 4.0 
2003 10 10 18.8 21.6 26.1 -1 0 4.9 
2003 10 11 14.4 21.6 28.8 -1 0 9.3 
2003 10 12 14.4 19.4 28.8 -1 0 9.3 
2003 10 13 13.8 21.6 29.4 -1 0 4.9 
2003 10 14 13.8 22.2 29.4 -1 0 6.7 
2003 10 15 10.5 18.8 29.4 -1 0 4.0 
2003 10 16 10.5 23.3 31.1 -1 0 4.9 
2003 10 17 13.8 21.6 30.0 -1 0 3.5 
2003 10 18 11.6 20.5 29.4 -1 0 3.5 
2003 10 19 11.6 21.1 29.4 -1 0 3.5 
2003 10 20 11.1 22.2 31.1 -1 0 3.5 
2003 10 21 11.1 21.6 31.1 -1 0 3.5 
2003 10 22 11.1 20.5 30.0 -1 0 4.0 
2003 10 23 8.3 20.0 30.5 -1 0 3.5 
2003 10 24 8.3 20.0 30.5 -1 0 4.0 
2003 10 25 9.4 18.8 30.5 -1 0 8.0 
2003 10 26 5.5 9.4 21.1 -1 0 9.8 
2003 10 27 0.5 8.8 20.5 -1 0 5.3 
2003 10 28 0.5 16.1 25.0 -1 0 6.2 
2003 10 29 7.7 20.0 28.8 -1 0 8.4 
2003 10 30 15.5 21.1 28.8 -1 0 11.1 
2003 10 31 11.6 20.0 25.5 -1 0 7.1 
2003 11 1 10.5 19.4 28.8 -1 0 3.5 
2003 11 2 10.0 20.5 28.8 -1 0 6.7 
2003 11 3 10.0 20.5 27.7 -1 0 10.2 
2003 11 4 7.7 17.2 26.1 -1 0 8.4 
2003 11 5 5.5 13.3 22.7 -1 0 5.8 
2003 11 6 2.2 13.3 24.4 -1 0 4.0 
2003 11 7 2.2 13.8 24.4 -1 0 3.5 
2003 11 8 6.1 13.8 22.2 -1 0 3.5 
2003 11 9 6.1 13.8 22.2 -1 0 3.5 
2003 11 10 11.1 17.2 28.3 -1 0 4.0 
2003 11 11 10.0 21.1 27.7 -1 0 6.2 
2003 11 12 13.3 19.4 26.1 -1 0 6.7 
2003 11 13 11.1 14.4 22.7 -1 0 6.7 
2003 11 14 7.2 10.0 16.1 -1 8 6.7 
2003 11 15 7.2 13.8 19.4 -1 5 6.7 
2003 11 16 6.6 12.7 21.1 -1 0 3.5 
2003 11 17 6.6 15.0 21.1 -1 0 10.2 
2003 11 18 7.7 12.2 17.7 -1 0 9.3 
2003 11 19 2.7 9.4 16.6 -1 0 3.1 
2003 11 20 2.2 10.5 21.1 -1 0 6.2 
2003 11 21 2.2 15.0 23.3 -1 0 8.4 
2003 11 22 8.3 16.1 23.3 -1 0 12.9 
2003 11 23 2.2 9.4 20.5 -1 0 11.1 
2003 11 24 -6.1 2.7 11.6 -1 0 4.0 
2003 11 25 -6.1 8.3 18.8 -1 0 6.7 
2003 11 26 1.1 13.3 18.8 -1 0 8.9 
2003 11 27 3.8 10.0 16.6 -1 0 9.3 
2003 11 28 -3.3 3.8 12.7 -1 0 3.1 
2003 11 29 -3.3 5.0 14.4 -1 0 4.0 
2003 11 30 0.5 7.7 18.8 -1 0 3.5 
2003 12 1 -1.1 11.6 21.1 -1 0 4.9 
2003 12 2 2.7 11.1 21.1 -1 0 7.1 
2003 12 3 2.7 11.1 19.4 -1 0 7.1 
2003 12 4 2.7 10.5 19.4 -1 0 3.5 
2003 12 5 2.7 8.3 19.4 -1 0 6.2 
2003 12 6 -2.2 5.0 12.7 -1 0 4.0 
2003 12 7 -1.6 8.8 21.1 -1 0 5.3 
2003 12 8 0.0 13.8 21.1 -1 0 12.9 
2003 12 9 3.3 8.8 18.8 -1 0 12.0 
2003 12 10 -3.3 5.0 14.4 -1 0 3.5 
2003 12 11 -3.3 7.7 17.2 -1 0 8.0 
2003 12 12 6.6 10.0 15.0 -1 0 8.9 
2003 12 13 -2.2 5.5 12.7 -1 0 8.4 
2003 12 14 -1.1 7.7 16.6 -1 0 6.2 
2003 12 15 7.7 11.1 15.0 -1 0 13.4 
2003 12 16 -3.8 3.3 13.8 -1 0 10.2 
2003 12 17 -7.2 0.5 10.5 -1 0 3.5 
2003 12 18 -6.1 3.8 13.8 -1 0 5.8 
2003 12 19 -5.5 5.5 14.4 -1 0 3.1 
2003 12 20 -2.7 5.5 16.6 -1 0 3.5 
2003 12 21 -2.7 7.7 20.0 -1 0 3.5 
2003 12 22 7.7 12.7 17.7 -1 0 9.8 
2003 12 23 -2.7 6.6 14.4 -1 0 6.2 
2003 12 24 -2.7 5.5 12.7 -1 0 3.5 
2003 12 25 6.1 9.4 17.2 -1 0 6.7 
2003 12 26 2.7 10.5 21.6 -1 0 12.0 
2003 12 27 2.7 8.3 22.2 -1 0 12.0 
2003 12 28 -5.0 2.2 7.2 -1 0 6.7 
2003 12 29 -10.5 -0.5 7.7 -1 0 3.5 
2003 12 30 -7.2 0.5 11.6 -1 0 3.5 
2003 12 31 0.0 5.0 12.7 -1 0 4.9 
