2003 1 1 -8.3 -6.1 -0.5 -1 0 7.1 
2003 1 2 -8.3 -3.8 -2.7 -1 0 8.9 
2003 1 3 -10.5 -5.0 0.0 -1 0 5.8 
2003 1 4 -12.2 -6.6 0.5 -1 0 3.1 
2003 1 5 -3.3 -1.1 1.1 -1 0 3.5 
2003 1 6 -11.1 -3.3 0.5 -1 3 6.2 
2003 1 7 -8.3 -0.5 5.0 -1 0 6.7 
2003 1 8 -2.7 5.0 9.4 -1 0 7.1 
2003 1 9 -4.4 2.7 9.4 -1 0 8.0 
2003 1 10 -8.8 -7.2 -4.4 -1 0 8.4 
2003 1 11 -14.4 -11.1 -5.5 -1 0 8.9 
2003 1 12 -13.3 -9.4 -2.7 -1 0 8.0 
2003 1 13 -14.4 -9.4 -3.3 -1 0 6.7 
2003 1 14 -16.1 -12.2 -8.8 -1 0 6.7 
2003 1 15 -16.1 -12.2 -5.5 -1 0 5.8 
2003 1 16 -15.5 -9.4 -2.2 -1 0 6.2 
2003 1 17 -14.4 -10.5 -2.2 -1 0 6.7 
2003 1 18 -13.8 -9.4 -5.0 -1 0 8.4 
2003 1 19 -16.1 -12.7 -5.0 -1 0 8.4 
2003 1 20 -16.6 -12.7 -7.7 -1 0 5.3 
2003 1 21 -19.4 -15.0 -10.0 -1 0 5.3 
2003 1 22 -20.0 -15.5 -11.1 -1 0 6.2 
2003 1 23 -20.5 -16.6 -10.5 -1 0 6.7 
2003 1 24 -20.5 -13.3 -8.8 -1 0 4.0 
2003 1 25 -17.2 -8.8 -5.5 -1 0 5.8 
2003 1 26 -18.8 -14.4 -5.0 -1 0 6.7 
2003 1 27 -22.7 -16.6 -9.4 -1 0 6.7 
2003 1 28 -10.0 -6.6 -3.8 -1 0 5.8 
2003 1 29 -16.1 -10.0 -5.0 -1 0 6.7 
2003 1 30 -16.1 -8.3 -1.1 -1 0 6.7 
2003 1 31 -2.7 -1.1 0.0 -1 5 5.8 
2003 2 1 -5.0 -1.6 0.0 -1 3 3.5 
2003 2 2 -1.1 -0.5 1.6 -1 0 4.9 
2003 2 3 -1.1 0.0 1.6 -1 3 6.2 
2003 2 4 -13.8 -7.2 -0.5 -1 3 8.4 
2003 2 5 -21.6 -16.1 -10.5 -1 0 5.3 
2003 2 6 -19.4 -10.0 -7.2 -1 0 3.5 
2003 2 7 -24.4 -15.5 -7.2 -1 -1 6.7 
2003 2 8 -15.0 -10.0 -3.8 -1 0 6.7 
2003 2 9 -22.7 -15.0 -3.3 -1 0 6.2 
2003 2 10 -16.1 -12.2 -8.3 -1 0 9.3 
2003 2 11 -23.8 -16.6 -7.2 -1 0 8.4 
2003 2 12 -22.2 -15.5 -7.2 -1 0 8.0 
2003 2 13 -20.0 -12.7 -6.1 -1 0 6.2 
2003 2 14 -20.0 -10.5 -6.1 -1 0 5.3 
2003 2 15 -20.0 -11.6 -6.1 -1 0 8.9 
2003 2 16 -17.7 -13.8 -7.7 -1 0 7.1 
2003 2 17 -17.7 -10.5 -1.1 -1 0 4.0 
2003 2 18 -17.7 -3.3 2.7 -1 0 6.2 
2003 2 19 -10.0 -3.8 2.7 -1 0 8.9 
2003 2 20 -9.4 -1.6 6.1 -1 0 5.8 
2003 2 21 -6.6 2.7 7.2 -1 0 7.1 
2003 2 22 -7.2 -5.5 0.0 -1 0 9.3 
2003 2 23 -15.0 -11.1 -5.0 -1 0 9.8 
2003 2 24 -14.4 -12.2 -7.7 -1 0 8.0 
2003 2 25 -22.2 -16.1 -9.4 -1 0 6.2 
2003 2 26 -21.6 -12.7 -5.0 -1 0 4.9 
2003 2 27 -18.8 -8.3 0.0 -1 0 2.6 
2003 2 28 -16.1 -3.3 3.3 -1 0 4.0 
2003 3 2 -15.5 -7.2 4.4 -1 0 8.4 
2003 3 3 -20.5 -13.8 -5.5 -1 0 8.0 
2003 3 4 -7.7 -5.5 -2.7 -1 0 8.0 
2003 3 5 -17.2 -10.5 -7.2 -1 0 7.1 
2003 3 6 -17.7 -10.0 -2.7 -1 0 5.8 
2003 3 7 -6.1 -2.7 2.2 -1 0 6.2 
2003 3 8 -12.2 -6.1 0.0 -1 0 7.1 
2003 3 9 -20.5 -15.0 -11.1 -1 0 8.4 
2003 3 10 -20.5 -14.4 -7.7 -1 0 8.4 
2003 3 11 -12.2 -6.6 2.7 -1 0 6.7 
2003 3 12 -10.5 -1.6 3.3 -1 0 6.7 
2003 3 13 -8.3 -4.4 1.1 -1 0 4.0 
2003 3 14 -6.1 -1.1 7.7 -1 0 6.7 
2003 3 15 -6.1 5.5 15.0 -1 0 4.0 
2003 3 16 0.0 8.8 18.3 -1 0 4.9 
2003 3 17 2.2 10.0 18.3 -1 5 8.0 
2003 3 18 2.2 3.3 7.2 -1 0 8.9 
2003 3 19 -1.1 1.6 2.7 -1 0 9.8 
2003 3 20 0.5 2.2 6.1 -1 3 7.1 
2003 3 21 0.5 2.7 6.1 -1 18 5.8 
2003 3 22 0.5 3.3 8.8 -1 8 5.8 
2003 3 23 2.2 8.3 16.1 -1 0 4.0 
2003 3 24 8.8 11.6 16.6 -1 0 6.7 
2003 3 25 2.7 8.3 16.6 -1 0 6.7 
2003 3 26 -2.2 3.8 12.2 -1 0 3.5 
2003 3 27 -2.2 1.1 10.0 -1 8 7.1 
2003 3 28 -1.6 2.7 4.4 -1 15 7.1 
2003 3 29 -3.3 0.0 3.8 -1 3 5.8 
2003 3 30 -3.8 -0.5 3.8 -1 0 4.9 
2003 3 31 -6.1 -1.1 5.5 -1 0 6.7 
2003 4 1 -6.1 3.3 10.5 -1 0 6.7 
2003 4 2 -0.5 1.6 10.5 -1 0 9.8 
2003 4 3 -2.2 -1.1 0.0 -1 0 9.8 
2003 4 4 -3.8 0.0 137.7 -1 0 9.8 
2003 4 5 -7.7 -3.8 0.0 -1 3 8.9 
2003 4 6 -11.1 -3.3 0.0 -1 0 5.8 
2003 4 7 -11.1 -2.2 0.0 -1 0 11.6 
2003 4 8 -3.8 -1.1 2.2 -1 0 9.8 
2003 4 9 -7.2 0.0 8.8 -1 0 5.3 
2003 4 10 -1.1 6.1 16.1 -1 0 6.7 
2003 4 11 1.1 10.0 18.3 -1 0 8.0 
2003 4 12 0.5 5.0 17.7 -1 0 6.7 
2003 4 13 -2.7 5.5 17.2 -1 0 4.9 
2003 4 14 8.8 16.1 26.6 -1 0 9.3 
2003 4 15 7.2 18.8 27.2 -1 3 12.0 
2003 4 16 -1.1 1.6 7.2 -1 20 14.3 
2003 4 17 -1.1 0.5 3.8 -1 8 6.2 
2003 4 18 -0.5 1.6 4.4 -1 0 6.7 
2003 4 19 2.7 6.6 15.5 -1 8 6.2 
2003 4 20 2.7 13.8 16.1 -1 13 6.7 
2003 4 21 3.8 7.7 12.7 -1 3 8.4 
2003 4 22 0.0 5.5 13.3 -1 0 7.1 
2003 4 23 -2.2 4.4 12.7 -1 0 4.0 
2003 4 24 -1.6 7.2 16.6 -1 0 3.5 
2003 4 25 -1.6 8.3 16.6 -1 0 9.8 
2003 4 26 -2.2 6.1 13.8 -1 0 5.3 
2003 4 27 -1.6 12.2 23.3 -1 0 8.0 
2003 4 28 3.8 16.6 23.3 -1 0 6.7 
2003 4 29 1.6 8.8 19.4 -1 0 5.8 
2003 4 30 1.6 7.7 15.5 -1 3 5.8 
2003 5 1 6.1 10.5 18.3 -1 5 6.2 
2003 5 2 2.2 7.2 13.8 -1 0 8.9 
2003 5 3 -2.2 6.6 15.0 -1 0 4.0 
2003 5 4 -2.2 7.7 15.5 -1 0 6.7 
2003 5 5 7.7 9.4 12.2 -1 5 7.1 
2003 5 6 6.1 8.3 12.2 -1 15 4.0 
2003 5 7 3.8 7.7 10.5 -1 8 6.7 
2003 5 8 4.4 11.6 16.6 -1 5 5.8 
2003 5 9 6.6 11.6 21.1 -1 8 9.8 
2003 5 10 5.5 13.8 21.1 -1 0 4.0 
2003 5 11 5.5 11.1 21.1 -1 15 11.6 
2003 5 12 6.1 10.0 17.2 -1 5 9.8 
2003 5 13 3.8 12.7 21.6 -1 0 6.7 
2003 5 14 3.8 12.7 21.6 -1 0 3.5 
2003 5 15 6.1 12.7 17.7 -1 0 5.8 
2003 5 16 7.2 12.7 17.2 -1 0 6.7 
2003 5 17 8.3 12.7 17.7 -1 0 5.3 
2003 5 18 8.8 13.3 21.1 -1 0 4.0 
2003 5 19 8.8 15.5 20.5 -1 0 5.8 
2003 5 20 9.4 14.4 20.0 -1 5 8.0 
2003 5 21 1.1 9.4 18.3 -1 0 5.8 
2003 5 22 1.1 8.8 16.1 -1 0 3.5 
2003 5 23 1.6 11.6 18.3 -1 0 5.8 
2003 5 24 5.0 12.7 21.1 -1 0 6.2 
2003 5 25 4.4 13.8 22.2 -1 0 5.8 
2003 5 26 4.4 14.4 22.2 -1 0 6.7 
2003 5 27 5.5 16.1 25.0 -1 0 3.5 
2003 5 28 6.1 15.5 25.0 -1 10 8.0 
2003 5 29 11.1 16.1 23.3 -1 10 6.7 
2003 5 30 10.5 15.0 22.7 -1 3 8.0 
2003 5 31 6.1 11.1 15.0 -1 10 9.3 
2003 6 1 2.2 10.5 19.4 -1 0 3.5 
2003 6 2 2.2 15.0 21.6 -1 0 3.5 
2003 6 3 6.6 15.5 21.6 -1 0 6.2 
2003 6 4 10.0 15.0 21.1 -1 0 5.3 
2003 6 5 10.0 17.2 25.0 -1 0 4.0 
2003 6 6 10.0 16.1 25.0 -1 0 5.8 
2003 6 7 10.0 14.4 21.6 -1 23 4.0 
2003 6 8 11.1 13.3 16.1 -1 8 3.5 
2003 6 9 11.1 15.5 21.1 -1 3 5.3 
2003 6 10 11.1 14.4 21.1 -1 8 5.8 
2003 6 11 12.2 15.0 18.3 -1 30 6.2 
2003 6 12 12.2 16.6 22.2 -1 0 4.9 
2003 6 13 11.6 18.3 26.1 -1 0 4.0 
2003 6 14 11.6 19.4 26.1 -1 0 5.8 
2003 6 15 11.1 18.3 23.8 -1 0 4.9 
2003 6 16 10.0 17.7 25.0 -1 0 4.9 
2003 6 17 8.3 18.3 27.2 -1 0 3.1 
2003 6 18 8.3 21.6 27.2 -1 3 9.8 
2003 6 19 10.0 16.1 27.2 -1 3 6.2 
2003 6 20 5.5 15.0 24.4 -1 0 4.0 
2003 6 21 8.8 18.8 26.6 -1 0 3.5 
2003 6 22 8.8 20.0 28.3 -1 0 5.8 
2003 6 23 11.1 21.6 30.5 -1 0 5.8 
2003 6 24 13.3 23.8 31.1 -1 3 6.2 
2003 6 25 18.3 26.6 31.1 -1 0 5.8 
2003 6 26 16.6 20.5 30.5 -1 0 8.9 
2003 6 27 12.7 17.2 22.7 -1 0 7.1 
2003 6 28 11.6 13.3 22.7 -1 20 6.7 
2003 6 29 11.6 16.1 23.8 -1 20 4.9 
2003 6 30 12.2 20.0 27.2 -1 0 3.5 
2003 7 1 12.7 21.1 27.7 -1 0 3.1 
2003 7 2 16.1 22.7 28.8 -1 0 5.3 
2003 7 3 15.5 24.4 32.2 -1 0 6.2 
2003 7 4 17.7 23.8 32.2 -1 0 9.3 
2003 7 5 17.7 23.3 28.8 -1 0 4.0 
2003 7 6 17.7 22.2 28.3 -1 5 3.5 
2003 7 7 16.6 22.7 29.4 -1 0 6.7 
2003 7 8 13.3 20.0 29.4 -1 0 6.7 
2003 7 9 12.2 17.7 23.8 -1 0 3.5 
2003 7 10 12.2 17.2 20.5 -1 5 4.9 
2003 7 11 12.7 16.6 20.5 -1 28 6.7 
2003 7 12 12.7 18.8 26.6 -1 0 4.0 
2003 7 13 12.2 20.0 27.2 -1 0 6.7 
2003 7 14 12.2 21.1 27.2 -1 0 6.2 
2003 7 15 15.0 21.6 26.6 -1 3 6.7 
2003 7 16 11.1 19.4 27.2 -1 0 4.0 
2003 7 17 11.1 19.4 27.7 -1 5 7.1 
2003 7 18 7.7 16.6 24.4 -1 5 3.5 
2003 7 19 7.7 18.3 27.2 -1 0 5.3 
2003 7 20 10.0 21.6 28.8 -1 3 5.3 
2003 7 21 14.4 20.0 28.8 -1 0 7.1 
2003 7 22 13.8 17.7 23.3 -1 0 6.7 
2003 7 23 10.5 17.2 24.4 -1 0 5.8 
2003 7 24 10.0 18.8 26.6 -1 0 3.5 
2003 7 25 10.0 20.5 27.7 -1 0 7.1 
2003 7 26 18.8 23.3 27.7 -1 13 6.7 
2003 7 27 20.5 24.4 27.7 -1 13 6.7 
2003 7 28 13.3 18.8 27.2 -1 0 4.0 
2003 7 29 11.1 19.4 28.3 -1 0 3.5 
2003 7 30 11.1 20.0 28.3 -1 25 9.3 
2003 7 31 15.0 20.0 26.6 -1 41 6.2 
2003 8 1 16.6 20.5 26.1 -1 28 5.3 
2003 8 2 13.8 20.0 26.1 -1 8 5.3 
2003 8 3 14.4 19.4 26.1 -1 5 5.3 
2003 8 4 13.8 17.7 22.7 -1 15 4.0 
2003 8 5 13.8 20.5 27.2 -1 0 2.6 
2003 8 6 13.8 21.6 28.8 -1 5 9.3 
2003 8 7 16.1 20.0 28.8 -1 13 6.2 
2003 8 8 16.6 19.4 23.8 -1 13 6.2 
2003 8 9 13.8 20.5 26.1 -1 0 3.1 
2003 8 10 13.8 20.5 28.8 -1 0 8.9 
2003 8 11 13.8 18.8 28.8 -1 3 6.7 
2003 8 12 12.7 18.8 24.4 -1 0 5.8 
2003 8 13 12.2 20.5 28.3 -1 0 3.1 
2003 8 14 13.3 21.6 28.3 -1 0 3.5 
2003 8 15 13.3 25.0 30.0 -1 0 4.9 
2003 8 16 17.2 23.8 30.0 -1 0 4.9 
2003 8 17 15.0 21.1 27.7 -1 0 3.5 
2003 8 18 12.7 20.5 27.7 -1 0 5.3 
2003 8 19 12.2 22.2 28.8 -1 0 5.8 
2003 8 20 16.1 22.7 31.1 -1 0 5.8 
2003 8 21 17.7 25.5 31.1 -1 18 9.3 
2003 8 22 12.7 20.5 25.5 -1 0 4.9 
2003 8 23 12.7 19.4 26.6 -1 0 3.5 
2003 8 24 12.7 21.1 29.4 -1 3 6.2 
2003 8 25 16.1 22.7 29.4 -1 0 3.5 
2003 8 26 17.2 22.7 29.4 -1 0 3.5 
2003 8 27 13.8 20.0 29.4 -1 0 4.9 
2003 8 28 12.7 21.1 28.8 -1 0 5.8 
2003 8 29 16.1 21.6 30.0 -1 10 5.3 
2003 8 30 16.1 20.0 22.2 -1 0 3.5 
2003 8 31 12.2 16.6 30.0 -1 0 1.7 
2003 9 2 17.2 23.8 24.4 -1 0 4.9 
2003 9 3 16.6 21.6 24.4 -1 0 7.1 
2003 9 4 11.6 17.2 21.6 -1 0 5.3 
2003 9 5 13.8 20.0 23.8 -1 0 4.0 
2003 9 6 13.8 20.5 30.0 -1 0 4.9 
2003 9 7 15.0 20.0 30.0 -1 0 4.0 
2003 9 8 14.4 21.1 28.8 -1 0 4.0 
2003 9 9 14.4 21.6 28.8 -1 0 5.3 
2003 9 10 12.7 20.5 26.6 -1 0 5.3 
2003 9 11 13.3 22.7 28.8 -1 0 6.7 
2003 9 12 17.7 21.1 28.8 -1 8 6.7 
2003 9 13 17.7 21.1 25.5 -1 18 6.7 
2003 9 14 16.1 17.7 21.1 -1 43 4.0 
2003 9 15 11.6 16.1 21.1 -1 5 4.9 
2003 9 16 8.8 16.6 25.0 -1 0 3.5 
2003 9 17 8.8 18.8 27.2 -1 0 6.7 
2003 9 18 11.1 20.0 27.2 -1 0 8.9 
2003 9 19 11.1 15.5 18.8 -1 3 8.9 
2003 9 20 3.8 13.3 18.8 -1 0 3.5 
2003 9 21 3.8 12.7 21.1 -1 0 5.8 
2003 9 22 13.8 15.5 17.2 -1 8 6.2 
2003 9 23 7.7 12.7 18.8 -1 0 6.7 
2003 9 24 7.7 14.4 20.5 -1 0 6.7 
2003 9 25 5.0 9.4 12.2 -1 0 6.2 
2003 9 26 4.4 10.5 16.1 -1 0 5.8 
2003 9 27 6.6 10.0 16.1 -1 3 8.4 
2003 9 28 5.0 8.3 12.2 -1 0 5.8 
2003 9 29 -1.1 6.1 12.7 -1 0 5.3 
2003 9 30 -0.5 6.1 13.3 -1 3 6.7 
2003 10 1 0.0 4.4 11.6 -1 0 6.7 
2003 10 2 -3.3 3.3 10.0 -1 0 4.9 
2003 10 3 -3.3 7.2 11.6 -1 8 6.7 
2003 10 4 -1.1 5.5 11.1 -1 5 5.3 
2003 10 5 -4.4 4.4 12.2 -1 0 3.5 
2003 10 6 -2.7 6.1 17.2 -1 0 3.5 
2003 10 7 2.7 11.1 22.7 -1 0 3.1 
2003 10 8 12.2 17.7 26.1 -1 0 5.8 
2003 10 9 7.2 16.1 26.6 -1 0 5.8 
2003 10 10 7.2 15.5 25.5 -1 0 4.0 
2003 10 11 7.7 15.5 25.5 -1 0 6.7 
2003 10 12 7.7 13.3 25.0 -1 5 9.3 
2003 10 13 7.2 12.7 18.3 -1 0 4.9 
2003 10 14 7.7 11.1 18.3 -1 5 6.7 
2003 10 15 0.5 7.2 15.0 -1 0 6.7 
2003 10 16 -1.1 6.1 11.6 -1 0 6.2 
2003 10 17 -0.5 5.5 12.2 -1 0 3.5 
2003 10 18 0.5 11.6 21.1 -1 0 5.8 
2003 10 19 2.2 9.4 21.1 -1 0 5.3 
2003 10 20 2.2 13.8 26.1 -1 0 8.0 
2003 10 21 6.1 13.8 26.1 -1 0 7.1 
2003 10 22 0.0 5.5 15.5 -1 0 5.3 
2003 10 23 3.8 6.1 11.1 -1 3 4.9 
2003 10 24 -0.5 5.5 10.5 -1 0 5.8 
2003 10 25 -0.5 9.4 14.4 -1 0 4.9 
2003 10 26 0.0 4.4 14.4 -1 0 4.0 
2003 10 27 0.0 2.7 7.2 -1 0 3.5 
2003 10 28 0.0 5.5 9.4 -1 0 6.7 
2003 10 29 2.2 4.4 7.2 -1 0 6.2 
2003 10 30 3.8 7.2 12.7 -1 0 6.7 
2003 10 31 3.8 8.8 12.7 -1 0 4.0 
2003 11 1 0.0 4.4 9.4 -1 8 5.3 
2003 11 2 0.5 5.0 7.2 -1 13 2.2 
2003 11 3 0.5 3.8 7.2 -1 8 8.0 
2003 11 4 2.7 5.5 7.7 -1 33 8.0 
2003 11 5 1.1 3.8 8.3 -1 5 6.7 
2003 11 6 -3.8 0.0 2.2 -1 0 6.2 
2003 11 7 -5.0 -2.2 2.2 -1 0 8.0 
2003 11 8 -11.6 -6.6 -0.5 -1 0 3.5 
2003 11 9 -11.1 -4.4 3.8 -1 0 5.3 
2003 11 10 -3.8 0.5 7.2 -1 0 4.9 
2003 11 11 2.7 6.1 11.6 -1 5 5.8 
2003 11 12 0.0 5.5 11.6 -1 0 11.6 
2003 11 13 -2.7 0.5 3.8 -1 0 11.6 
2003 11 14 -3.8 1.1 11.1 -1 0 6.7 
2003 11 15 -5.0 4.4 10.5 -1 0 3.5 
2003 11 16 3.8 5.0 7.2 -1 0 1.7 
2003 11 17 2.2 6.1 9.4 -1 0 6.7 
2003 11 18 3.8 9.4 11.1 -1 13 8.0 
2003 11 19 1.1 6.1 11.1 -1 0 6.7 
2003 11 20 0.0 6.6 17.2 -1 0 8.4 
2003 11 21 -1.1 5.0 16.6 -1 0 4.9 
2003 11 22 1.1 2.7 7.7 -1 0 8.4 
2003 11 23 1.6 4.4 11.6 -1 28 7.1 
2003 11 24 -7.7 -2.7 7.2 -1 13 9.3 
2003 11 25 -8.3 -3.3 3.3 -1 0 8.9 
2003 11 26 -8.3 0.0 3.3 -1 0 5.8 
2003 11 27 -3.3 2.2 6.1 -1 0 3.5 
2003 11 28 -2.2 0.0 2.7 -1 0 7.1 
2003 11 29 -4.4 -2.2 1.6 -1 0 6.7 
2003 11 30 -3.8 1.6 11.1 -1 0 9.3 
2003 12 1 -2.2 0.5 11.1 -1 0 9.8 
2003 12 2 -7.2 -3.3 2.2 -1 0 5.3 
2003 12 3 -8.3 -3.3 4.4 -1 0 3.5 
2003 12 4 -8.3 -1.6 5.0 -1 0 3.5 
2003 12 5 -6.1 0.5 6.1 -1 0 4.9 
2003 12 6 -4.4 -0.5 6.1 -1 0 4.0 
2003 12 7 -7.2 -2.2 3.8 -1 0 6.7 
2003 12 8 1.1 3.3 7.2 -1 0 5.3 
2003 12 9 -2.2 2.2 6.6 -1 0 4.9 
2003 12 10 -2.2 1.1 4.4 -1 15 8.9 
2003 12 11 -11.1 -6.6 -2.2 -1 8 7.1 
2003 12 12 -16.1 -12.7 -4.4 -1 0 5.8 
2003 12 13 -16.1 -9.4 -1.6 -1 0 3.5 
2003 12 14 -4.4 -2.7 -1.1 -1 0 2.6 
2003 12 15 -3.8 -2.2 2.2 -1 0 5.3 
2003 12 16 -3.8 1.6 2.2 -1 0 9.3 
2003 12 17 -5.0 -3.3 2.2 -1 3 8.0 
2003 12 18 -7.2 -4.4 -2.7 -1 0 5.8 
2003 12 19 -7.2 -3.8 -2.7 -1 0 6.7 
2003 12 20 -12.2 -8.3 -1.6 -1 0 4.9 
2003 12 21 -2.7 0.0 5.0 -1 0 6.7 
2003 12 22 -3.8 1.1 5.5 -1 0 4.9 
2003 12 23 -2.7 0.0 2.2 -1 0 7.1 
2003 12 24 -8.8 -5.5 -2.7 -1 0 5.8 
2003 12 25 -10.0 -6.6 -2.2 -1 0 3.5 
2003 12 26 -10.0 -2.7 6.1 -1 25 3.1 
2003 12 27 -8.8 2.7 7.7 -1 0 6.7 
2003 12 28 2.7 5.0 7.7 -1 15 7.1 
2003 12 29 -1.1 2.2 6.1 -1 0 5.3 
2003 12 30 -3.8 -2.2 1.1 -1 0 6.7 
2003 12 31 -4.4 0.0 4.4 -1 0 9.8 
