2003 1 1 -17.2 -13.8 -8.3 150 0 2.6 
2003 1 2 -8.8 -5.5 -1.1 150 -1 6.2 
2003 1 3 -4.4 -0.5 3.3 150 8 5.3 
2003 1 4 -2.7 1.1 3.3 -1 8 8.4 
2003 1 5 -12.2 -8.3 3.3 -1 0 9.3 
2003 1 6 -12.2 -10.0 -7.2 99 -1 9.8 
2003 1 7 -13.8 -9.4 -7.7 99 -1 6.2 
2003 1 8 -12.2 -2.2 3.3 -1 8 6.7 
2003 1 9 -3.8 3.3 5.5 99 8 7.1 
2003 1 10 2.7 5.5 7.2 51 -1 9.8 
2003 1 11 2.2 5.5 8.3 -1 0 8.9 
2003 1 12 -2.2 1.6 7.2 -1 -1 4.9 
2003 1 13 -2.7 2.2 5.0 -1 0 6.2 
2003 1 14 -2.7 3.8 6.1 -1 0 6.2 
2003 1 15 2.7 5.5 7.2 -1 -1 8.0 
2003 1 16 1.1 5.0 7.2 -1 0 6.2 
2003 1 17 -0.5 6.1 8.8 -1 3 10.2 
2003 1 18 -2.2 2.2 8.8 -1 0 5.8 
2003 1 19 0.5 1.6 4.4 -1 0 4.9 
2003 1 20 0.5 3.3 6.1 -1 0 2.2 
2003 1 21 -3.8 0.0 7.2 -1 0 3.5 
2003 1 22 -5.0 -0.5 3.3 -1 0 3.1 
2003 1 23 -6.1 -2.2 1.6 -1 0 3.5 
2003 1 24 -4.4 -1.6 0.5 -1 0 3.5 
2003 1 25 0.0 1.6 5.0 -1 -1 7.1 
2003 1 26 -2.2 -0.5 2.2 -1 -1 2.6 
2003 1 27 -2.2 1.1 4.4 -1 0 4.0 
2003 1 28 -2.2 5.0 7.7 -1 0 11.6 
2003 1 29 0.0 2.7 7.2 -1 0 4.0 
2003 1 30 -1.1 2.7 6.1 -1 0 3.5 
2003 1 31 -1.1 1.6 3.8 -1 0 3.5 
2003 2 1 0.0 2.2 5.0 -1 0 4.0 
2003 2 2 -2.7 0.5 4.4 -1 0 4.0 
2003 2 3 -1.1 4.4 8.8 -1 -1 8.0 
2003 2 4 2.7 7.2 9.4 -1 3 4.9 
2003 2 5 6.1 6.6 8.3 -1 3 6.7 
2003 2 6 2.2 5.5 6.6 -1 -1 4.9 
2003 2 7 2.2 5.0 6.1 -1 0 2.6 
2003 2 8 5.0 6.6 7.7 -1 0 7.1 
2003 2 9 2.2 4.4 7.2 -1 0 1.7 
2003 2 10 3.8 6.6 7.7 -1 5 4.9 
2003 2 11 3.8 6.6 8.8 -1 3 3.5 
2003 2 12 1.1 3.8 7.7 -1 0 5.3 
2003 2 13 1.1 2.7 6.1 -1 0 2.6 
2003 2 14 0.5 2.7 6.6 -1 -1 1.7 
2003 2 15 -3.3 0.0 5.5 -1 0 2.6 
2003 2 16 -7.2 -3.3 1.6 -1 0 2.6 
2003 2 17 -5.0 -2.2 1.1 -1 -1 3.5 
2003 2 18 -2.7 -1.1 1.1 -1 0 4.0 
2003 2 19 -6.6 -2.7 1.6 -1 0 5.8 
2003 2 20 -3.3 -1.6 1.6 -1 -1 4.0 
2003 2 21 -2.7 -1.1 2.2 -1 0 3.1 
2003 2 22 -3.8 0.0 4.4 -1 -1 3.1 
2003 2 23 -3.8 3.3 5.5 -1 3 8.4 
2003 2 24 2.2 5.0 7.2 -1 5 6.7 
2003 2 25 0.0 3.3 7.2 -1 3 3.5 
2003 2 26 2.2 5.0 7.2 -1 0 6.2 
2003 2 27 1.1 3.8 7.2 -1 -1 3.5 
2003 2 28 0.5 4.4 8.3 -1 0 4.0 
2003 3 1 1.6 3.8 8.8 -1 -1 2.6 
2003 3 2 0.5 5.5 9.4 -1 0 6.7 
2003 3 3 0.5 6.6 8.8 -1 0 5.8 
2003 3 4 -1.1 4.4 7.2 -1 0 6.7 
2003 3 5 -5.0 0.5 6.1 -1 0 4.9 
2003 3 6 -6.1 -0.5 2.7 -1 0 5.8 
2003 3 7 -8.3 -2.7 2.2 -1 0 4.0 
2003 3 8 -7.2 -0.5 2.7 -1 0 4.0 
2003 3 9 -6.6 -1.6 3.3 -1 0 6.7 
2003 3 10 -7.2 -2.7 1.6 -1 0 6.7 
2003 3 11 -8.8 -2.7 2.7 -1 0 6.7 
2003 3 12 -8.8 -4.4 2.7 -1 0 9.8 
2003 3 13 -16.1 -13.3 -5.5 -1 0 11.1 
2003 3 14 -15.0 -13.3 -7.2 -1 0 9.3 
2003 3 15 -15.0 -3.8 1.1 -1 0 11.6 
2003 3 16 -0.5 2.2 7.7 -1 -1 8.0 
2003 3 17 -2.2 3.3 8.3 30 -1 3.5 
2003 3 18 -3.8 0.0 6.1 -1 0 3.5 
2003 3 19 -2.2 -1.6 0.0 79 -1 3.5 
2003 3 20 -6.6 -5.0 -2.2 79 -1 5.8 
2003 3 21 -7.7 -7.2 -5.5 79 -1 9.8 
2003 3 22 -13.3 -8.3 0.5 -1 3 5.8 
2003 3 23 -11.1 -6.6 -2.2 -1 -1 4.9 
2003 3 24 -7.7 -3.8 -0.5 150 -1 6.7 
2003 3 25 -5.0 -0.5 2.7 130 -1 4.9 
2003 3 26 -1.1 1.6 3.8 79 0 3.5 
2003 3 27 0.0 1.6 4.4 51 -1 5.3 
2003 3 28 -1.1 0.0 1.6 51 -1 5.3 
2003 3 29 -6.1 -0.5 4.4 -1 0 3.5 
2003 3 30 -6.1 0.0 4.4 -1 0 5.3 
2003 3 31 -2.7 0.0 3.3 -1 0 6.7 
2003 4 1 -8.3 -1.6 3.3 -1 0 5.3 
2003 4 2 -2.2 0.0 3.3 -1 0 4.9 
2003 4 3 -5.5 -1.1 2.7 -1 -1 5.3 
2003 4 4 -6.1 0.0 5.0 -1 0 4.0 
2003 4 5 -4.4 0.0 5.0 -1 0 5.3 
2003 4 6 -1.1 0.5 3.8 -1 0 6.7 
2003 4 7 -1.1 1.1 4.4 -1 0 7.1 
2003 4 8 -1.6 2.7 7.7 -1 0 3.5 
2003 4 9 1.1 3.8 7.2 -1 3 5.8 
2003 4 10 -1.1 3.3 8.8 -1 -1 5.8 
2003 4 11 3.3 7.2 9.4 -1 0 6.2 
2003 4 12 3.3 6.6 9.4 -1 0 3.5 
2003 4 13 3.8 6.6 7.7 -1 0 6.7 
2003 4 14 2.7 4.4 6.6 -1 0 8.9 
2003 4 15 0.0 3.3 6.1 -1 3 5.3 
2003 4 16 -1.1 2.2 3.8 -1 0 4.9 
2003 4 17 0.0 3.3 8.8 -1 0 3.5 
2003 4 18 2.7 6.1 11.6 -1 0 6.7 
2003 4 19 -2.2 5.5 11.6 -1 0 5.8 
2003 4 20 2.7 6.6 8.3 -1 -1 6.7 
2003 4 21 3.8 5.0 6.6 -1 0 5.8 
2003 4 22 1.6 3.8 8.3 -1 0 6.7 
2003 4 23 1.1 6.1 11.1 -1 0 5.8 
2003 4 24 2.2 7.2 13.3 -1 0 5.3 
2003 4 25 0.5 7.7 12.7 -1 0 6.7 
2003 4 26 1.1 5.5 10.0 -1 0 6.7 
2003 4 27 0.5 6.6 10.0 -1 0 6.7 
2003 4 28 2.2 6.6 9.4 -1 0 5.3 
2003 4 29 1.1 6.6 13.8 -1 0 6.7 
2003 4 30 -0.5 8.8 16.1 -1 0 4.0 
2003 5 1 2.2 8.8 17.2 -1 0 8.0 
2003 5 2 3.8 7.7 11.6 -1 0 6.7 
2003 5 3 2.2 10.0 18.3 -1 0 6.2 
2003 5 4 7.2 10.0 14.4 -1 0 5.8 
2003 5 5 3.8 6.6 11.1 -1 -1 7.1 
2003 5 6 0.0 5.0 7.7 -1 0 6.7 
2003 5 7 0.0 5.5 11.6 -1 0 5.8 
2003 5 8 3.8 8.3 12.2 -1 0 5.8 
2003 5 9 6.6 8.3 10.5 -1 0 6.7 
2003 5 10 5.0 6.6 8.8 -1 0 6.2 
2003 5 11 2.7 5.5 8.8 -1 10 4.0 
2003 5 12 3.8 5.5 7.7 -1 0 8.0 
2003 5 13 -1.1 4.4 8.3 -1 0 6.7 
2003 5 14 -1.1 3.3 8.3 -1 0 4.9 
2003 5 15 2.7 6.1 8.8 -1 -1 6.2 
2003 5 16 5.0 7.2 8.8 -1 0 7.1 
2003 5 17 -1.6 5.5 10.5 -1 0 5.3 
2003 5 18 -1.6 6.6 11.1 -1 0 4.0 
2003 5 19 -1.1 7.2 11.1 -1 0 4.9 
2003 5 20 1.1 7.2 12.2 -1 0 5.3 
2003 5 21 0.0 7.2 13.3 -1 0 6.7 
2003 5 22 0.5 7.7 15.0 -1 0 5.8 
2003 5 23 3.8 8.8 13.8 -1 -1 5.8 
2003 5 24 7.2 11.1 13.3 -1 -1 5.8 
2003 5 25 6.1 9.4 12.2 -1 0 5.3 
2003 5 26 5.0 10.0 15.0 -1 0 4.0 
2003 5 27 10.0 11.6 13.8 -1 0 6.7 
2003 5 28 0.5 8.3 13.3 -1 -1 6.7 
2003 5 29 -0.5 9.4 15.5 -1 0 5.3 
2003 5 30 6.1 10.5 13.8 -1 0 3.1 
2003 5 31 6.1 9.4 13.3 -1 -1 4.0 
2003 6 1 6.1 8.8 11.1 -1 -1 4.0 
2003 6 2 -1.1 9.4 12.7 -1 -1 3.5 
2003 6 3 2.7 9.4 13.8 -1 0 3.5 
2003 6 4 2.2 8.8 15.5 -1 -1 5.3 
2003 6 5 8.8 10.5 12.7 -1 5 5.3 
2003 6 6 7.2 9.4 12.2 -1 3 3.5 
2003 6 7 2.7 8.8 13.3 -1 0 4.0 
2003 6 8 7.2 10.5 12.2 -1 3 4.0 
2003 6 9 8.3 10.5 13.3 -1 3 3.1 
2003 6 10 10.0 11.1 12.7 -1 5 3.1 
2003 6 11 8.8 10.0 11.6 -1 5 3.1 
2003 6 12 8.8 11.1 16.1 -1 -1 3.5 
2003 6 13 8.3 12.7 17.2 -1 0 4.0 
2003 6 14 8.8 12.7 16.6 -1 -1 4.0 
2003 6 15 7.2 11.6 15.0 -1 0 3.5 
2003 6 16 8.3 12.2 16.1 -1 0 3.5 
2003 6 17 8.8 11.6 16.1 -1 0 2.6 
2003 6 18 7.7 10.5 13.3 -1 0 6.2 
2003 6 19 6.1 11.6 13.8 -1 0 5.8 
2003 6 20 5.0 11.1 15.5 -1 0 5.8 
2003 6 21 10.0 11.6 15.0 -1 0 6.2 
2003 6 22 8.8 11.1 16.6 -1 0 4.9 
2003 6 23 4.4 11.6 15.0 -1 0 6.2 
2003 6 24 10.0 11.6 13.8 -1 -1 6.7 
2003 6 25 7.7 10.5 12.7 -1 0 3.1 
2003 6 26 6.1 10.5 13.3 -1 0 3.5 
2003 6 27 7.7 10.0 12.7 -1 0 3.5 
2003 6 28 7.2 10.5 13.3 -1 0 5.8 
2003 6 29 5.5 11.1 15.0 -1 0 6.7 
2003 6 30 8.3 12.7 17.2 -1 0 6.2 
2003 7 1 12.2 13.8 16.1 -1 3 6.7 
2003 7 2 11.1 12.7 13.8 -1 0 5.8 
2003 7 3 10.0 12.2 17.2 -1 0 6.7 
2003 7 4 7.7 12.7 17.7 -1 0 6.2 
2003 7 5 6.6 15.0 17.7 -1 0 4.0 
2003 7 6 11.1 12.2 13.8 -1 0 4.9 
2003 7 7 7.2 12.7 17.2 -1 0 5.3 
2003 7 8 8.3 15.0 22.2 -1 0 4.9 
2003 7 9 10.0 17.7 23.3 -1 0 4.9 
2003 7 10 12.2 16.6 22.2 -1 0 4.9 
2003 7 11 12.7 14.4 16.6 -1 0 4.9 
2003 7 12 10.5 13.8 16.6 -1 0 6.2 
2003 7 13 7.7 13.3 20.5 -1 0 7.1 
2003 7 14 11.6 16.1 20.5 -1 0 6.2 
2003 7 15 10.0 16.1 20.5 -1 0 6.2 
2003 7 16 11.1 16.1 21.1 -1 0 4.9 
2003 7 17 10.0 13.8 18.3 -1 0 4.9 
2003 7 18 12.2 15.5 18.3 -1 0 6.7 
2003 7 19 6.6 12.7 18.3 -1 0 6.7 
2003 7 20 6.6 13.8 18.8 -1 0 8.0 
2003 7 21 12.7 15.5 17.7 -1 -1 5.8 
2003 7 22 13.3 16.6 19.4 -1 0 3.5 
2003 7 23 8.8 15.0 18.8 -1 0 5.3 
2003 7 24 12.7 14.4 17.7 -1 0 8.0 
2003 7 25 11.1 13.3 15.0 -1 3 3.1 
2003 7 26 10.5 13.3 17.2 -1 0 4.0 
2003 7 27 9.4 14.4 17.7 -1 0 5.8 
2003 7 28 12.2 13.8 16.1 -1 0 6.7 
2003 7 29 8.8 12.7 16.1 -1 0 3.5 
2003 7 30 11.1 13.3 16.1 -1 -1 5.3 
2003 7 31 11.6 13.3 15.5 -1 0 5.8 
2003 8 1 7.2 12.2 17.2 -1 0 7.1 
2003 8 2 5.5 12.7 20.0 -1 0 5.8 
2003 8 3 7.2 12.2 18.3 -1 0 6.7 
2003 8 4 6.1 12.7 20.5 -1 0 4.0 
2003 8 5 6.1 13.3 20.5 -1 0 6.7 
2003 8 6 10.0 14.4 18.8 -1 0 6.2 
2003 8 7 8.8 14.4 20.5 -1 0 5.8 
2003 8 8 10.5 15.0 22.7 -1 0 4.9 
2003 8 9 12.2 15.5 18.3 -1 0 4.9 
2003 8 10 10.0 15.5 22.7 -1 0 5.3 
2003 8 11 13.8 17.2 21.6 -1 5 3.5 
2003 8 12 12.7 15.0 16.6 -1 -1 6.7 
2003 8 13 12.2 15.0 17.2 -1 5 3.5 
2003 8 14 11.6 13.8 16.1 -1 3 3.5 
2003 8 15 11.1 12.7 13.8 -1 13 4.0 
2003 8 16 11.1 12.7 15.0 -1 3 6.2 
2003 8 17 10.0 11.6 13.8 -1 0 5.3 
2003 8 18 3.3 10.0 15.0 -1 0 4.9 
2003 8 19 10.0 12.7 17.2 -1 0 4.0 
2003 8 20 8.8 11.1 13.3 -1 -1 7.1 
2003 8 21 6.6 10.5 15.0 -1 0 4.9 
2003 8 22 5.0 10.5 17.2 -1 5 5.3 
2003 8 23 3.8 10.5 17.2 -1 0 5.3 
2003 8 24 3.8 12.7 15.5 -1 0 6.2 
2003 8 25 12.2 13.3 14.4 -1 3 4.9 
2003 8 26 10.0 12.2 16.6 -1 5 3.1 
2003 8 27 10.0 12.7 16.6 -1 0 3.5 
2003 8 28 11.1 13.3 16.1 -1 3 4.9 
2003 8 29 11.1 13.3 16.1 -1 0 5.8 
2003 8 30 5.5 11.6 15.0 -1 13 4.9 
2003 8 31 3.8 10.0 16.1 -1 0 4.0 
2003 9 1 3.8 10.0 16.1 -1 0 4.9 
2003 9 2 3.8 10.0 15.0 -1 0 6.2 
2003 9 3 11.1 12.2 13.8 -1 0 5.3 
2003 9 4 7.2 11.1 14.4 -1 0 3.5 
2003 9 5 6.1 10.0 13.3 -1 -1 3.1 
2003 9 6 1.6 10.0 13.8 -1 0 3.5 
2003 9 7 3.8 10.0 16.6 -1 0 3.5 
2003 9 8 6.1 10.5 16.1 -1 0 3.5 
2003 9 9 8.8 11.1 13.8 -1 3 3.5 
2003 9 10 6.6 10.0 13.3 -1 -1 2.2 
2003 9 11 3.8 9.4 16.6 -1 0 4.9 
2003 9 12 2.7 11.6 15.5 -1 0 4.9 
2003 9 13 6.1 11.1 16.6 -1 0 3.5 
2003 9 14 2.2 8.8 16.1 -1 0 7.1 
2003 9 15 0.5 7.7 13.3 -1 0 8.0 
2003 9 16 -1.1 5.5 12.7 -1 0 2.6 
2003 9 17 -1.6 6.6 12.7 -1 0 4.9 
2003 9 18 2.7 7.2 13.8 -1 0 4.9 
2003 9 19 -1.6 5.5 12.2 -1 0 3.5 
2003 9 20 -1.6 7.2 11.6 -1 0 7.1 
2003 9 21 3.8 5.5 7.7 -1 0 3.5 
2003 9 22 -2.2 5.0 11.6 -1 0 4.0 
2003 9 23 -2.2 7.7 13.3 -1 0 10.2 
2003 9 24 0.5 7.2 13.3 -1 -1 11.6 
2003 9 25 0.5 6.6 10.5 -1 3 6.7 
2003 9 26 3.3 8.3 13.3 -1 3 3.1 
2003 9 27 1.1 8.8 13.3 -1 0 3.5 
2003 9 28 1.1 11.6 15.0 -1 3 5.3 
2003 9 29 4.4 10.5 15.0 -1 13 3.5 
2003 9 30 4.4 13.3 15.0 -1 3 6.7 
2003 10 1 11.6 13.3 16.6 -1 3 9.3 
2003 10 2 8.8 12.7 15.0 -1 3 9.8 
2003 10 3 7.7 9.4 11.6 -1 10 3.5 
2003 10 4 4.4 8.8 11.1 -1 8 3.1 
2003 10 5 4.4 11.1 13.3 -1 0 7.1 
2003 10 6 8.8 10.5 13.3 -1 13 6.2 
2003 10 7 7.2 9.4 13.3 -1 5 3.5 
2003 10 8 1.1 6.6 13.3 -1 3 4.9 
2003 10 9 1.1 7.7 9.4 -1 3 7.1 
2003 10 10 -0.5 4.4 8.8 -1 3 4.0 
2003 10 11 -2.7 2.7 8.3 -1 0 2.2 
2003 10 12 -2.7 2.7 8.8 -1 -1 2.6 
2003 10 13 -2.7 6.1 10.0 -1 0 3.5 
2003 10 14 3.3 7.2 10.0 -1 5 5.3 
2003 10 15 7.2 9.4 12.2 -1 3 7.1 
2003 10 16 -1.6 5.5 11.6 -1 0 4.0 
2003 10 17 -2.7 2.7 10.5 -1 0 2.2 
2003 10 18 -2.7 3.8 10.0 -1 -1 5.8 
2003 10 19 0.0 1.1 5.0 79 -1 2.6 
2003 10 20 1.1 3.3 6.1 -1 -1 3.5 
2003 10 21 -1.1 2.2 6.6 -1 0 2.2 
2003 10 22 -0.5 3.8 9.4 -1 0 4.0 
2003 10 23 -0.5 3.8 9.4 -1 -1 3.1 
2003 10 24 -0.5 4.4 8.3 -1 0 3.1 
2003 10 25 3.8 5.5 8.8 -1 5 4.9 
2003 10 26 3.3 6.1 8.3 -1 8 4.0 
2003 10 27 3.3 6.1 8.3 -1 3 4.9 
2003 10 28 -1.6 2.7 8.3 -1 3 2.6 
2003 10 29 -2.7 1.6 8.3 -1 0 4.9 
2003 10 30 -2.7 7.2 11.6 -1 0 4.0 
2003 10 31 3.8 7.2 11.6 -1 0 2.2 
2003 11 1 3.8 5.5 7.7 -1 3 4.9 
2003 11 2 4.4 6.6 8.8 -1 5 2.2 
2003 11 3 3.8 6.1 7.7 -1 0 3.1 
2003 11 4 4.4 6.6 8.3 -1 0 1.7 
2003 11 5 4.4 6.1 8.3 -1 0 2.2 
2003 11 6 4.4 8.3 10.0 -1 0 3.5 
2003 11 7 5.0 6.6 10.0 -1 3 5.3 
2003 11 8 1.6 6.6 10.0 -1 3 7.1 
2003 11 9 2.2 6.1 10.0 -1 5 10.2 
2003 11 10 1.1 5.0 6.1 -1 0 8.4 
2003 11 11 -2.7 2.2 6.1 -1 0 5.8 
2003 11 12 -1.6 1.1 6.6 -1 3 9.8 
2003 11 13 -2.7 -1.6 0.0 30 3 4.9 
2003 11 14 -10.5 -6.6 -1.1 30 0 4.0 
2003 11 15 -13.8 -10.0 -5.0 -1 0 4.0 
2003 11 16 -16.1 -11.1 -6.6 30 0 6.2 
2003 11 17 -16.1 -10.5 -6.6 30 0 7.1 
2003 11 18 -11.1 -9.4 -7.2 -1 0 7.1 
2003 11 19 -12.2 -8.3 -3.3 -1 -1 3.1 
2003 11 20 -12.7 -2.7 0.0 30 0 3.5 
2003 11 21 -4.4 2.7 5.5 -1 3 3.5 
2003 11 22 0.5 2.2 5.5 -1 8 9.3 
2003 11 23 -5.0 -2.2 3.8 -1 3 4.0 
2003 11 24 0.0 1.6 2.7 -1 5 6.2 
2003 11 25 -6.1 -1.1 3.3 -1 -1 6.7 
2003 11 26 -12.2 -10.0 -7.2 -1 0 6.7 
2003 11 27 -15.0 -10.5 -7.2 -1 -1 5.8 
2003 11 28 -7.2 -3.8 2.7 30 0 4.0 
2003 11 29 -8.3 -2.2 2.2 30 3 8.9 
2003 11 30 -10.0 -4.4 -0.5 51 3 3.5 
2003 12 1 -10.5 -6.1 -1.6 51 0 7.1 
2003 12 2 -18.8 -14.4 -3.8 -1 0 4.9 
2003 12 3 -12.7 -3.3 3.3 51 18 11.1 
2003 12 4 -4.4 3.8 5.5 -1 8 10.2 
2003 12 5 -7.2 -3.3 5.5 -1 0 3.5 
2003 12 6 -10.5 -7.2 -0.5 -1 0 2.2 
2003 12 7 -10.5 -6.1 -1.1 -1 0 3.1 
2003 12 8 -2.2 -0.5 2.7 30 0 4.0 
2003 12 9 -2.7 3.8 5.0 -1 5 6.7 
2003 12 10 -1.6 0.5 5.0 -1 8 3.5 
2003 12 11 -3.3 -0.5 2.2 -1 0 4.0 
2003 12 12 -3.3 0.5 2.7 -1 -1 3.1 
2003 12 13 -2.2 0.0 2.2 -1 0 2.2 
2003 12 14 -5.5 -1.1 1.1 51 3 5.3 
2003 12 15 0.0 1.1 2.7 51 3 8.4 
2003 12 16 -7.2 -3.8 2.7 -1 3 -1.0 
2003 12 17 -8.3 -3.8 -1.1 30 3 -1.0 
2003 12 18 -6.1 -2.2 -0.5 30 -1 4.0 
2003 12 19 -11.1 -6.6 -3.3 30 0 6.2 
2003 12 20 -10.5 -4.4 -1.6 30 -1 2.6 
2003 12 21 -11.1 -7.2 -1.6 30 -1 3.1 
2003 12 22 -11.1 -5.0 -1.6 99 3 12.5 
2003 12 23 -8.3 -6.6 -1.6 201 3 6.7 
2003 12 24 -10.0 -8.3 -5.5 -1 3 8.0 
2003 12 25 -14.4 -9.4 -5.5 249 0 6.7 
2003 12 26 -16.6 -12.7 -7.7 279 0 3.5 
2003 12 27 -17.2 -13.8 -8.3 279 0 3.1 
2003 12 28 -7.2 -1.1 2.7 231 0 4.0 
2003 12 29 -3.8 2.7 4.4 180 10 8.4 
2003 12 30 0.5 1.6 4.4 79 20 5.3 
2003 12 31 -7.2 -2.2 2.2 79 0 6.7 
