2003 1 1 17.7 22.7 27.2 -1 0 4.0 
2003 1 2 18.3 23.3 27.2 -1 0 4.0 
2003 1 3 21.1 23.8 27.2 -1 0 4.9 
2003 1 4 23.8 25.0 28.8 -1 0 8.0 
2003 1 5 17.2 23.8 28.8 -1 0 8.0 
2003 1 6 17.7 21.6 27.2 -1 0 7.1 
2003 1 7 16.1 21.1 25.5 -1 0 6.7 
2003 1 8 17.2 21.6 26.1 -1 0 3.5 
2003 1 9 16.1 21.1 26.1 -1 0 3.5 
2003 1 10 15.0 21.6 27.2 -1 0 4.9 
2003 1 11 15.0 23.3 27.2 -1 0 6.2 
2003 1 12 18.8 22.2 26.1 -1 0 4.0 
2003 1 13 16.1 20.5 26.1 -1 0 4.0 
2003 1 14 16.1 23.8 26.6 -1 3 5.8 
2003 1 15 21.1 23.8 26.1 -1 5 10.2 
2003 1 16 17.7 21.1 25.5 -1 8 9.8 
2003 1 17 13.8 19.4 26.1 -1 0 6.7 
2003 1 18 22.7 23.8 26.6 -1 0 6.7 
2003 1 19 20.5 23.8 27.2 -1 0 6.7 
2003 1 20 20.5 23.8 26.6 -1 8 10.2 
2003 1 21 15.0 20.5 25.5 -1 0 9.8 
2003 1 22 16.1 21.1 26.1 -1 0 5.3 
2003 1 23 15.0 23.8 27.2 -1 0 5.3 
2003 1 24 22.7 24.4 27.7 -1 0 6.2 
2003 1 25 17.7 21.6 27.7 -1 5 6.2 
2003 1 26 17.7 22.2 26.6 -1 0 3.5 
2003 1 27 17.7 23.8 27.2 -1 0 4.0 
2003 1 28 18.8 23.3 27.2 -1 0 4.0 
2003 1 29 18.8 23.8 26.1 -1 0 3.1 
2003 1 30 20.0 22.2 26.1 -1 0 6.2 
2003 1 31 21.1 22.7 27.2 -1 0 6.2 
2003 2 1 21.1 23.8 28.8 -1 0 5.3 
2003 2 2 21.1 24.4 28.8 -1 0 6.7 
2003 2 3 17.7 22.7 27.7 -1 0 6.7 
2003 2 4 17.2 22.7 27.2 -1 0 6.2 
2003 2 5 17.2 22.2 27.2 -1 0 6.7 
2003 2 6 17.7 23.8 27.2 -1 0 6.7 
2003 2 7 14.4 21.1 27.2 -1 0 6.2 
2003 2 8 14.4 20.5 26.1 -1 0 3.5 
2003 2 9 15.5 21.6 26.6 -1 0 5.8 
2003 2 10 21.1 23.3 27.2 -1 0 7.1 
2003 2 11 18.8 22.7 26.6 -1 0 7.1 
2003 2 12 18.8 22.2 27.7 -1 0 5.3 
2003 2 13 19.4 22.7 27.7 -1 0 6.7 
2003 2 14 17.7 20.0 24.4 -1 8 5.3 
2003 2 15 17.7 21.1 24.4 -1 13 8.4 
2003 2 16 21.1 22.2 25.0 -1 0 7.1 
2003 2 17 20.0 23.3 26.6 -1 0 8.9 
2003 2 18 20.5 23.3 27.2 -1 -1 8.0 
2003 2 19 20.5 23.3 27.2 -1 0 7.1 
2003 2 20 18.8 23.3 27.2 -1 0 6.7 
2003 2 21 18.8 23.3 27.7 -1 0 6.7 
2003 2 22 19.4 24.4 28.3 -1 0 7.1 
2003 2 23 21.6 25.0 28.3 -1 0 8.4 
2003 2 24 22.2 25.0 28.3 -1 0 8.0 
2003 2 25 21.6 23.8 27.7 -1 0 6.7 
2003 2 26 21.1 23.8 27.2 -1 3 6.7 
2003 2 27 19.4 23.8 28.3 -1 3 5.3 
2003 2 28 19.4 24.4 28.3 -1 0 7.1 
2003 3 2 20.0 23.8 27.7 -1 0 8.0 
2003 3 3 16.1 22.7 27.2 -1 0 6.2 
2003 3 4 16.1 22.7 26.6 -1 0 5.8 
2003 3 5 17.7 23.8 26.6 -1 0 5.3 
2003 3 6 18.8 22.7 27.2 -1 0 4.9 
2003 3 7 18.8 23.3 27.2 -1 23 4.9 
2003 3 8 21.1 24.4 27.2 -1 3 4.9 
2003 3 9 21.6 23.8 27.2 -1 0 4.9 
2003 3 10 19.4 23.3 26.6 -1 0 4.9 
2003 3 11 19.4 24.4 27.7 -1 0 4.9 
2003 3 12 20.0 24.4 27.7 -1 0 5.3 
2003 3 13 18.8 23.8 26.6 -1 0 4.9 
2003 3 14 19.4 24.4 27.7 -1 0 6.7 
2003 3 15 20.0 24.4 27.7 -1 0 6.7 
2003 3 16 20.0 24.4 27.7 -1 3 3.5 
2003 3 17 22.2 24.4 28.3 -1 0 5.3 
2003 3 18 22.7 25.0 28.8 -1 0 6.7 
2003 3 19 22.7 25.0 29.4 -1 0 8.9 
2003 3 20 21.6 25.0 28.8 -1 0 9.8 
2003 3 21 21.6 25.5 29.4 -1 0 7.1 
2003 3 22 22.7 25.0 29.4 -1 0 8.4 
2003 3 23 22.2 25.5 28.8 -1 0 8.0 
2003 3 24 22.2 25.5 28.8 -1 0 6.7 
2003 3 25 20.5 24.4 27.7 -1 0 6.2 
2003 3 26 20.0 23.8 27.7 -1 0 5.8 
2003 3 27 20.0 24.4 27.7 -1 0 5.3 
2003 3 28 20.5 22.7 27.7 -1 13 5.8 
2003 3 29 19.4 23.8 28.3 -1 0 5.8 
2003 3 30 19.4 24.4 28.3 -1 0 4.9 
2003 3 31 22.2 25.0 28.3 -1 8 6.7 
2003 4 1 22.7 25.0 27.7 -1 0 6.2 
2003 4 2 22.7 25.5 29.4 -1 0 6.2 
2003 4 3 20.5 24.4 29.4 -1 0 5.8 
2003 4 4 20.0 23.8 28.3 -1 10 5.8 
2003 4 5 20.0 25.0 29.4 -1 0 5.8 
2003 4 6 21.6 25.0 29.4 -1 0 5.3 
2003 4 7 22.2 25.0 28.3 -1 0 3.5 
2003 4 8 20.5 24.4 29.4 -1 3 5.8 
2003 4 9 20.5 25.0 30.0 -1 0 6.7 
2003 4 10 22.2 25.5 30.0 -1 0 8.0 
2003 4 11 22.2 25.0 29.4 -1 3 8.4 
2003 4 12 22.2 25.5 28.8 -1 0 8.4 
2003 4 13 22.7 25.0 28.8 -1 0 10.2 
2003 4 14 22.7 25.5 28.3 -1 0 10.2 
2003 4 15 22.7 25.0 28.3 -1 0 9.8 
2003 4 16 20.5 24.4 28.3 -1 0 9.3 
2003 4 17 20.5 23.8 28.3 -1 0 8.9 
2003 4 18 21.1 25.0 28.3 -1 0 10.2 
2003 4 19 22.2 25.0 28.3 -1 0 9.8 
2003 4 20 21.1 24.4 28.8 -1 0 7.1 
2003 4 21 21.1 24.4 28.3 -1 0 8.9 
2003 4 22 21.1 23.8 28.3 -1 3 8.9 
2003 4 23 21.1 24.4 28.3 -1 0 8.9 
2003 4 24 21.1 24.4 28.8 -1 0 9.3 
2003 4 25 21.1 25.0 28.8 -1 0 7.1 
2003 4 26 22.7 25.0 28.8 -1 0 6.7 
2003 4 27 21.6 25.0 28.8 -1 0 6.7 
2003 4 28 19.4 23.8 28.8 -1 0 6.2 
2003 4 29 19.4 24.4 28.3 -1 0 5.3 
2003 4 30 20.0 23.8 28.8 -1 0 6.2 
2003 5 1 21.1 25.0 28.8 -1 0 6.2 
2003 5 2 21.1 25.0 28.3 -1 0 4.0 
2003 5 3 21.1 25.5 28.8 -1 0 6.2 
2003 5 4 21.1 26.1 30.5 -1 0 6.7 
2003 5 5 21.1 25.0 28.8 -1 0 4.9 
2003 5 6 21.1 25.0 28.8 -1 0 4.0 
2003 5 7 22.2 25.0 28.3 -1 3 5.8 
2003 5 8 22.7 25.5 30.5 -1 3 6.7 
2003 5 9 22.7 26.1 30.5 -1 0 7.1 
2003 5 10 22.7 26.1 28.8 -1 0 8.0 
2003 5 11 22.7 25.5 29.4 -1 0 7.1 
2003 5 12 22.2 25.5 30.0 -1 0 7.1 
2003 5 13 22.2 25.5 30.0 -1 0 8.0 
2003 5 14 22.7 26.1 29.4 -1 0 9.8 
2003 5 15 22.7 25.5 29.4 -1 0 9.8 
2003 5 16 22.7 26.1 28.8 -1 0 9.8 
2003 5 17 22.7 26.1 30.0 -1 0 8.0 
2003 5 18 22.7 25.5 30.0 -1 0 8.0 
2003 5 19 22.7 25.5 30.0 -1 0 8.4 
2003 5 20 22.2 26.1 30.0 -1 0 6.7 
2003 5 21 22.2 25.5 30.0 -1 0 7.1 
2003 5 22 22.2 25.5 30.5 -1 0 6.7 
2003 5 23 22.7 26.1 30.5 -1 0 6.7 
2003 5 24 22.7 26.1 30.5 -1 0 8.0 
2003 5 25 22.2 26.1 30.0 -1 0 7.1 
2003 5 26 20.5 25.0 28.8 -1 0 4.9 
2003 5 27 20.5 26.1 30.5 -1 0 4.0 
2003 5 28 21.1 25.5 30.0 -1 0 4.9 
2003 5 29 21.1 26.6 31.1 -1 0 4.9 
2003 5 30 22.7 26.1 31.1 -1 0 6.2 
2003 5 31 21.6 26.1 31.1 -1 0 6.2 
2003 6 1 21.6 26.6 30.5 -1 0 5.8 
2003 6 2 21.6 26.1 30.5 -1 0 5.3 
2003 6 3 21.6 25.5 28.8 -1 0 3.5 
2003 6 4 22.2 26.1 29.4 -1 0 5.8 
2003 6 5 22.7 25.5 28.8 -1 0 5.8 
2003 6 6 22.2 25.5 28.3 -1 0 6.7 
2003 6 7 21.6 25.5 29.4 -1 3 6.2 
2003 6 8 21.6 26.1 29.4 -1 0 4.9 
2003 6 9 22.2 26.1 32.2 -1 0 4.0 
2003 6 10 22.7 27.7 32.2 -1 0 6.7 
2003 6 11 24.4 26.6 31.1 -1 0 8.4 
2003 6 12 22.7 26.6 31.1 -1 0 8.0 
2003 6 13 22.7 26.6 31.1 -1 0 8.4 
2003 6 14 22.7 26.1 31.1 -1 0 8.4 
2003 6 15 21.6 26.1 31.1 -1 0 7.1 
2003 6 16 21.6 26.1 31.1 -1 0 7.1 
2003 6 17 22.2 26.6 31.6 -1 0 6.7 
2003 6 18 22.2 26.6 31.1 -1 0 8.4 
2003 6 19 23.8 26.6 31.1 -1 0 8.4 
2003 6 20 23.8 27.2 31.1 -1 0 6.7 
2003 6 21 23.8 27.2 31.1 -1 0 7.1 
2003 6 22 23.8 27.2 31.1 -1 0 8.4 
2003 6 23 23.8 26.6 30.0 -1 0 8.0 
2003 6 24 23.8 26.6 31.6 -1 0 6.7 
2003 6 25 23.8 27.2 31.6 -1 0 7.1 
2003 6 26 23.8 27.2 31.1 -1 0 6.7 
2003 6 27 22.7 26.6 30.0 -1 0 8.0 
2003 6 28 22.7 26.1 31.1 -1 0 6.7 
2003 6 29 22.7 26.1 30.5 -1 0 8.4 
2003 6 30 23.8 26.6 30.5 -1 0 8.4 
2003 7 1 23.8 26.6 31.1 -1 0 7.1 
2003 7 2 22.7 26.1 30.5 -1 0 6.7 
2003 7 3 22.7 26.6 31.1 -1 0 6.7 
2003 7 4 22.2 26.6 31.6 -1 0 6.7 
2003 7 5 22.2 27.2 31.6 -1 0 6.7 
2003 7 6 23.3 27.2 31.1 -1 0 8.9 
2003 7 7 23.3 27.2 31.6 -1 0 9.8 
2003 7 8 23.8 27.2 31.6 -1 0 9.3 
2003 7 9 23.3 27.2 31.1 -1 0 8.9 
2003 7 10 23.3 26.6 31.1 -1 0 9.3 
2003 7 11 23.8 27.2 31.6 -1 0 8.0 
2003 7 12 23.8 27.7 31.6 -1 0 9.3 
2003 7 13 25.0 27.7 32.2 -1 0 9.3 
2003 7 14 25.5 27.7 32.2 -1 0 8.0 
2003 7 15 24.4 27.7 32.2 -1 0 8.0 
2003 7 16 24.4 28.3 32.2 -1 0 8.0 
2003 7 17 25.0 27.7 32.2 -1 0 7.1 
2003 7 18 25.0 27.7 32.2 -1 0 8.4 
2003 7 19 25.0 27.7 32.2 -1 0 8.9 
2003 7 20 25.0 27.7 31.6 -1 0 9.8 
2003 7 21 25.0 27.7 31.6 -1 0 8.9 
2003 7 22 25.0 27.2 31.6 -1 0 8.4 
2003 7 23 23.8 27.7 32.2 -1 0 6.7 
2003 7 24 23.8 28.3 32.2 -1 0 7.1 
2003 7 25 25.0 28.8 33.3 -1 0 6.7 
2003 7 26 24.4 27.7 33.3 -1 8 5.3 
2003 7 27 24.4 27.2 30.0 -1 8 6.2 
2003 7 28 25.0 27.7 30.0 -1 5 5.8 
2003 7 29 25.5 27.7 31.6 -1 0 8.0 
2003 7 30 25.5 27.7 31.6 -1 0 8.4 
2003 7 31 25.0 27.7 33.3 -1 0 8.0 
2003 8 1 25.0 28.3 33.3 -1 0 8.9 
2003 8 2 25.5 28.3 32.7 -1 0 8.9 
2003 8 3 25.0 27.7 32.7 -1 0 8.4 
2003 8 4 22.7 27.2 32.7 -1 0 8.4 
2003 8 5 22.7 27.2 30.5 -1 0 5.3 
2003 8 6 26.1 28.3 33.3 -1 0 5.3 
2003 8 7 25.5 28.3 33.3 -1 0 9.8 
2003 8 8 25.0 28.3 32.2 -1 0 8.4 
2003 8 9 26.1 27.7 32.2 -1 0 8.9 
2003 8 10 25.5 27.7 31.6 -1 0 8.9 
2003 8 11 25.0 27.7 32.2 -1 0 8.9 
2003 8 12 25.0 28.3 32.2 -1 0 9.3 
2003 8 13 25.5 27.7 32.2 -1 0 9.3 
2003 8 14 26.1 28.3 32.2 -1 -1 9.3 
2003 8 15 26.1 27.7 32.2 -1 0 9.3 
2003 8 16 25.5 27.7 32.2 -1 0 9.8 
2003 8 17 25.5 28.3 32.2 -1 0 9.8 
2003 8 18 25.5 28.3 32.2 -1 0 8.0 
2003 8 19 25.5 28.3 32.2 -1 0 9.3 
2003 8 20 25.5 28.3 32.2 -1 0 9.8 
2003 8 21 25.5 28.3 32.2 -1 0 9.8 
2003 8 22 25.5 27.7 31.6 -1 0 8.4 
2003 8 23 24.4 27.7 32.2 -1 0 8.4 
2003 8 24 23.8 26.6 30.5 -1 0 6.7 
2003 8 25 25.0 27.2 32.2 -1 0 6.7 
2003 8 26 23.8 27.7 31.6 -1 0 6.7 
2003 8 27 24.4 27.7 31.6 -1 0 6.7 
2003 8 28 22.7 26.6 30.5 -1 0 5.3 
2003 8 29 22.7 26.6 31.6 -1 0 6.7 
2003 8 30 22.7 27.2 32.2 -1 0 6.7 
2003 8 31 23.8 28.3 32.7 -1 0 8.9 
2003 9 1 26.1 28.8 32.7 -1 0 9.3 
2003 9 2 26.1 28.3 32.2 -1 0 8.4 
2003 9 3 25.0 27.7 32.2 -1 0 8.4 
2003 9 4 25.0 27.7 32.2 -1 0 8.9 
2003 9 5 25.0 27.7 32.2 -1 0 8.9 
2003 9 6 25.0 27.7 32.2 -1 0 9.3 
2003 9 7 23.8 27.7 31.6 -1 0 8.9 
2003 9 8 23.8 27.7 32.2 -1 0 8.4 
2003 9 9 23.8 27.7 32.2 -1 0 6.7 
2003 9 10 23.3 27.2 31.6 -1 0 6.7 
2003 9 11 22.7 25.5 31.1 -1 3 4.0 
2003 9 12 22.7 26.1 32.2 -1 0 6.7 
2003 9 13 22.7 27.7 32.2 -1 0 7.1 
2003 9 14 24.4 27.7 32.2 -1 0 7.1 
2003 9 15 24.4 27.7 32.2 -1 0 6.7 
2003 9 16 23.8 27.7 31.6 -1 0 6.7 
2003 9 17 23.8 27.7 31.1 -1 0 7.1 
2003 9 18 25.0 27.7 32.2 -1 0 8.4 
2003 9 19 23.8 27.7 32.2 -1 0 8.0 
2003 9 20 22.2 26.6 32.2 -1 0 8.0 
2003 9 21 22.2 26.1 30.5 -1 0 5.3 
2003 9 22 23.8 26.6 30.0 -1 0 6.2 
2003 9 24 24.4 27.7 30.0 -1 0 4.9 
2003 9 25 26.1 27.7 30.0 -1 0 4.9 
2003 9 26 26.1 27.7 30.5 -1 0 6.2 
2003 9 27 23.8 27.2 31.6 -1 0 6.2 
2003 9 28 21.6 26.6 32.2 -1 0 6.7 
2003 9 29 21.6 27.2 31.6 -1 0 6.7 
2003 9 30 23.3 27.2 31.6 -1 0 5.3 
2003 10 1 25.0 27.7 31.1 -1 0 4.0 
2003 10 2 22.7 26.6 30.0 -1 0 4.0 
2003 10 3 23.3 26.6 30.0 -1 10 3.5 
2003 10 4 23.8 26.6 31.1 -1 0 4.9 
2003 10 5 23.8 27.7 31.6 -1 0 7.1 
2003 10 6 25.0 28.3 32.2 -1 0 8.0 
2003 10 7 23.8 27.7 32.2 -1 3 7.1 
2003 10 8 23.8 27.7 31.1 -1 0 7.1 
2003 10 9 25.0 27.7 31.6 -1 0 7.1 
2003 10 10 26.1 28.3 32.2 -1 0 8.0 
2003 10 11 23.8 27.2 31.6 -1 0 7.1 
2003 10 12 23.8 27.2 32.2 -1 5 8.0 
2003 10 13 24.4 28.3 32.2 -1 0 8.0 
2003 10 14 23.8 27.7 31.6 -1 0 9.3 
2003 10 15 23.8 27.2 31.1 -1 0 8.0 
2003 10 16 23.8 27.2 31.1 -1 0 8.0 
2003 10 17 23.8 26.6 31.1 -1 0 6.2 
2003 10 18 22.7 26.1 30.5 -1 0 5.3 
2003 10 19 21.1 25.5 29.4 -1 0 3.5 
2003 10 20 21.1 25.5 30.5 -1 0 4.9 
2003 10 21 21.1 25.5 30.5 -1 3 4.0 
2003 10 22 21.1 26.1 29.4 -1 0 3.5 
2003 10 23 22.7 26.1 29.4 -1 0 4.9 
2003 10 24 22.7 27.2 30.0 -1 0 5.3 
2003 10 25 23.8 27.2 29.4 -1 3 4.0 
2003 10 26 22.7 26.6 30.0 -1 0 3.1 
2003 10 27 23.3 27.2 30.0 -1 0 3.5 
2003 10 28 23.8 27.2 30.0 -1 3 3.5 
2003 10 29 25.5 27.2 29.4 -1 8 4.9 
2003 10 30 25.0 27.2 29.4 -1 0 4.0 
2003 10 31 23.3 26.6 30.0 -1 0 4.0 
2003 11 1 22.2 26.6 31.1 -1 0 6.2 
2003 11 2 22.2 26.6 31.1 -1 0 8.4 
2003 11 3 23.3 27.2 31.1 -1 0 8.4 
2003 11 4 22.7 26.6 31.1 -1 0 7.1 
2003 11 5 22.2 26.6 31.1 -1 0 7.1 
2003 11 6 22.2 26.6 31.1 -1 0 6.7 
2003 11 7 23.3 26.6 30.0 -1 0 6.2 
2003 11 8 23.3 27.2 31.6 -1 0 5.8 
2003 11 9 22.7 26.6 30.5 -1 0 6.7 
2003 11 10 23.3 27.2 31.1 -1 0 8.4 
2003 11 11 24.4 27.2 30.5 -1 -1 9.8 
2003 11 12 23.8 26.1 30.0 -1 0 8.0 
2003 11 13 22.7 26.1 29.4 -1 0 8.4 
2003 11 14 22.7 25.5 30.0 -1 0 8.9 
2003 11 15 22.7 26.1 30.0 -1 0 9.8 
2003 11 16 22.7 26.1 29.4 -1 0 8.9 
2003 11 17 22.7 26.1 30.0 -1 0 7.1 
2003 11 18 22.7 26.1 29.4 -1 0 6.7 
2003 11 19 21.1 25.5 29.4 -1 3 8.0 
2003 11 20 21.1 23.8 27.2 -1 0 8.9 
2003 11 21 20.0 23.3 28.3 -1 0 6.2 
2003 11 22 20.0 23.8 28.3 -1 0 5.3 
2003 11 23 20.0 24.4 28.8 -1 0 5.3 
2003 11 24 18.8 23.8 27.7 -1 0 4.9 
2003 11 25 19.4 24.4 28.3 -1 5 6.7 
2003 11 26 22.2 25.0 29.4 -1 0 8.0 
2003 11 27 19.4 23.8 28.8 -1 0 7.1 
2003 11 28 19.4 25.0 30.0 -1 0 4.9 
2003 11 29 21.6 26.1 30.0 -1 0 6.7 
2003 11 30 23.8 25.0 27.7 -1 0 4.0 
2003 12 1 22.2 24.4 26.1 -1 5 7.1 
2003 12 2 20.5 22.7 27.2 -1 30 6.2 
2003 12 3 19.4 23.3 28.3 -1 0 6.2 
2003 12 4 19.4 24.4 28.3 -1 0 6.2 
2003 12 5 22.2 25.0 28.8 -1 3 5.8 
2003 12 6 22.7 25.5 28.8 -1 10 4.9 
2003 12 7 22.2 25.0 28.3 -1 10 3.5 
2003 12 8 21.6 24.4 27.2 -1 20 8.0 
2003 12 9 21.6 24.4 28.3 -1 0 8.9 
2003 12 10 22.7 25.0 28.3 -1 0 8.9 
2003 12 11 22.7 25.0 28.3 -1 0 10.2 
2003 12 12 22.7 25.0 28.3 -1 0 9.3 
2003 12 13 21.6 24.4 27.7 -1 0 8.4 
2003 12 14 21.6 25.0 28.3 -1 0 8.9 
2003 12 15 22.7 25.0 28.3 -1 0 8.0 
2003 12 16 18.8 23.3 28.8 -1 0 6.7 
2003 12 17 18.8 23.3 28.8 -1 0 8.4 
2003 12 18 20.5 22.7 26.6 -1 0 6.7 
2003 12 19 20.5 23.3 26.1 -1 0 6.7 
2003 12 20 18.8 22.7 27.7 -1 0 6.7 
2003 12 21 17.2 23.3 27.7 -1 0 5.3 
2003 12 22 17.2 23.8 27.7 -1 0 6.7 
2003 12 23 22.7 24.4 27.7 -1 0 6.2 
2003 12 24 22.2 25.5 28.3 -1 0 5.8 
2003 12 25 20.0 23.8 28.3 -1 0 4.0 
2003 12 26 20.0 23.8 28.8 -1 0 3.5 
2003 12 27 18.8 23.8 27.7 -1 0 3.5 
2003 12 28 17.7 22.2 26.6 -1 8 8.0 
2003 12 29 18.8 21.6 26.1 -1 3 5.8 
2003 12 30 22.2 24.4 28.3 -1 0 4.0 
2003 12 31 21.1 23.3 26.6 -1 10 5.8 
