2003 1 1 0.0 1.1 2.7 -1 13 6.7 
2003 1 2 -2.7 -1.1 0.0 -1 3 6.2 
2003 1 3 -6.1 -3.8 -0.5 -1 5 5.3 
2003 1 4 -10.0 -5.0 1.1 -1 0 5.8 
2003 1 5 -1.1 0.0 1.1 -1 3 5.8 
2003 1 6 -2.2 0.5 1.6 -1 0 9.3 
2003 1 7 -7.2 -2.7 2.2 -1 0 9.3 
2003 1 8 -7.2 4.4 11.6 -1 0 8.9 
2003 1 9 -0.5 6.6 11.6 -1 0 9.8 
2003 1 10 -6.1 -1.1 2.2 -1 0 9.8 
2003 1 11 -11.6 -7.7 1.1 -1 0 7.1 
2003 1 12 -13.3 -7.7 -1.6 -1 0 7.1 
2003 1 13 -13.3 -3.3 1.1 -1 0 6.2 
2003 1 14 -8.3 -5.5 1.1 -1 0 6.7 
2003 1 15 -14.4 -10.5 -2.7 -1 0 5.3 
2003 1 16 -7.7 -6.1 0.0 -1 3 3.5 
2003 1 17 -15.0 -8.8 -5.0 -1 0 5.3 
2003 1 18 -17.7 -12.2 -5.0 -1 0 8.4 
2003 1 19 -17.7 -10.0 -2.7 -1 0 8.4 
2003 1 20 -6.1 -3.3 1.1 -1 0 6.2 
2003 1 21 -8.8 -6.6 -5.5 -1 0 6.2 
2003 1 22 -13.3 -10.5 -5.0 -1 0 6.2 
2003 1 23 -17.7 -13.8 -7.2 -1 0 8.0 
2003 1 24 -19.4 -14.4 -8.3 -1 0 5.8 
2003 1 25 -19.4 -7.2 0.0 -1 0 6.2 
2003 1 26 -13.8 -6.1 -2.7 -1 0 7.1 
2003 1 27 -22.2 -15.5 -2.7 -1 0 5.8 
2003 1 28 -8.8 -4.4 2.2 -1 0 4.9 
2003 1 29 -8.8 0.0 2.7 -1 0 5.8 
2003 1 30 -9.4 -4.4 1.6 51 0 4.0 
2003 1 31 -3.3 -1.6 2.2 51 0 6.7 
2003 2 1 -3.8 0.5 1.6 79 3 6.2 
2003 2 2 -1.1 2.2 6.6 79 0 4.0 
2003 2 3 -0.5 8.8 13.3 30 3 7.1 
2003 2 4 -4.4 0.5 13.3 -1 8 12.9 
2003 2 5 -11.1 -6.6 2.7 -1 0 8.9 
2003 2 6 -11.1 -2.7 0.0 30 0 3.1 
2003 2 7 -10.0 -5.0 -0.5 30 3 6.7 
2003 2 8 -13.8 -8.8 1.1 30 0 8.9 
2003 2 9 -6.1 -2.7 0.0 -1 0 6.7 
2003 2 10 -6.1 -1.6 0.0 30 0 8.4 
2003 2 11 -13.3 -7.7 0.0 99 3 8.0 
2003 2 12 -15.0 -7.7 1.6 51 0 12.9 
2003 2 13 -15.0 -6.6 3.3 30 0 5.8 
2003 2 14 -12.2 -1.1 3.3 30 3 5.8 
2003 2 15 -7.2 -1.6 1.6 51 13 7.1 
2003 2 16 -8.8 -7.7 -6.6 51 3 9.3 
2003 2 17 -8.8 -6.1 -3.8 79 0 7.1 
2003 2 18 -7.7 -3.3 -0.5 79 0 6.2 
2003 2 19 -1.1 0.5 2.7 79 3 4.0 
2003 2 20 -6.1 -1.1 6.1 51 0 3.5 
2003 2 21 -6.6 1.1 5.5 -1 0 4.0 
2003 2 22 1.6 2.2 3.3 79 5 9.8 
2003 2 23 -6.1 -3.3 -0.5 150 18 9.8 
2003 2 24 -8.3 -5.5 -2.2 201 3 6.7 
2003 2 25 -17.7 -12.2 -3.3 180 0 5.3 
2003 2 26 -8.8 -6.6 -2.7 180 0 4.0 
2003 2 27 -9.4 -5.5 -0.5 150 0 4.0 
2003 2 28 -9.4 -2.2 1.1 150 0 3.5 
2003 3 2 -4.4 0.0 2.7 99 0 7.1 
2003 3 3 -12.2 -7.2 1.1 99 0 5.3 
2003 3 4 -1.1 2.7 7.7 79 0 4.0 
2003 3 5 -2.2 2.2 8.3 30 3 5.8 
2003 3 6 -7.2 -3.8 7.2 79 3 5.8 
2003 3 7 -7.2 -1.6 6.1 51 0 4.0 
2003 3 8 -6.1 5.0 17.2 -1 0 9.8 
2003 3 9 -7.2 -2.7 9.4 -1 3 8.4 
2003 3 10 -12.2 -7.7 -3.3 -1 0 7.1 
2003 3 11 -11.6 -1.1 8.3 -1 0 6.7 
2003 3 12 3.8 6.6 11.6 -1 0 4.0 
2003 3 13 0.0 6.1 12.2 -1 3 6.7 
2003 3 14 -2.2 2.2 13.3 -1 10 5.3 
2003 3 15 -2.2 8.8 19.4 -1 0 3.5 
2003 3 16 0.5 14.4 23.3 -1 0 5.8 
2003 3 17 6.6 16.1 23.3 -1 0 3.5 
2003 3 18 8.8 16.6 22.7 -1 0 7.1 
2003 3 19 7.7 12.7 21.6 -1 3 7.1 
2003 3 20 7.7 14.4 23.3 -1 3 6.2 
2003 3 21 7.7 11.1 16.6 -1 10 8.4 
2003 3 22 2.7 7.7 13.8 -1 0 8.0 
2003 3 23 2.7 10.5 19.4 -1 0 4.9 
2003 3 24 3.3 14.4 23.3 -1 0 8.4 
2003 3 25 7.2 13.3 23.3 -1 15 5.3 
2003 3 26 2.7 9.4 17.2 -1 15 3.5 
2003 3 27 2.7 12.2 20.0 -1 0 9.3 
2003 3 28 5.5 16.6 21.1 -1 13 12.0 
2003 3 29 2.2 5.0 8.8 -1 30 6.2 
2003 3 30 -3.3 1.1 7.2 -1 0 6.7 
2003 3 31 -3.3 3.3 12.2 -1 0 6.7 
2003 4 1 10.0 15.0 23.8 -1 0 12.0 
2003 4 2 10.5 18.3 24.4 -1 0 11.6 
2003 4 3 12.7 19.4 24.4 -1 0 13.8 
2003 4 4 15.0 18.8 24.4 -1 0 8.4 
2003 4 5 1.1 3.8 15.0 -1 8 9.8 
2003 4 6 -1.1 1.1 5.0 -1 0 8.4 
2003 4 7 2.7 5.0 8.8 -1 3 8.9 
2003 4 8 2.7 4.4 8.8 -1 0 6.7 
2003 4 9 0.5 2.2 7.2 -1 0 8.0 
2003 4 10 0.0 5.5 16.1 -1 0 6.7 
2003 4 11 0.0 11.1 20.0 -1 0 6.2 
2003 4 12 2.2 12.7 20.0 -1 0 6.2 
2003 4 13 2.7 10.0 18.8 -1 0 5.8 
2003 4 14 2.7 15.5 26.1 -1 0 5.3 
2003 4 15 13.8 20.5 26.6 -1 0 10.2 
2003 4 16 13.8 20.5 27.2 -1 0 15.6 
2003 4 17 8.8 15.0 25.5 -1 8 6.2 
2003 4 18 6.6 12.2 20.0 -1 8 6.2 
2003 4 19 6.6 16.6 25.0 -1 0 5.8 
2003 4 20 11.1 18.3 25.0 -1 5 8.0 
2003 4 21 6.6 10.5 21.1 -1 3 7.1 
2003 4 22 3.8 6.6 12.2 -1 0 6.7 
2003 4 23 -2.7 7.2 16.6 -1 0 3.5 
2003 4 24 6.6 10.5 15.0 -1 0 6.7 
2003 4 25 6.1 8.8 15.0 -1 10 6.7 
2003 4 26 6.6 11.1 17.7 -1 15 5.8 
2003 4 27 3.3 12.2 21.1 -1 0 3.5 
2003 4 28 3.3 15.0 24.4 -1 8 5.3 
2003 4 29 11.1 18.3 23.3 -1 8 3.1 
2003 4 30 10.5 20.5 27.2 -1 0 6.7 
2003 5 1 15.5 21.1 27.2 -1 0 6.2 
2003 5 2 12.2 15.0 19.4 -1 15 5.3 
2003 5 3 7.7 12.7 17.7 -1 0 5.3 
2003 5 4 6.6 11.1 17.7 -1 5 7.1 
2003 5 5 6.6 17.2 25.5 -1 33 9.3 
2003 5 6 12.7 18.8 25.5 -1 0 4.0 
2003 5 7 12.7 18.8 25.5 -1 5 8.4 
2003 5 8 12.2 15.5 18.8 -1 0 5.3 
2003 5 9 12.2 22.2 28.8 -1 5 6.7 
2003 5 10 16.1 21.6 28.8 -1 3 7.1 
2003 5 11 12.2 17.2 24.4 -1 51 12.9 
2003 5 12 11.6 14.4 21.6 -1 0 12.9 
2003 5 13 6.1 15.0 22.2 -1 0 8.0 
2003 5 14 5.5 17.2 22.7 -1 0 4.9 
2003 5 15 10.0 16.1 22.7 -1 23 5.8 
2003 5 16 10.0 16.1 21.6 -1 0 3.5 
2003 5 17 11.6 18.3 21.6 -1 0 5.8 
2003 5 18 17.2 18.8 23.3 -1 0 6.2 
2003 5 19 17.2 20.0 23.3 -1 0 6.2 
2003 5 20 12.7 18.3 21.6 -1 3 6.7 
2003 5 21 7.7 12.2 17.7 -1 0 6.7 
2003 5 22 7.2 13.3 19.4 -1 0 5.8 
2003 5 23 7.2 13.8 19.4 -1 0 5.3 
2003 5 24 6.1 13.8 21.1 -1 0 5.3 
2003 5 25 5.0 15.0 20.5 -1 0 3.5 
2003 5 26 7.7 15.5 20.5 -1 0 3.5 
2003 5 27 8.3 17.7 23.3 -1 0 5.3 
2003 5 28 9.4 16.6 23.8 -1 3 6.7 
2003 5 29 9.4 15.5 23.8 -1 30 6.7 
2003 5 30 8.3 15.0 21.6 -1 0 5.3 
2003 5 31 8.3 16.6 21.6 -1 18 8.4 
2003 6 1 3.8 11.1 18.8 -1 0 5.8 
2003 6 2 3.8 15.0 18.8 -1 0 6.2 
2003 6 3 8.8 13.3 18.8 -1 10 7.1 
2003 6 4 11.1 13.8 18.3 -1 0 4.0 
2003 6 5 7.2 15.0 23.3 -1 0 5.8 
2003 6 6 7.2 17.2 23.3 -1 3 6.7 
2003 6 7 11.6 19.4 25.5 -1 3 2.6 
2003 6 8 15.5 18.8 25.5 -1 0 8.4 
2003 6 9 11.6 18.3 26.1 -1 0 6.7 
2003 6 10 11.6 20.0 26.1 -1 0 8.9 
2003 6 11 15.0 21.1 25.5 -1 3 6.2 
2003 6 12 18.3 22.2 26.1 -1 23 6.7 
2003 6 13 18.8 21.6 27.7 -1 0 6.7 
2003 6 14 18.3 20.5 27.7 -1 10 4.0 
2003 6 15 18.3 22.7 27.7 -1 5 6.7 
2003 6 16 18.8 22.7 27.7 -1 3 4.0 
2003 6 17 17.7 22.7 27.7 -1 0 3.5 
2003 6 18 17.7 23.3 29.4 -1 0 3.1 
2003 6 19 17.7 21.6 29.4 -1 0 4.9 
2003 6 20 12.2 18.8 25.0 -1 0 6.2 
2003 6 21 11.1 20.5 27.2 -1 0 3.5 
2003 6 22 13.8 21.1 27.7 -1 0 3.1 
2003 6 23 16.1 22.7 28.8 -1 0 3.1 
2003 6 24 14.4 23.8 30.5 -1 0 4.0 
2003 6 25 17.2 25.5 31.1 -1 0 5.3 
2003 6 26 17.7 24.4 31.1 -1 5 6.7 
2003 6 27 11.6 19.4 26.6 -1 3 4.0 
2003 6 28 11.6 21.6 27.7 -1 0 6.2 
2003 6 29 15.0 23.8 30.0 -1 0 5.3 
2003 6 30 16.6 25.0 30.5 -1 0 5.3 
2003 7 1 19.4 24.4 30.5 -1 3 8.0 
2003 7 2 20.0 25.0 32.2 -1 5 6.2 
2003 7 3 18.8 25.5 32.2 -1 5 5.8 
2003 7 4 18.8 27.7 33.3 -1 5 8.0 
2003 7 5 18.8 24.4 33.3 -1 46 9.8 
2003 7 6 18.8 24.4 31.6 -1 38 7.1 
2003 7 7 19.4 27.2 32.2 -1 0 6.7 
2003 7 8 20.5 26.1 32.2 -1 5 8.9 
2003 7 9 20.0 22.7 31.6 -1 25 8.4 
2003 7 10 18.8 21.6 28.8 -1 25 5.3 
2003 7 11 14.4 21.1 26.1 -1 0 8.9 
2003 7 12 14.4 20.0 26.6 -1 8 8.9 
2003 7 13 14.4 22.2 27.7 -1 0 5.3 
2003 7 14 15.5 23.3 28.8 -1 0 4.0 
2003 7 15 18.3 22.7 28.8 -1 15 5.3 
2003 7 16 17.7 23.3 27.7 -1 10 4.9 
2003 7 17 16.6 22.7 28.3 -1 0 3.5 
2003 7 18 16.6 23.3 28.3 -1 15 8.0 
2003 7 19 18.8 23.3 27.7 -1 0 3.5 
2003 7 20 17.2 23.3 29.4 -1 0 5.8 
2003 7 21 17.2 23.3 29.4 -1 15 9.3 
2003 7 22 16.6 20.5 26.6 -1 10 6.2 
2003 7 23 16.6 20.5 25.5 -1 3 6.2 
2003 7 24 13.8 20.5 26.6 -1 0 3.5 
2003 7 25 13.8 21.6 27.7 -1 0 4.0 
2003 7 26 14.4 23.8 28.8 -1 0 6.7 
2003 7 27 18.3 24.4 31.1 -1 5 7.1 
2003 7 28 19.4 21.6 31.1 -1 8 3.1 
2003 7 29 17.2 21.6 27.2 -1 0 3.5 
2003 7 30 16.6 22.7 27.2 -1 0 3.1 
2003 7 31 18.8 23.8 28.8 -1 0 3.1 
2003 8 1 17.2 24.4 31.1 -1 0 6.2 
2003 8 2 17.2 23.8 30.5 -1 3 5.8 
2003 8 3 18.8 22.7 26.6 -1 3 5.3 
2003 8 4 16.6 21.6 26.6 -1 23 4.0 
2003 8 5 17.2 21.6 27.2 -1 3 3.5 
2003 8 6 17.2 22.2 28.3 -1 0 4.9 
2003 8 7 17.7 23.8 28.8 -1 0 4.9 
2003 8 8 17.7 22.7 26.6 -1 0 3.5 
2003 8 9 18.3 21.6 27.7 -1 0 4.9 
2003 8 10 17.2 21.1 25.0 -1 0 3.5 
2003 8 11 17.2 22.7 28.3 -1 0 5.3 
2003 8 12 17.2 22.2 27.2 -1 3 4.9 
2003 8 13 17.2 23.3 29.4 -1 3 4.9 
2003 8 14 18.8 26.6 31.6 -1 0 3.5 
2003 8 15 21.6 26.6 31.6 -1 0 3.5 
2003 8 16 21.1 26.1 32.2 -1 0 5.3 
2003 8 17 20.5 24.4 31.6 -1 20 6.2 
2003 8 18 17.2 22.7 27.2 -1 0 4.9 
2003 8 19 15.5 22.7 28.3 -1 0 3.5 
2003 8 20 15.5 23.8 29.4 -1 0 3.5 
2003 8 21 20.0 25.5 32.2 -1 0 5.3 
2003 8 22 22.7 26.6 31.6 -1 0 6.2 
2003 8 23 17.7 23.8 31.6 -1 0 5.3 
2003 8 24 17.2 22.7 28.3 -1 0 4.9 
2003 8 25 17.2 23.8 31.1 -1 0 4.9 
2003 8 26 17.2 26.6 33.3 -1 0 6.7 
2003 8 27 21.1 26.1 33.8 -1 5 6.2 
2003 8 28 20.5 26.1 33.8 -1 0 5.8 
2003 8 29 20.5 25.0 32.2 -1 0 5.3 
2003 8 30 20.5 22.2 27.7 -1 15 4.9 
2003 8 31 17.2 19.4 25.5 -1 23 5.3 
2003 9 1 17.2 20.5 26.1 -1 117 6.2 
2003 9 2 17.7 20.0 21.6 -1 94 3.5 
2003 9 3 17.2 20.0 24.4 -1 0 2.6 
2003 9 4 15.5 19.4 24.4 -1 0 6.2 
2003 9 5 10.5 16.6 23.8 -1 0 5.8 
2003 9 6 10.5 18.3 25.0 -1 0 3.1 
2003 9 7 12.2 20.0 26.6 -1 0 3.1 
2003 9 8 13.3 21.1 26.6 -1 0 3.5 
2003 9 9 16.1 22.7 27.7 -1 0 3.1 
2003 9 10 17.7 23.3 28.3 -1 0 3.1 
2003 9 11 17.7 22.2 28.3 -1 0 4.0 
2003 9 12 15.0 20.5 27.2 -1 0 4.0 
2003 9 13 17.7 22.7 27.7 -1 0 5.3 
2003 9 14 17.2 22.2 28.3 -1 0 6.7 
2003 9 15 12.7 18.8 26.1 -1 0 5.8 
2003 9 16 12.2 18.8 27.2 -1 0 3.5 
2003 9 17 13.8 20.5 26.6 -1 0 6.7 
2003 9 18 14.4 20.5 27.2 -1 0 3.1 
2003 9 19 12.7 17.7 27.2 -1 0 8.0 
2003 9 20 7.2 13.8 22.2 -1 0 3.1 
2003 9 21 7.2 17.7 25.0 -1 0 5.3 
2003 9 22 10.5 19.4 25.0 -1 33 7.1 
2003 9 23 10.5 15.5 23.3 -1 3 6.7 
2003 9 24 11.1 17.7 27.2 -1 0 8.4 
2003 9 25 10.0 16.1 26.6 -1 8 6.2 
2003 9 26 7.7 12.2 16.6 -1 8 4.9 
2003 9 27 8.3 15.5 20.5 -1 33 8.0 
2003 9 28 7.2 10.5 13.3 -1 0 6.2 
2003 9 29 4.4 9.4 15.0 -1 3 6.7 
2003 9 30 2.7 8.3 15.0 -1 0 4.9 
2003 10 1 1.1 8.3 13.8 -1 0 7.1 
2003 10 2 0.0 6.6 15.0 -1 0 5.3 
2003 10 3 0.0 7.2 13.3 -1 0 8.4 
2003 10 4 1.1 11.6 16.1 -1 5 7.1 
2003 10 5 7.7 12.7 20.5 -1 0 2.6 
2003 10 6 7.2 13.8 21.1 -1 0 4.0 
2003 10 7 7.2 15.5 24.4 -1 0 2.6 
2003 10 8 8.3 18.3 25.5 -1 0 3.5 
2003 10 9 12.2 17.7 25.5 -1 0 2.6 
2003 10 10 16.6 19.4 23.8 -1 0 3.5 
2003 10 11 13.8 19.4 25.0 -1 0 3.1 
2003 10 12 13.3 17.7 25.0 -1 0 5.3 
2003 10 13 6.6 15.0 21.6 -1 0 3.5 
2003 10 14 5.5 13.3 22.2 -1 33 11.1 
2003 10 15 5.0 11.1 17.2 -1 10 6.7 
2003 10 16 3.8 12.2 18.3 -1 0 5.8 
2003 10 17 6.6 11.1 18.3 -1 0 4.9 
2003 10 18 2.2 10.0 18.3 -1 0 7.1 
2003 10 19 2.2 13.3 22.2 -1 0 3.1 
2003 10 20 6.6 16.6 26.1 -1 0 6.7 
2003 10 21 9.4 17.2 26.1 -1 0 8.4 
2003 10 22 6.1 11.1 15.0 -1 0 5.3 
2003 10 23 6.1 10.0 14.4 -1 0 4.0 
2003 10 24 2.7 8.8 16.1 -1 0 5.8 
2003 10 25 2.7 12.2 15.5 -1 13 5.3 
2003 10 26 6.1 9.4 11.1 -1 18 6.7 
2003 10 27 0.5 4.4 11.1 -1 0 3.5 
2003 10 28 0.5 6.6 10.0 -1 3 5.8 
2003 10 29 1.6 6.6 11.1 -1 0 6.7 
2003 10 30 6.1 12.2 23.3 -1 0 17.8 
2003 10 31 17.7 20.5 22.2 -1 0 9.8 
2003 11 1 10.0 13.8 22.7 -1 8 4.0 
2003 11 2 10.0 17.7 24.4 -1 0 6.2 
2003 11 3 12.7 18.8 24.4 -1 0 5.8 
2003 11 4 12.2 18.8 25.0 -1 0 8.0 
2003 11 5 7.2 13.8 20.0 -1 0 8.4 
2003 11 6 5.5 6.6 8.3 -1 3 4.9 
2003 11 7 -1.1 2.7 8.3 -1 0 3.5 
2003 11 8 -1.6 1.1 6.1 -1 0 5.8 
2003 11 9 -3.8 1.1 7.2 -1 0 4.0 
2003 11 10 -3.8 5.5 14.4 -1 0 3.5 
2003 11 11 12.2 13.8 14.4 -1 0 8.9 
2003 11 12 12.2 16.6 20.5 -1 8 12.5 
2003 11 13 0.0 3.8 12.7 -1 0 15.6 
2003 11 14 -3.8 1.1 7.2 -1 0 5.8 
2003 11 15 -3.8 3.8 7.7 -1 3 4.9 
2003 11 16 2.2 8.3 12.2 -1 0 4.0 
2003 11 17 3.8 8.8 13.8 -1 0 4.9 
2003 11 18 12.2 15.0 17.2 -1 3 8.0 
2003 11 19 7.2 12.2 16.1 -1 20 6.7 
2003 11 20 2.7 9.4 17.7 -1 0 6.2 
2003 11 21 2.7 12.7 18.3 -1 0 5.3 
2003 11 22 7.7 13.3 20.0 -1 0 5.8 
2003 11 23 8.3 16.6 20.0 -1 0 8.0 
2003 11 24 -2.7 2.2 138.8 -1 28 11.1 
2003 11 25 -4.4 -1.1 6.6 -1 0 6.7 
2003 11 26 -4.4 3.8 9.4 -1 0 4.0 
2003 11 27 1.1 7.7 10.0 -1 10 4.0 
2003 11 28 -1.1 2.7 10.0 -1 10 8.9 
2003 11 29 -2.7 -1.1 2.2 -1 0 9.8 
2003 11 30 1.6 5.0 12.2 -1 0 8.9 
2003 12 1 0.0 5.0 11.6 -1 0 8.9 
2003 12 2 -5.0 -0.5 7.7 -1 0 4.9 
2003 12 3 1.1 2.2 3.8 -1 0 6.7 
2003 12 4 0.5 2.2 4.4 -1 3 5.3 
2003 12 5 0.5 2.2 3.3 -1 8 5.8 
2003 12 6 -2.7 1.6 5.0 -1 5 8.0 
2003 12 7 -2.7 1.6 5.0 -1 0 3.1 
2003 12 8 0.0 3.3 7.7 -1 0 5.3 
2003 12 9 7.2 8.8 12.2 -1 0 5.3 
2003 12 10 5.0 9.4 11.6 -1 8 6.7 
2003 12 11 -3.8 -0.5 11.1 -1 3 8.4 
2003 12 12 -8.3 -5.5 1.1 -1 0 3.5 
2003 12 13 -8.3 -3.3 0.5 -1 0 6.7 
2003 12 14 -5.0 -2.2 -0.5 30 0 5.3 
2003 12 15 -3.3 -2.2 1.1 -1 0 7.1 
2003 12 16 -3.3 3.3 8.3 -1 5 9.8 
2003 12 17 -5.0 -2.7 -0.5 -1 0 9.3 
2003 12 18 -5.5 -2.2 -0.5 -1 0 4.9 
2003 12 19 -3.3 -2.7 -0.5 -1 0 7.1 
2003 12 20 -11.1 -5.5 -1.1 -1 0 5.8 
2003 12 21 -11.1 0.0 9.4 -1 0 6.7 
2003 12 22 6.1 7.2 8.3 -1 0 7.1 
2003 12 23 0.5 5.0 10.0 -1 33 5.8 
2003 12 24 -2.7 -0.5 1.1 -1 8 6.7 
2003 12 25 -7.7 -3.3 2.2 -1 0 6.2 
2003 12 26 -6.1 -0.5 6.1 -1 0 3.1 
2003 12 27 -3.3 1.6 8.8 -1 0 5.3 
2003 12 28 2.2 7.7 16.1 -1 0 9.3 
2003 12 29 1.1 8.8 16.1 -1 3 4.0 
2003 12 30 -2.7 2.2 7.2 -1 8 9.8 
2003 12 31 1.6 4.4 10.0 -1 0 6.7 
