2003 1 1 22.7 24.4 26.6 -1 0 9.8 
2003 1 2 21.6 23.3 26.6 -1 -1 3.5 
2003 1 3 18.8 21.6 22.7 -1 10 6.7 
2003 1 4 13.8 16.6 17.7 -1 0 6.7 
2003 1 5 11.1 15.5 18.8 -1 0 4.0 
2003 1 6 11.1 17.7 20.0 -1 0 6.2 
2003 1 7 13.8 16.1 17.7 -1 0 8.0 
2003 1 8 13.8 16.6 18.8 -1 0 5.3 
2003 1 9 11.1 17.2 22.2 -1 0 3.5 
2003 1 10 13.8 18.3 25.0 -1 0 4.0 
2003 1 11 16.1 20.5 26.1 -1 0 3.5 
2003 1 12 16.1 18.8 26.1 -1 0 5.8 
2003 1 13 16.6 20.0 24.4 -1 -1 4.0 
2003 1 14 17.2 18.8 21.1 -1 0 5.8 
2003 1 15 15.5 17.2 20.5 -1 0 6.7 
2003 1 16 16.1 18.8 23.8 -1 0 4.9 
2003 1 17 15.5 18.3 23.8 -1 0 8.0 
2003 1 18 11.1 12.7 16.1 -1 0 7.1 
2003 1 19 12.2 13.8 17.2 -1 0 6.2 
2003 1 20 11.6 14.4 17.2 -1 0 4.0 
2003 1 21 10.5 15.5 21.1 -1 0 3.5 
2003 1 22 13.8 17.7 22.7 -1 0 3.5 
2003 1 23 12.7 17.2 25.0 -1 -1 8.9 
2003 1 24 7.2 11.6 16.1 -1 0 8.9 
2003 1 25 11.1 13.8 18.8 -1 0 6.7 
2003 1 26 13.8 16.6 20.0 -1 0 6.2 
2003 1 27 13.8 16.1 16.6 -1 0 7.1 
2003 1 28 12.7 15.0 18.8 -1 0 5.3 
2003 1 29 16.1 18.3 23.3 -1 0 5.3 
2003 1 30 17.2 19.4 24.4 -1 0 6.2 
2003 1 31 17.2 20.0 24.4 -1 0 3.5 
2003 2 1 16.1 18.3 22.2 -1 0 4.0 
2003 2 2 13.8 16.6 21.6 -1 0 3.5 
2003 2 3 12.2 18.3 25.0 -1 0 3.5 
2003 2 4 14.4 21.1 25.0 -1 0 4.9 
2003 2 5 17.7 22.2 26.1 -1 0 4.9 
2003 2 6 20.0 22.7 27.2 -1 0 3.5 
2003 2 7 21.1 23.3 27.2 -1 0 3.5 
2003 2 8 20.0 21.6 26.6 -1 0 4.9 
2003 2 9 21.1 23.3 27.2 -1 0 5.3 
2003 2 10 22.2 24.4 28.3 -1 0 3.5 
2003 2 11 18.8 21.6 22.7 -1 0 5.8 
2003 2 12 17.2 19.4 22.2 -1 0 6.2 
2003 2 13 17.2 19.4 23.3 -1 0 6.7 
2003 2 14 17.7 20.5 25.0 -1 0 6.7 
2003 2 15 21.1 23.3 27.2 -1 0 6.2 
2003 2 16 22.7 23.8 27.7 -1 0 6.7 
2003 2 17 20.0 22.7 27.7 -1 -1 3.5 
2003 2 18 17.7 19.4 25.0 -1 0 5.3 
2003 2 19 17.7 21.1 26.6 -1 0 5.8 
2003 2 20 22.2 24.4 28.3 -1 0 5.3 
2003 2 21 22.7 24.4 27.7 -1 0 4.9 
2003 2 22 22.2 24.4 27.7 -1 0 6.2 
2003 2 23 18.8 21.1 27.2 -1 8 6.7 
2003 2 24 18.8 21.6 26.1 -1 0 5.8 
2003 2 25 22.2 24.4 28.3 -1 0 5.3 
2003 2 26 20.0 22.7 27.7 -1 0 3.5 
2003 2 27 20.0 23.8 27.2 -1 0 3.5 
2003 2 28 22.2 25.0 28.3 -1 0 3.1 
2003 3 1 23.8 25.5 27.7 -1 0 4.9 
2003 3 2 22.7 25.0 27.7 -1 0 4.0 
2003 3 3 22.7 25.5 28.3 -1 0 4.9 
2003 3 4 23.8 26.1 28.8 -1 0 4.9 
2003 3 5 23.8 25.5 28.8 -1 0 6.2 
2003 3 6 23.8 26.1 29.4 -1 0 5.3 
2003 3 7 25.0 26.6 28.8 -1 0 4.0 
2003 3 8 22.7 26.1 28.8 -1 0 3.5 
2003 3 9 23.3 26.1 29.4 -1 0 4.9 
2003 3 10 22.2 25.5 29.4 -1 0 4.9 
2003 3 11 22.2 25.5 29.4 -1 0 3.5 
2003 3 12 21.1 24.4 28.3 -1 0 3.1 
2003 3 13 23.8 26.1 28.8 -1 0 3.5 
2003 3 14 22.7 25.5 28.8 -1 -1 4.9 
2003 3 15 23.3 26.1 30.0 -1 -1 4.0 
2003 3 16 22.2 26.1 28.3 -1 0 4.0 
2003 3 17 21.1 26.1 28.8 -1 10 8.0 
2003 3 18 22.2 26.1 30.0 -1 0 6.2 
2003 3 19 22.7 27.2 30.0 -1 0 6.2 
2003 3 20 25.5 27.2 30.0 -1 0 6.2 
2003 3 21 26.1 27.2 28.8 -1 0 6.2 
2003 3 22 25.5 27.2 29.4 -1 0 4.0 
2003 3 23 23.8 26.1 28.8 -1 -1 4.0 
2003 3 24 21.1 25.0 26.1 -1 10 7.1 
2003 3 25 20.5 23.3 26.1 -1 0 5.8 
2003 3 26 22.2 24.4 28.3 -1 0 4.9 
2003 3 27 22.2 25.0 28.3 -1 -1 12.9 
2003 3 28 21.1 23.8 28.3 -1 5 8.0 
2003 3 29 18.8 23.8 27.7 -1 0 3.5 
2003 3 30 21.1 23.8 28.8 -1 -1 10.2 
2003 3 31 16.1 17.7 21.1 -1 3 11.1 
2003 4 1 13.8 17.2 21.6 -1 0 8.4 
2003 4 2 18.8 20.5 25.0 -1 0 6.2 
2003 4 3 21.1 22.7 26.1 -1 0 6.7 
2003 4 4 22.7 25.0 26.6 -1 0 6.7 
2003 4 5 21.1 24.4 28.3 -1 -1 4.0 
2003 4 6 22.7 25.0 28.8 -1 0 6.2 
2003 4 7 23.8 25.5 28.8 -1 0 6.7 
2003 4 8 23.8 26.6 28.8 -1 0 6.7 
2003 4 9 23.8 25.5 27.7 -1 0 6.2 
2003 4 10 20.5 22.7 28.3 -1 0 8.4 
2003 4 11 18.8 21.1 25.0 -1 0 6.2 
2003 4 12 18.8 21.1 25.0 -1 0 3.5 
2003 4 13 20.0 22.2 25.0 -1 0 3.5 
2003 4 14 18.8 22.2 26.6 -1 0 5.3 
2003 4 15 22.2 24.4 27.2 -1 0 6.7 
2003 4 16 21.1 24.4 28.3 -1 0 4.0 
2003 4 17 21.1 25.5 28.3 -1 0 4.9 
2003 4 18 22.2 25.5 31.1 -1 0 3.5 
2003 4 19 22.2 25.5 30.0 -1 0 5.3 
2003 4 20 23.8 26.1 27.7 -1 0 6.7 
2003 4 21 22.7 25.0 27.7 -1 0 6.2 
2003 4 22 22.7 25.0 28.3 -1 0 3.5 
2003 4 23 22.2 25.0 29.4 -1 0 4.9 
2003 4 24 20.0 24.4 29.4 -1 0 5.8 
2003 4 25 25.0 26.6 31.1 -1 0 7.1 
2003 4 26 18.8 25.5 31.1 -1 -1 12.5 
2003 4 27 18.8 23.3 26.6 -1 -1 6.2 
2003 4 28 22.7 26.6 30.5 -1 5 6.2 
2003 4 29 22.7 26.1 30.0 -1 0 3.1 
2003 4 30 22.2 26.6 29.4 -1 -1 5.8 
2003 5 1 20.0 25.0 30.0 -1 79 8.0 
2003 5 2 22.7 26.6 30.5 -1 -1 5.3 
2003 5 3 23.8 26.1 31.6 -1 0 5.3 
2003 5 4 24.4 27.2 31.1 -1 0 4.0 
2003 5 5 25.5 27.2 30.0 -1 0 6.2 
2003 5 6 26.1 28.3 31.1 -1 0 6.7 
2003 5 7 26.1 27.7 30.0 -1 0 6.7 
2003 5 8 26.1 27.7 30.0 -1 0 6.7 
2003 5 9 27.2 28.3 31.1 -1 0 6.7 
2003 5 10 26.1 27.7 30.5 -1 0 6.2 
2003 5 11 26.1 27.7 31.1 -1 0 4.9 
2003 5 12 26.1 28.8 33.3 -1 0 4.9 
2003 5 13 25.5 28.8 33.3 -1 0 3.5 
2003 5 14 25.5 28.3 33.3 -1 -1 3.5 
2003 5 15 27.2 28.8 32.2 -1 0 4.0 
2003 5 16 26.6 28.3 31.6 -1 0 4.9 
2003 5 17 26.1 28.3 31.1 -1 0 5.3 
2003 5 18 26.1 28.3 30.5 -1 0 4.9 
2003 5 19 22.7 27.7 31.6 -1 0 5.3 
2003 5 20 22.2 27.7 32.2 -1 -1 8.4 
2003 5 21 21.6 26.6 31.1 -1 20 6.2 
2003 5 22 25.0 27.2 31.1 -1 5 4.9 
2003 5 23 26.1 28.3 33.3 -1 -1 5.3 
2003 5 24 22.7 26.6 30.5 -1 0 5.3 
2003 5 25 23.3 28.3 31.6 -1 -1 3.5 
2003 5 26 22.7 28.3 31.6 -1 0 4.0 
2003 5 27 26.1 28.8 32.2 -1 0 6.2 
2003 5 28 26.1 28.3 32.2 -1 0 6.2 
2003 5 29 22.7 26.1 28.8 -1 13 8.0 
2003 5 30 23.8 27.2 31.6 -1 5 4.9 
2003 5 31 23.8 27.7 31.6 -1 0 3.5 
2003 6 1 23.8 28.8 32.2 -1 -1 5.8 
2003 6 2 26.6 28.8 31.6 -1 0 3.5 
2003 6 3 26.1 28.8 31.1 -1 -1 5.3 
2003 6 4 27.7 29.4 32.7 -1 0 6.7 
2003 6 5 27.7 29.4 33.3 -1 0 4.0 
2003 6 6 27.7 28.8 30.5 -1 0 4.0 
2003 6 7 27.7 28.8 31.6 -1 0 4.9 
2003 6 8 25.0 28.8 32.2 -1 0 4.9 
2003 6 9 25.0 29.4 33.3 -1 5 7.1 
2003 6 10 23.8 27.7 31.6 -1 3 8.4 
2003 6 11 26.1 29.4 32.2 -1 0 4.0 
2003 6 12 23.8 28.8 31.6 -1 5 6.2 
2003 6 13 24.4 28.8 31.1 -1 0 5.3 
2003 6 14 27.2 29.4 32.2 -1 0 4.0 
2003 6 15 26.6 28.3 31.6 -1 0 5.3 
2003 6 16 27.2 28.8 30.0 -1 -1 6.2 
2003 6 17 25.0 27.7 31.1 -1 -1 8.9 
2003 6 18 22.7 27.7 30.5 -1 18 7.1 
2003 6 19 27.7 28.8 31.6 -1 0 4.0 
2003 6 20 26.1 30.0 33.3 -1 0 4.0 
2003 6 21 26.1 28.8 33.3 -1 0 4.0 
2003 6 22 23.8 27.7 30.5 -1 3 7.1 
2003 6 23 23.8 27.2 31.1 -1 13 5.8 
2003 6 24 23.8 26.6 31.1 -1 13 4.0 
2003 6 25 22.7 26.1 30.5 -1 18 4.0 
2003 6 26 25.0 27.7 30.5 -1 0 4.9 
2003 6 27 23.8 26.6 27.7 -1 0 6.2 
2003 6 28 22.7 26.6 30.5 -1 5 12.0 
2003 6 29 22.7 29.4 32.2 -1 0 7.1 
2003 6 30 27.7 29.4 31.6 -1 -1 7.1 
2003 7 1 26.6 28.8 31.6 -1 -1 6.2 
2003 7 2 27.2 28.8 32.2 -1 0 4.0 
2003 7 3 26.6 28.3 32.2 -1 0 3.5 
2003 7 4 23.8 28.3 30.0 -1 18 5.8 
2003 7 5 24.4 28.8 31.1 -1 -1 6.7 
2003 7 6 25.0 28.3 31.1 -1 0 9.3 
2003 7 7 25.0 28.3 30.0 -1 5 6.2 
2003 7 8 26.1 28.8 32.2 -1 0 9.8 
2003 7 9 27.2 29.4 32.2 -1 -1 7.1 
2003 7 10 25.0 28.3 30.0 -1 3 6.7 
2003 7 11 27.7 28.8 30.5 -1 0 5.8 
2003 7 12 27.7 28.8 30.5 -1 0 5.3 
2003 7 13 23.3 28.8 31.1 -1 3 8.9 
2003 7 14 23.8 29.4 31.1 -1 0 5.3 
2003 7 15 27.7 29.4 31.6 -1 0 5.3 
2003 7 16 27.2 29.4 32.2 -1 -1 4.9 
2003 7 17 22.7 27.7 31.6 -1 3 5.3 
2003 7 18 27.2 29.4 32.2 -1 3 4.0 
2003 7 19 27.2 30.0 32.2 -1 0 4.0 
2003 7 20 25.0 28.8 32.2 -1 -1 5.3 
2003 7 21 27.2 29.4 33.3 -1 3 3.5 
2003 7 22 27.7 29.4 30.5 -1 0 5.3 
2003 7 23 28.8 30.0 31.6 -1 0 6.7 
2003 7 24 23.8 28.3 31.1 -1 5 7.1 
2003 7 25 27.2 28.8 31.1 -1 -1 5.3 
2003 7 26 27.2 29.4 32.2 -1 -1 5.8 
2003 7 27 27.2 29.4 32.2 -1 0 6.2 
2003 7 28 25.5 28.3 32.2 -1 0 3.5 
2003 7 29 25.5 29.4 32.2 -1 0 3.5 
2003 7 30 27.2 29.4 32.2 -1 -1 3.5 
2003 7 31 27.7 30.0 32.2 -1 -1 3.5 
2003 8 1 26.1 29.4 32.2 -1 3 3.5 
2003 8 2 23.8 28.8 31.6 -1 3 5.8 
2003 8 3 23.8 28.8 31.6 -1 -1 4.0 
2003 8 4 27.7 30.0 32.7 -1 0 4.0 
2003 8 5 25.0 28.8 33.3 -1 10 8.0 
2003 8 6 25.0 28.8 33.3 -1 -1 3.5 
2003 8 7 27.2 29.4 32.2 -1 0 3.5 
2003 8 8 27.2 30.0 33.3 -1 0 4.0 
2003 8 9 27.2 29.4 32.2 -1 0 4.9 
2003 8 10 26.1 29.4 32.2 -1 0 8.4 
2003 8 11 26.1 29.4 32.2 -1 0 3.1 
2003 8 12 27.7 29.4 32.7 -1 0 5.3 
2003 8 13 27.7 30.0 32.7 -1 0 5.8 
2003 8 14 26.6 28.3 32.7 -1 3 6.7 
2003 8 15 26.1 29.4 31.1 -1 13 9.8 
2003 8 16 25.0 28.3 31.1 -1 15 6.7 
2003 8 17 23.8 27.7 31.1 -1 3 8.0 
2003 8 18 27.2 29.4 32.2 -1 0 4.9 
2003 8 19 27.2 29.4 32.2 -1 0 4.9 
2003 8 20 25.0 27.2 28.8 -1 5 5.8 
2003 8 21 25.0 28.3 31.1 -1 8 5.3 
2003 8 22 26.1 28.8 31.1 -1 3 3.5 
2003 8 23 27.2 29.4 32.2 -1 5 5.3 
2003 8 24 27.2 30.0 32.2 -1 0 3.5 
2003 8 25 27.7 29.4 32.7 -1 -1 5.8 
2003 8 26 27.7 30.0 32.7 -1 8 8.0 
2003 8 27 27.7 30.0 31.6 -1 0 7.1 
2003 8 28 26.1 28.8 32.2 -1 5 8.0 
2003 8 29 25.0 29.4 32.2 -1 8 7.1 
2003 8 30 23.8 28.3 31.6 -1 8 8.9 
2003 8 31 24.4 27.7 31.6 -1 3 9.8 
2003 9 1 25.0 28.3 31.1 -1 5 9.3 
2003 9 2 25.0 28.3 31.1 -1 0 6.2 
2003 9 3 26.1 29.4 31.1 -1 0 4.0 
2003 9 4 27.2 28.8 32.2 -1 0 3.1 
2003 9 5 27.7 28.8 31.6 -1 -1 6.2 
2003 9 6 26.6 28.8 31.6 -1 0 8.4 
2003 9 7 27.2 28.8 32.2 -1 3 6.7 
2003 9 8 27.2 30.0 33.3 -1 3 5.3 
2003 9 9 26.6 28.8 32.7 -1 0 4.9 
2003 9 10 27.2 28.8 32.2 -1 3 4.0 
2003 9 11 25.5 27.7 31.6 -1 -1 3.5 
2003 9 12 26.1 28.3 31.1 -1 10 3.5 
2003 9 13 27.2 28.8 32.2 -1 -1 3.1 
2003 9 14 27.2 29.4 32.2 -1 0 5.3 
2003 9 15 25.5 28.8 32.2 -1 3 4.9 
2003 9 16 27.7 28.8 30.5 -1 0 5.3 
2003 9 17 26.1 28.8 31.1 -1 0 3.5 
2003 9 18 26.1 28.3 31.1 -1 0 3.1 
2003 9 19 27.2 29.4 32.2 -1 0 4.0 
2003 9 20 26.1 29.4 31.1 -1 3 5.3 
2003 9 21 25.5 29.4 32.2 -1 0 6.7 
2003 9 22 23.3 29.4 32.2 -1 0 6.7 
2003 9 23 26.6 28.8 31.6 -1 -1 3.1 
2003 9 24 27.2 29.4 32.2 -1 0 5.8 
2003 9 25 22.7 27.7 30.5 -1 3 8.9 
2003 9 26 23.3 28.3 31.1 -1 10 4.0 
2003 9 27 26.1 28.8 31.1 -1 -1 3.5 
2003 9 28 26.1 28.3 31.1 -1 0 5.8 
2003 9 29 23.8 26.6 28.8 -1 23 11.6 
2003 9 30 27.2 28.8 31.1 -1 5 4.0 
2003 10 1 27.2 28.8 31.1 -1 -1 6.2 
2003 10 2 26.1 28.3 31.1 -1 10 5.3 
2003 10 3 26.1 28.3 30.0 -1 0 4.0 
2003 10 4 26.1 28.3 31.1 -1 0 3.5 
2003 10 5 27.2 28.8 31.1 -1 0 5.3 
2003 10 6 27.2 28.8 31.1 -1 0 6.2 
2003 10 7 26.1 28.8 31.1 -1 0 5.8 
2003 10 8 26.1 28.3 31.1 -1 0 5.3 
2003 10 9 25.0 27.7 30.5 -1 0 4.9 
2003 10 10 25.0 27.7 30.0 -1 0 3.1 
2003 10 11 25.0 28.3 31.1 -1 0 3.5 
2003 10 12 25.0 28.3 31.1 -1 0 3.1 
2003 10 13 26.1 29.4 31.1 -1 0 2.6 
2003 10 14 26.1 28.8 31.1 -1 -1 4.9 
2003 10 15 27.2 28.3 31.1 -1 -1 4.9 
2003 10 16 25.5 27.2 30.5 -1 0 6.7 
2003 10 17 25.0 26.6 27.7 -1 0 6.7 
2003 10 18 25.0 27.2 28.8 -1 13 6.7 
2003 10 19 23.8 26.1 28.8 -1 0 4.0 
2003 10 20 23.8 26.6 28.8 -1 0 4.9 
2003 10 21 25.0 27.7 31.1 -1 0 4.0 
2003 10 22 23.8 26.6 28.8 -1 0 4.9 
2003 10 23 25.5 27.2 30.0 -1 0 4.9 
2003 10 24 23.8 26.6 30.0 -1 0 5.3 
2003 10 25 25.5 27.7 30.0 -1 3 6.2 
2003 10 26 26.1 27.7 30.0 -1 0 7.1 
2003 10 27 25.0 27.7 30.0 -1 0 5.3 
2003 10 28 26.1 27.7 28.8 -1 0 5.8 
2003 10 29 25.0 26.6 28.8 -1 0 6.2 
2003 10 30 22.7 25.5 28.8 -1 -1 5.3 
2003 10 31 23.8 26.1 29.4 -1 8 8.0 
2003 11 1 23.8 26.1 28.8 -1 0 5.8 
2003 11 2 22.7 26.1 27.7 -1 0 6.7 
2003 11 3 22.7 25.5 29.4 -1 3 5.3 
2003 11 4 22.7 25.5 28.3 -1 3 7.1 
2003 11 5 25.5 26.6 27.2 -1 3 6.2 
2003 11 6 26.1 26.6 28.3 -1 0 5.3 
2003 11 7 22.7 26.1 27.7 -1 0 4.0 
2003 11 8 25.5 27.7 30.5 -1 -1 5.8 
2003 11 9 26.1 27.2 28.8 -1 -1 4.9 
2003 11 10 25.0 27.2 30.0 -1 0 6.7 
2003 11 12 23.8 25.5 27.2 -1 0 6.7 
2003 11 13 26.1 27.2 28.3 -1 0 5.3 
2003 11 14 22.2 25.0 28.3 -1 0 6.7 
2003 11 15 22.2 24.4 27.2 -1 0 6.7 
2003 11 16 22.7 25.0 27.7 -1 0 7.1 
2003 11 17 22.7 25.0 27.7 -1 3 6.7 
2003 11 18 23.8 26.1 28.8 -1 0 6.7 
2003 11 19 22.7 26.1 27.7 -1 -1 6.7 
2003 11 20 20.0 22.2 27.2 -1 3 7.1 
2003 11 21 21.1 23.3 23.8 -1 0 6.2 
2003 11 22 22.2 23.8 26.1 -1 0 5.8 
2003 11 23 17.7 23.8 27.2 -1 0 5.3 
2003 11 24 22.7 24.4 26.6 -1 -1 6.2 
2003 11 25 21.1 24.4 27.2 -1 0 5.3 
2003 11 26 21.1 25.0 28.3 -1 0 5.3 
2003 12 1 20.0 22.2 23.8 -1 0 5.8 
2003 12 2 18.3 21.6 23.3 -1 0 6.7 
2003 12 3 18.8 22.2 25.0 -1 0 6.7 
2003 12 4 21.1 23.3 26.1 -1 0 6.7 
2003 12 5 22.2 23.8 27.2 -1 -1 5.3 
2003 12 6 17.2 20.0 26.1 -1 3 8.4 
2003 12 7 13.8 16.1 18.3 -1 0 8.0 
2003 12 8 16.1 18.8 22.2 -1 0 5.8 
2003 12 9 18.8 21.6 23.8 -1 -1 6.7 
2003 12 10 22.2 23.8 27.2 -1 3 6.7 
2003 12 11 17.7 21.1 22.7 -1 0 6.7 
2003 12 12 17.2 18.8 21.1 -1 0 4.0 
2003 12 13 17.7 22.2 26.6 -1 0 5.3 
2003 12 14 22.2 24.4 26.1 -1 0 6.7 
2003 12 15 17.2 18.3 21.1 -1 5 6.2 
2003 12 16 21.1 25.0 27.2 -1 0 4.9 
2003 12 17 17.7 21.1 23.8 -1 10 8.9 
2003 12 18 12.7 16.1 17.7 -1 0 6.7 
2003 12 19 12.2 17.7 21.1 -1 0 6.7 
2003 12 20 12.2 16.1 17.2 -1 0 6.2 
2003 12 21 12.2 16.1 18.3 -1 0 6.7 
2003 12 22 15.5 18.8 21.1 -1 0 6.2 
2003 12 23 17.2 20.0 23.3 -1 -1 3.5 
2003 12 24 18.8 22.2 26.1 -1 0 2.6 
2003 12 29 18.8 22.7 26.1 -1 0 5.8 
2003 12 30 20.5 24.4 26.6 -1 0 6.2 
2003 12 31 21.6 23.8 26.1 -1 0 5.3 
