2003 1 1 3.8 6.1 9.4 -1 5 6.2 
2003 1 2 2.7 5.0 7.7 -1 0 6.7 
2003 1 3 -2.7 1.6 8.3 -1 0 4.0 
2003 1 4 -2.2 5.0 16.6 -1 0 6.7 
2003 1 5 3.3 9.4 15.0 -1 0 3.5 
2003 1 6 3.3 5.5 10.0 -1 0 5.8 
2003 1 7 -3.8 2.2 10.0 -1 0 4.9 
2003 1 8 1.6 9.4 19.4 -1 0 4.9 
2003 1 9 10.0 12.7 18.8 -1 0 5.8 
2003 1 10 -1.1 6.1 14.4 -1 0 6.7 
2003 1 11 -4.4 0.0 5.0 -1 0 3.5 
2003 1 12 -2.7 0.0 3.3 -1 0 3.1 
2003 1 13 -2.2 1.1 8.8 -1 0 3.5 
2003 1 14 0.0 4.4 10.0 -1 0 4.0 
2003 1 15 -3.8 1.1 7.7 -1 0 4.0 
2003 1 16 -1.1 1.1 2.7 -1 -1 9.8 
2003 1 17 -6.1 -2.2 1.6 -1 0 9.3 
2003 1 18 -10.5 -2.2 7.7 -1 0 6.7 
2003 1 19 -6.6 2.2 15.5 -1 0 7.1 
2003 1 20 6.1 11.6 17.2 -1 0 8.0 
2003 1 21 2.2 6.6 14.4 -1 0 6.7 
2003 1 22 -3.8 1.1 5.5 -1 0 7.1 
2003 1 23 -10.0 -5.0 2.2 -1 0 6.7 
2003 1 24 -12.2 -7.7 -2.7 -1 0 4.0 
2003 1 25 -4.4 -1.6 3.8 -1 0 3.1 
2003 1 26 -3.3 1.6 8.3 -1 0 4.9 
2003 1 27 -7.2 -1.6 5.0 -1 0 5.3 
2003 1 28 -2.7 7.2 12.7 -1 -1 5.8 
2003 1 29 6.1 12.2 16.1 -1 3 6.7 
2003 1 30 0.0 2.7 6.1 -1 3 5.3 
2003 1 31 -1.1 4.4 13.3 -1 0 7.1 
2003 2 1 0.0 8.3 18.8 -1 0 4.9 
2003 2 2 8.8 11.6 15.0 -1 0 6.7 
2003 2 3 11.1 16.6 22.2 -1 0 9.8 
2003 2 4 0.5 5.5 11.1 -1 0 9.3 
2003 2 5 -3.3 2.2 7.2 -1 0 4.0 
2003 2 6 0.0 1.6 5.0 -1 5 6.2 
2003 2 7 -3.8 0.0 2.2 -1 -1 5.8 
2003 2 8 -7.2 -2.2 3.8 -1 0 3.5 
2003 2 9 0.0 1.6 2.7 -1 3 3.5 
2003 2 10 0.5 3.8 12.2 -1 -1 5.8 
2003 2 11 -2.7 5.5 17.2 -1 0 3.5 
2003 2 12 0.0 8.3 14.4 -1 0 3.5 
2003 2 13 0.0 6.1 10.5 -1 0 3.1 
2003 2 14 7.2 12.7 18.3 -1 38 5.3 
2003 2 15 12.7 16.6 18.8 -1 8 6.7 
2003 2 16 0.0 4.4 13.3 -1 20 6.7 
2003 2 17 -2.2 1.1 7.7 -1 0 4.9 
2003 2 18 -1.1 5.0 13.8 -1 0 5.3 
2003 2 19 6.6 10.0 12.7 -1 3 5.8 
2003 2 20 3.8 5.5 6.6 -1 3 5.3 
2003 2 21 3.8 5.5 7.7 -1 10 4.0 
2003 2 22 7.2 8.3 9.4 -1 28 9.8 
2003 2 23 -0.5 3.3 7.7 -1 8 6.7 
2003 2 24 -1.1 2.2 6.6 -1 3 7.1 
2003 2 25 -6.1 -3.3 1.1 79 23 6.2 
2003 2 26 -3.8 -2.7 -1.1 51 8 4.9 
2003 2 27 -2.2 -0.5 1.6 30 3 4.9 
2003 2 28 1.1 3.8 5.5 30 0 3.1 
2003 3 2 2.7 6.1 10.5 -1 0 4.0 
2003 3 3 -1.1 5.0 11.6 -1 0 4.9 
2003 3 4 1.1 6.6 13.8 -1 0 4.9 
2003 3 5 8.8 12.2 15.0 -1 -1 6.2 
2003 3 6 1.6 5.5 10.0 -1 0 5.8 
2003 3 7 -2.2 5.5 15.5 -1 0 4.0 
2003 3 8 3.8 11.6 21.1 -1 0 6.2 
2003 3 9 3.8 10.5 18.3 -1 0 5.8 
2003 3 10 -1.1 3.3 8.3 -1 0 5.8 
2003 3 11 -1.1 6.6 16.1 -1 0 3.5 
2003 3 12 6.1 14.4 27.2 -1 0 3.5 
2003 3 13 13.8 18.3 23.3 -1 0 7.1 
2003 3 14 7.7 11.6 18.3 -1 10 6.7 
2003 3 15 7.7 10.5 16.6 -1 0 3.1 
2003 3 16 5.5 13.8 20.0 -1 -1 4.0 
2003 3 17 10.0 15.5 21.6 -1 0 3.5 
2003 3 18 12.2 15.0 16.1 -1 0 4.9 
2003 3 19 11.1 16.6 23.3 -1 25 8.0 
2003 3 20 9.4 13.3 21.1 -1 3 9.8 
2003 3 21 8.8 11.6 16.1 -1 0 4.9 
2003 3 22 6.1 12.7 18.8 -1 0 3.5 
2003 3 23 6.6 15.0 23.8 -1 0 5.3 
2003 3 24 7.7 17.7 26.1 -1 0 7.1 
2003 3 25 11.1 17.2 23.8 -1 0 5.3 
2003 3 26 7.7 13.3 18.8 -1 23 8.4 
2003 3 27 6.1 13.8 26.1 -1 0 8.0 
2003 3 28 8.8 14.4 21.1 -1 0 6.7 
2003 3 29 5.0 8.8 12.7 -1 0 6.7 
2003 3 30 1.6 7.2 13.3 -1 0 6.7 
2003 3 31 1.1 10.5 23.8 -1 0 7.1 
2003 4 1 12.2 17.7 25.0 -1 0 8.9 
2003 4 2 12.7 20.0 26.1 -1 0 8.4 
2003 4 3 14.4 19.4 24.4 -1 0 9.3 
2003 4 4 17.2 21.1 26.1 -1 -1 6.7 
2003 4 5 6.1 15.0 24.4 -1 3 5.8 
2003 4 6 6.6 10.0 16.1 -1 8 7.1 
2003 4 7 6.6 11.1 19.4 -1 0 4.0 
2003 4 8 7.2 11.6 17.2 -1 0 8.4 
2003 4 9 2.7 5.5 8.8 -1 0 6.7 
2003 4 10 2.7 10.5 21.6 -1 0 4.9 
2003 4 11 5.0 14.4 26.1 -1 0 3.1 
2003 4 12 7.2 17.7 28.8 -1 0 3.5 
2003 4 13 8.8 20.0 30.0 -1 0 3.5 
2003 4 14 10.0 21.1 29.4 -1 0 5.8 
2003 4 15 12.2 21.1 29.4 -1 0 8.9 
2003 4 16 17.7 21.6 26.6 -1 0 9.3 
2003 4 17 13.8 20.5 26.6 -1 0 6.7 
2003 4 18 10.5 20.0 30.0 -1 0 5.3 
2003 4 19 17.7 20.0 26.6 -1 3 5.3 
2003 4 20 18.8 21.1 24.4 -1 8 7.1 
2003 4 21 8.8 16.6 23.8 -1 0 7.1 
2003 4 22 8.3 16.6 23.3 -1 0 4.9 
2003 4 23 12.2 17.2 23.3 -1 0 6.7 
2003 4 24 12.7 19.4 27.7 -1 30 6.7 
2003 4 25 13.8 18.8 22.7 -1 0 8.0 
2003 4 26 12.2 16.1 21.1 -1 0 6.2 
2003 4 27 10.0 17.2 25.0 -1 0 4.9 
2003 4 28 12.7 21.1 30.5 -1 0 5.8 
2003 4 29 17.7 23.3 30.5 -1 0 3.5 
2003 4 30 16.6 22.7 28.8 -1 0 6.7 
2003 5 1 17.7 21.1 26.6 -1 0 8.0 
2003 5 2 18.8 23.3 27.7 -1 -1 5.3 
2003 5 3 16.1 20.0 23.8 -1 18 9.3 
2003 5 4 18.8 21.6 25.0 -1 -1 5.3 
2003 5 5 18.8 25.0 28.8 -1 3 11.1 
2003 5 6 18.8 23.3 30.0 -1 0 5.3 
2003 5 7 18.8 24.4 27.7 -1 -1 5.3 
2003 5 8 22.7 26.1 31.6 -1 0 6.7 
2003 5 9 22.7 27.2 31.6 -1 0 6.7 
2003 5 10 22.7 27.2 30.0 -1 0 8.0 
2003 5 11 15.0 21.6 27.7 -1 10 6.2 
2003 5 12 11.6 19.4 26.1 -1 0 3.5 
2003 5 13 12.7 19.4 26.1 -1 -1 11.6 
2003 5 14 16.1 18.8 23.3 -1 10 6.2 
2003 5 15 16.1 22.7 28.8 -1 0 3.5 
2003 5 16 21.1 24.4 28.3 -1 5 8.0 
2003 5 17 17.7 20.0 26.1 -1 33 12.5 
2003 5 18 18.8 21.1 26.1 -1 0 4.0 
2003 5 19 17.7 22.7 28.3 -1 0 4.0 
2003 5 20 16.1 21.6 27.2 -1 0 6.7 
2003 5 21 15.0 18.3 22.7 -1 3 5.3 
2003 5 22 12.2 18.3 24.4 -1 0 5.3 
2003 5 23 12.2 19.4 26.1 -1 0 3.1 
2003 5 24 13.8 20.0 26.1 -1 0 3.5 
2003 5 25 17.7 21.6 26.6 -1 10 5.8 
2003 5 26 12.7 18.8 25.0 -1 0 4.0 
2003 5 27 12.7 20.5 27.2 -1 0 4.0 
2003 5 28 13.3 21.6 29.4 -1 0 5.3 
2003 5 29 17.2 24.4 31.1 -1 0 5.3 
2003 5 30 17.2 25.0 36.1 -1 0 6.7 
2003 5 31 21.6 26.6 32.2 -1 0 7.1 
2003 6 1 16.6 21.1 26.6 -1 0 6.2 
2003 6 2 17.7 20.5 23.8 -1 8 7.1 
2003 6 3 15.5 21.1 27.2 -1 0 3.5 
2003 6 4 13.8 18.8 25.5 -1 0 4.0 
2003 6 5 16.6 20.0 23.3 -1 5 2.6 
2003 6 6 17.7 20.5 22.7 -1 5 2.6 
2003 6 7 18.8 23.3 28.8 -1 5 2.6 
2003 6 8 17.7 22.7 27.7 -1 0 4.9 
2003 6 9 14.4 22.2 29.4 -1 0 3.5 
2003 6 10 20.0 26.1 32.2 -1 0 8.4 
2003 6 11 21.1 25.0 31.1 -1 8 6.7 
2003 6 12 18.8 23.3 27.7 -1 23 5.8 
2003 6 13 18.8 23.8 27.7 -1 0 6.7 
2003 6 14 20.0 23.8 27.2 -1 0 3.1 
2003 6 15 20.0 23.8 28.8 -1 3 3.1 
2003 6 16 21.6 23.8 28.3 -1 8 6.2 
2003 6 17 20.5 22.2 25.0 -1 43 4.0 
2003 6 18 20.5 23.3 27.2 -1 0 4.9 
2003 6 19 20.0 23.8 30.5 -1 18 8.0 
2003 6 20 21.1 25.0 28.3 -1 0 5.3 
2003 6 21 17.2 23.3 28.3 -1 0 4.0 
2003 6 22 17.7 24.4 31.1 -1 0 3.5 
2003 6 23 20.0 25.5 32.2 -1 0 3.5 
2003 6 24 22.7 27.7 33.3 -1 0 4.0 
2003 6 25 22.2 28.3 33.8 -1 0 5.3 
2003 6 26 22.7 25.5 31.6 -1 33 8.0 
2003 6 27 16.6 22.7 28.8 -1 0 4.9 
2003 6 28 17.2 22.7 29.4 -1 0 3.1 
2003 6 29 20.0 27.7 32.7 -1 0 4.0 
2003 6 30 21.6 25.5 31.1 -1 20 14.7 
2003 7 1 22.2 25.5 29.4 -1 3 5.3 
2003 7 2 21.1 26.6 32.2 -1 5 2.6 
2003 7 3 22.7 28.3 33.3 -1 0 3.5 
2003 7 4 22.7 28.8 34.4 -1 0 4.0 
2003 7 5 22.2 26.1 31.1 -1 0 3.1 
2003 7 6 22.7 26.6 32.2 -1 0 4.9 
2003 7 7 23.8 27.7 32.7 -1 0 3.5 
2003 7 8 23.3 28.3 33.3 -1 0 4.0 
2003 7 9 22.7 27.7 31.6 -1 0 4.9 
2003 7 10 22.7 26.1 30.5 -1 3 4.9 
2003 7 11 22.2 27.7 33.3 -1 0 3.1 
2003 7 12 22.7 26.1 30.5 -1 -1 5.8 
2003 7 13 22.7 27.2 32.2 -1 0 3.5 
2003 7 14 22.7 27.2 32.7 -1 0 5.8 
2003 7 15 22.7 28.8 33.3 -1 0 5.3 
2003 7 16 23.8 28.8 33.8 -1 0 4.0 
2003 7 17 25.0 30.0 35.0 -1 0 5.3 
2003 7 18 25.0 30.5 36.1 -1 0 3.5 
2003 7 19 21.6 27.2 33.8 -1 36 12.9 
2003 7 20 22.7 27.2 33.8 -1 5 3.5 
2003 7 21 26.1 29.4 34.4 -1 0 5.8 
2003 7 22 22.7 26.6 31.6 -1 0 9.8 
2003 7 23 21.1 25.5 30.0 -1 0 3.5 
2003 7 24 17.2 23.8 29.4 -1 0 3.5 
2003 7 25 18.3 24.4 30.5 -1 0 3.5 
2003 7 26 21.1 26.6 33.3 -1 0 4.0 
2003 7 27 22.7 28.3 34.4 -1 0 3.5 
2003 7 28 23.8 29.4 35.0 -1 0 5.3 
2003 7 29 23.8 28.3 32.7 -1 0 6.7 
2003 7 30 22.7 25.0 31.6 -1 5 6.7 
2003 7 31 22.7 26.6 32.7 -1 -1 4.9 
2003 8 1 21.6 27.7 34.4 -1 0 4.0 
2003 8 2 23.8 26.6 31.1 -1 0 6.7 
2003 8 3 22.7 26.1 31.6 -1 0 5.8 
2003 8 4 22.2 27.7 34.4 -1 0 6.2 
2003 8 5 26.1 27.7 30.0 -1 0 5.8 
2003 8 6 23.8 27.7 35.0 -1 10 7.1 
2003 8 7 22.7 26.6 32.2 -1 0 3.5 
2003 8 8 22.2 27.2 33.3 -1 0 4.9 
2003 8 9 21.6 26.6 33.3 -1 0 6.7 
2003 8 10 21.1 27.2 32.2 -1 0 3.1 
2003 8 11 22.2 25.5 29.4 -1 -1 6.2 
2003 8 12 19.4 24.4 31.6 -1 0 6.7 
2003 8 13 21.6 23.8 28.3 -1 0 4.9 
2003 8 14 21.1 26.1 32.2 -1 3 3.5 
2003 8 15 21.6 27.7 35.0 -1 0 3.5 
2003 8 16 22.7 28.8 36.1 -1 0 3.1 
2003 8 17 25.0 30.5 36.6 -1 0 3.5 
2003 8 18 24.4 30.5 37.7 -1 0 4.0 
2003 8 19 24.4 30.0 37.7 -1 0 5.3 
2003 8 20 24.4 29.4 36.6 -1 0 4.0 
2003 8 21 23.8 29.4 36.1 -1 0 4.0 
2003 8 22 22.7 29.4 35.5 -1 0 3.5 
2003 8 23 25.0 30.0 36.1 -1 -1 5.8 
2003 8 24 23.8 29.4 36.1 -1 0 4.9 
2003 8 25 23.3 29.4 36.1 -1 0 4.0 
2003 8 26 25.0 28.8 36.6 -1 18 10.2 
2003 8 27 22.7 26.1 33.3 -1 0 4.9 
2003 8 28 22.2 27.2 32.2 -1 -1 6.2 
2003 8 29 22.2 28.3 34.4 -1 0 6.2 
2003 8 30 23.8 27.7 33.8 -1 -1 4.9 
2003 8 31 22.7 26.1 33.3 -1 3 8.4 
2003 9 1 22.7 25.5 30.0 -1 5 6.7 
2003 9 2 23.8 25.0 27.7 -1 5 4.9 
2003 9 3 22.7 24.4 30.0 -1 5 3.5 
2003 9 4 20.0 25.0 31.1 -1 0 4.0 
2003 9 5 16.1 22.2 27.7 -1 0 4.9 
2003 9 6 15.0 21.1 27.7 -1 0 4.9 
2003 9 7 17.2 21.6 29.4 -1 0 2.6 
2003 9 8 17.7 23.3 30.5 -1 0 3.5 
2003 9 9 18.8 24.4 31.6 -1 0 4.9 
2003 9 10 18.8 25.0 33.3 -1 0 4.0 
2003 9 11 21.1 25.0 31.1 -1 10 6.7 
2003 9 12 21.6 22.7 27.2 -1 58 5.3 
2003 9 13 21.6 23.8 28.8 -1 3 5.8 
2003 9 14 18.3 22.2 26.6 -1 0 4.9 
2003 9 15 14.4 21.1 27.2 -1 0 3.1 
2003 9 16 12.7 19.4 26.6 -1 0 3.5 
2003 9 17 13.8 21.1 28.8 -1 0 2.6 
2003 9 18 15.0 22.7 31.1 -1 0 2.6 
2003 9 19 17.2 21.1 24.4 -1 0 4.0 
2003 9 20 15.0 19.4 26.1 -1 0 3.5 
2003 9 21 17.7 19.4 21.6 -1 -1 3.1 
2003 9 22 18.8 22.2 28.8 -1 5 6.2 
2003 9 23 17.2 21.6 27.2 -1 0 2.6 
2003 9 24 17.7 22.7 28.8 -1 0 3.5 
2003 9 25 16.6 22.7 27.7 -1 0 4.0 
2003 9 26 16.1 22.2 31.1 -1 0 5.3 
2003 9 27 19.4 23.3 27.2 -1 0 4.9 
2003 9 28 12.2 18.8 23.8 -1 0 6.7 
2003 9 29 7.2 15.0 22.2 -1 0 3.1 
2003 9 30 10.5 17.2 23.8 -1 0 4.0 
2003 10 1 11.6 15.0 20.0 -1 0 6.2 
2003 10 2 5.5 13.3 21.6 -1 0 4.0 
2003 10 3 8.8 15.0 23.3 -1 0 4.9 
2003 10 4 12.2 18.8 27.2 -1 0 4.9 
2003 10 5 15.0 18.8 23.8 -1 3 3.5 
2003 10 6 14.4 18.3 24.4 -1 3 3.5 
2003 10 7 16.1 20.0 26.1 -1 0 3.1 
2003 10 8 16.1 21.1 27.2 -1 0 3.5 
2003 10 9 17.2 20.0 23.3 -1 13 5.8 
2003 10 10 17.7 20.0 23.3 -1 0 4.0 
2003 10 11 17.2 20.5 23.3 -1 0 3.1 
2003 10 12 16.6 19.4 22.2 -1 0 5.3 
2003 10 13 17.2 20.0 27.2 -1 0 6.7 
2003 10 14 15.5 20.5 23.3 -1 15 9.8 
2003 10 15 8.8 15.5 24.4 -1 0 4.0 
2003 10 16 8.3 16.6 26.1 -1 0 5.8 
2003 10 17 13.8 17.7 21.1 -1 0 6.2 
2003 10 18 7.7 14.4 23.3 -1 0 2.6 
2003 10 19 10.5 17.7 28.3 -1 0 3.1 
2003 10 20 12.7 20.5 30.5 -1 0 4.0 
2003 10 21 14.4 22.7 32.2 -1 0 4.0 
2003 10 22 15.0 22.7 31.1 -1 0 4.0 
2003 10 23 12.7 21.1 32.7 -1 0 5.3 
2003 10 24 15.0 23.3 32.2 -1 0 6.2 
2003 10 25 15.0 21.1 26.6 -1 10 6.7 
2003 10 26 9.4 12.2 16.6 -1 20 6.7 
2003 10 27 4.4 11.6 18.8 -1 0 4.0 
2003 10 28 7.7 12.7 20.0 -1 0 3.1 
2003 10 29 4.4 13.3 25.0 -1 0 4.0 
2003 10 30 15.0 20.0 27.2 -1 0 6.7 
2003 10 31 21.1 22.7 26.1 -1 -1 5.8 
2003 11 1 15.0 21.6 28.3 -1 0 3.5 
2003 11 2 13.8 20.0 27.7 -1 0 5.3 
2003 11 3 12.2 20.0 27.7 -1 0 4.0 
2003 11 4 11.1 19.4 28.3 -1 0 5.8 
2003 11 5 13.8 18.3 22.7 -1 0 4.0 
2003 11 6 10.0 12.2 17.2 -1 25 5.3 
2003 11 7 6.6 7.7 10.0 -1 3 5.8 
2003 11 8 4.4 8.3 14.4 -1 3 6.2 
2003 11 9 7.2 10.0 12.2 -1 0 5.3 
2003 11 10 10.0 12.7 17.2 -1 0 3.5 
2003 11 11 12.2 18.3 24.4 -1 0 5.8 
2003 11 12 20.5 22.7 27.2 -1 0 6.7 
2003 11 13 8.3 12.7 22.7 -1 0 6.7 
2003 11 14 6.6 10.0 14.4 -1 -1 4.0 
2003 11 15 7.7 10.5 12.7 -1 13 3.5 
2003 11 16 11.1 14.4 16.1 -1 15 2.6 
2003 11 17 13.8 18.8 21.1 -1 0 6.2 
2003 11 18 15.5 20.0 23.3 -1 33 7.1 
2003 11 19 8.3 13.8 19.4 -1 8 11.1 
2003 11 20 5.0 13.3 23.3 -1 0 6.2 
2003 11 21 6.1 15.0 23.8 -1 0 6.2 
2003 11 22 12.7 18.8 24.4 -1 0 6.7 
2003 11 23 6.6 17.2 22.2 -1 10 8.9 
2003 11 24 -1.1 2.7 6.6 -1 -1 6.7 
2003 11 25 -2.7 2.7 11.1 -1 0 6.2 
2003 11 26 5.0 9.4 17.7 -1 -1 2.6 
2003 11 27 8.8 15.0 17.7 -1 23 9.8 
2003 11 28 2.7 6.6 10.5 -1 8 9.8 
2003 11 29 -4.4 4.4 13.3 -1 0 6.7 
2003 11 30 -1.1 7.2 17.7 -1 0 5.8 
2003 12 1 3.8 9.4 16.1 -1 0 8.0 
2003 12 2 0.5 5.5 11.1 -1 0 4.0 
2003 12 3 2.7 5.5 6.6 -1 8 3.5 
2003 12 4 6.6 8.3 11.6 -1 0 5.3 
2003 12 5 2.7 5.0 7.7 -1 0 8.0 
2003 12 6 0.5 5.0 11.1 -1 0 6.2 
2003 12 7 -2.2 3.8 12.2 -1 0 4.0 
2003 12 8 3.8 8.8 16.6 -1 0 6.2 
2003 12 9 12.2 15.0 19.4 -1 30 9.8 
2003 12 10 2.2 6.1 13.3 -1 3 8.9 
2003 12 11 -2.2 2.2 7.7 -1 0 6.2 
2003 12 12 -2.7 2.2 7.7 -1 0 4.9 
2003 12 13 1.1 2.7 5.0 -1 0 6.7 
2003 12 14 2.2 4.4 10.0 -1 -1 4.0 
2003 12 15 -1.1 7.2 17.7 -1 0 8.4 
2003 12 16 3.8 8.3 17.2 -1 3 8.4 
2003 12 17 -3.3 3.8 13.3 -1 0 5.8 
2003 12 18 2.7 7.7 12.7 -1 0 7.1 
2003 12 19 0.5 6.1 12.2 -1 0 6.7 
2003 12 20 -2.7 4.4 10.0 -1 0 4.9 
2003 12 21 -2.7 6.1 17.7 -1 0 6.2 
2003 12 22 12.2 14.4 19.4 -1 0 4.9 
2003 12 23 7.7 12.2 17.7 -1 5 8.0 
2003 12 24 -2.7 3.8 8.8 -1 0 3.1 
2003 12 25 -4.4 0.5 8.3 -1 0 3.5 
2003 12 26 -2.2 4.4 12.7 -1 0 4.0 
2003 12 27 1.1 8.8 18.3 -1 0 4.0 
2003 12 28 10.0 13.8 17.2 -1 3 6.2 
2003 12 29 6.1 8.3 11.1 -1 38 6.7 
2003 12 30 -2.7 5.0 13.3 -1 0 5.3 
2003 12 31 0.0 7.2 17.2 -1 0 6.7 
