2003 1 1 7.2 12.7 20.5 -1 0 5.3 
2003 1 2 8.8 15.5 26.1 -1 0 3.5 
2003 1 3 8.8 18.3 26.1 -1 0 3.5 
2003 1 4 11.6 17.7 26.1 -1 0 4.0 
2003 1 5 11.1 17.7 24.4 -1 0 2.6 
2003 1 6 11.1 20.0 25.0 -1 0 8.0 
2003 1 7 15.0 22.7 28.3 -1 0 8.0 
2003 1 8 13.3 17.7 28.3 -1 0 5.3 
2003 1 9 12.2 15.0 17.7 -1 0 4.0 
2003 1 10 10.5 13.8 17.2 -1 0 3.5 
2003 1 11 10.0 13.3 16.1 -1 0 4.0 
2003 1 12 9.4 13.3 16.1 -1 0 4.9 
2003 1 14 8.8 13.3 16.1 -1 0 4.0 
2003 1 15 8.8 14.4 23.3 -1 0 3.5 
2003 1 16 12.2 19.4 27.2 -1 0 4.0 
2003 1 17 11.1 18.8 27.2 -1 0 5.3 
2003 1 18 9.4 16.1 27.2 -1 0 3.5 
2003 1 19 8.8 15.0 18.8 -1 0 5.3 
2003 1 20 9.4 15.0 20.5 -1 0 5.3 
2003 1 21 12.7 15.0 17.7 -1 0 6.7 
2003 1 22 10.5 13.8 17.7 -1 0 6.7 
2003 1 23 10.5 15.0 20.5 -1 0 4.0 
2003 1 24 10.5 16.1 24.4 -1 0 5.8 
2003 1 25 10.5 20.5 26.1 -1 0 5.8 
2003 1 26 11.6 20.5 29.4 -1 0 3.5 
2003 1 27 13.3 20.0 29.4 -1 0 4.0 
2003 1 28 11.1 15.5 24.4 -1 0 4.0 
2003 1 29 11.1 15.0 18.8 -1 0 6.2 
2003 1 30 10.5 16.1 26.1 -1 0 6.2 
2003 1 31 10.5 20.0 32.7 -1 0 4.9 
2003 2 1 12.7 19.4 25.0 -1 0 5.3 
2003 2 2 13.3 16.6 24.4 -1 0 8.0 
2003 2 3 8.3 16.6 22.7 -1 0 4.9 
2003 2 4 8.3 14.4 22.7 -1 0 4.9 
2003 2 5 8.3 13.8 20.0 -1 0 4.9 
2003 2 6 7.2 13.8 20.0 -1 0 4.9 
2003 2 7 7.2 13.3 19.4 -1 0 5.8 
2003 2 8 8.8 14.4 19.4 -1 0 5.8 
2003 2 9 7.7 12.7 18.8 -1 0 5.8 
2003 2 10 7.2 15.0 22.2 -1 0 5.3 
2003 2 11 9.4 14.4 22.2 -1 5 7.1 
2003 2 12 12.7 13.3 16.6 -1 33 8.4 
2003 2 13 12.7 15.0 17.2 -1 10 6.7 
2003 2 14 11.1 15.0 18.3 -1 0 6.2 
2003 2 15 10.5 15.0 17.7 -1 0 6.2 
2003 2 16 13.3 14.4 16.6 -1 0 5.8 
2003 2 17 12.2 15.0 16.1 -1 0 4.9 
2003 2 18 9.4 13.8 18.3 -1 0 4.9 
2003 2 19 9.4 13.3 18.3 -1 0 6.7 
2003 2 20 11.1 15.0 23.8 -1 0 11.6 
2003 2 21 8.8 15.5 23.3 -1 0 6.2 
2003 2 22 9.4 14.4 20.0 -1 0 4.0 
2003 2 23 10.0 14.4 18.3 -1 0 4.9 
2003 2 24 12.2 15.0 17.2 -1 0 5.8 
2003 2 25 10.0 12.7 17.2 -1 15 6.7 
2003 2 26 11.1 13.3 16.1 -1 0 8.4 
2003 2 27 10.5 12.7 16.1 -1 0 8.0 
2003 2 28 8.8 13.3 16.1 -1 5 6.7 
2003 3 2 8.8 13.3 17.7 -1 0 5.8 
2003 3 3 8.8 13.3 17.7 -1 0 5.8 
2003 3 4 8.8 12.2 15.0 -1 5 5.3 
2003 3 5 7.7 12.2 16.6 -1 0 4.9 
2003 3 6 8.8 12.7 16.6 -1 0 4.9 
2003 3 7 8.8 12.7 16.6 -1 0 5.3 
2003 3 8 8.8 13.3 17.2 -1 0 5.3 
2003 3 9 10.0 14.4 17.7 -1 0 5.8 
2003 3 10 8.8 14.4 19.4 -1 0 4.9 
2003 3 11 9.4 15.0 19.4 -1 0 5.3 
2003 3 12 11.1 14.4 18.8 -1 0 5.8 
2003 3 13 12.7 15.0 18.8 -1 0 6.2 
2003 3 14 13.3 15.0 18.3 -1 0 6.7 
2003 3 15 12.7 13.8 15.5 -1 15 6.7 
2003 3 16 12.2 14.4 17.2 -1 0 8.9 
2003 3 17 10.5 13.8 18.3 -1 0 8.9 
2003 3 18 13.8 16.1 18.8 -1 0 11.1 
2003 3 19 8.3 15.5 20.0 -1 0 4.9 
2003 3 20 8.3 13.8 18.8 -1 0 9.3 
2003 3 21 10.0 14.4 18.3 -1 0 4.9 
2003 3 22 10.0 15.5 21.1 -1 0 5.3 
2003 3 23 11.1 13.8 21.1 -1 0 5.8 
2003 3 24 11.1 13.8 16.6 -1 0 4.9 
2003 3 25 10.5 13.8 17.7 -1 0 6.2 
2003 3 26 10.0 16.1 21.1 -1 0 6.7 
2003 3 27 11.1 20.0 26.6 -1 0 11.6 
2003 3 28 12.2 20.0 25.0 -1 0 11.1 
2003 3 29 12.2 18.8 23.3 -1 0 6.7 
2003 3 30 12.2 20.0 31.1 -1 0 6.7 
2003 3 31 12.7 21.1 31.1 -1 0 6.7 
2003 4 1 13.8 16.6 28.3 -1 0 5.8 
2003 4 2 11.6 13.8 19.4 -1 0 10.2 
2003 4 3 8.3 12.7 16.6 -1 0 9.3 
2003 4 4 7.7 12.7 16.1 -1 0 9.3 
2003 4 5 10.0 12.7 17.2 -1 0 9.8 
2003 4 6 8.3 13.8 17.7 -1 0 8.9 
2003 4 7 8.3 14.4 20.0 -1 0 6.7 
2003 4 8 10.0 18.3 28.3 -1 0 6.7 
2003 4 9 12.7 18.3 28.3 -1 0 6.7 
2003 4 10 11.6 15.5 25.0 -1 0 6.7 
2003 4 11 11.6 15.5 20.0 -1 0 6.2 
2003 4 12 12.7 15.0 18.8 -1 0 6.2 
2003 4 13 13.3 15.5 20.0 -1 0 5.8 
2003 4 14 11.1 15.0 18.3 -1 3 8.0 
2003 4 15 8.3 12.2 16.1 -1 10 8.4 
2003 4 16 7.7 12.7 16.6 -1 0 6.7 
2003 4 17 8.3 13.3 17.2 -1 0 7.1 
2003 4 18 9.4 13.8 17.2 -1 0 6.2 
2003 4 19 10.0 13.8 18.3 -1 0 7.1 
2003 4 20 10.0 15.5 22.2 -1 0 6.7 
2003 4 21 11.6 14.4 22.2 -1 0 7.1 
2003 4 22 8.8 12.7 16.1 -1 0 10.2 
2003 4 23 9.4 13.8 17.7 -1 0 8.9 
2003 4 24 9.4 13.3 17.7 -1 0 6.7 
2003 4 25 9.4 15.0 18.3 -1 0 6.7 
2003 4 26 10.5 14.4 18.3 -1 0 6.7 
2003 4 27 10.0 14.4 18.3 -1 0 6.7 
2003 4 28 10.0 14.4 18.3 -1 0 6.7 
2003 4 29 8.8 13.8 18.3 -1 0 6.7 
2003 4 30 8.8 13.8 17.7 -1 0 8.4 
2003 5 1 11.1 14.4 18.3 -1 0 5.8 
2003 5 2 10.5 14.4 19.4 -1 0 4.0 
2003 5 3 10.5 13.8 19.4 -1 20 6.2 
2003 5 4 10.5 15.0 18.8 -1 3 8.4 
2003 5 5 11.1 15.0 18.8 -1 0 8.4 
2003 5 6 11.1 15.5 20.0 -1 0 6.7 
2003 5 7 11.6 13.8 20.0 -1 0 5.8 
2003 5 8 11.6 13.8 17.7 -1 0 6.7 
2003 5 9 12.2 15.0 18.3 -1 0 11.6 
2003 5 10 10.0 15.0 18.3 -1 0 11.6 
2003 5 11 10.0 15.5 20.0 -1 0 5.8 
2003 5 12 11.6 16.1 22.2 -1 0 5.8 
2003 5 13 12.7 15.5 22.2 -1 0 4.9 
2003 5 14 12.7 14.4 16.6 -1 0 6.7 
2003 5 15 11.6 14.4 18.3 -1 0 6.7 
2003 5 16 11.6 15.5 20.5 -1 0 6.2 
2003 5 17 13.8 16.6 21.1 -1 0 6.2 
2003 5 18 12.7 15.5 18.8 -1 0 5.8 
2003 5 19 12.7 15.5 18.3 -1 0 5.8 
2003 5 20 11.6 15.5 20.0 -1 0 4.9 
2003 5 21 11.6 16.6 22.7 -1 0 5.8 
2003 5 22 12.2 16.6 22.7 -1 0 5.8 
2003 5 23 12.7 16.1 21.1 -1 0 4.9 
2003 5 24 13.8 15.5 17.7 -1 0 4.9 
2003 5 25 13.8 15.5 17.7 -1 0 5.3 
2003 5 26 13.8 16.1 20.0 -1 0 6.2 
2003 5 27 13.8 17.2 22.2 -1 0 4.0 
2003 5 28 13.8 18.3 22.2 -1 0 5.3 
2003 5 29 14.4 18.3 22.2 -1 0 5.8 
2003 5 30 15.5 17.2 22.2 -1 0 5.3 
2003 5 31 15.5 17.7 20.5 -1 0 5.8 
2003 6 1 15.0 17.2 21.6 -1 0 6.2 
2003 6 2 15.0 17.7 21.6 -1 0 4.0 
2003 6 3 15.5 17.2 21.6 -1 0 4.9 
2003 6 4 15.5 17.7 21.1 -1 0 6.7 
2003 6 5 15.5 16.6 21.1 -1 0 6.7 
2003 6 6 15.5 17.2 19.4 -1 0 6.7 
2003 6 7 16.1 17.7 20.0 -1 0 6.7 
2003 6 8 16.1 17.2 18.8 -1 0 5.3 
2003 6 9 16.1 17.7 19.4 -1 0 3.5 
2003 6 10 15.5 17.2 20.0 -1 0 4.9 
2003 6 11 15.5 17.7 21.1 -1 0 6.7 
2003 6 12 15.5 17.2 21.1 -1 0 6.7 
2003 6 13 15.5 17.7 21.1 -1 0 6.7 
2003 6 14 15.0 18.3 21.6 -1 0 6.7 
2003 6 15 15.0 18.3 22.2 -1 0 5.3 
2003 6 16 15.0 18.3 22.2 -1 0 5.3 
2003 6 17 16.1 18.3 21.6 -1 0 6.2 
2003 6 18 16.6 17.7 21.1 -1 0 5.8 
2003 6 19 16.1 17.7 19.4 -1 0 4.9 
2003 6 20 15.5 17.2 20.5 -1 0 4.9 
2003 6 21 15.0 17.2 20.5 -1 0 4.0 
2003 6 22 15.0 17.7 21.1 -1 0 5.3 
2003 6 23 15.5 17.2 21.1 -1 0 6.2 
2003 6 24 15.5 17.7 21.6 -1 0 6.2 
2003 6 25 15.0 18.8 22.7 -1 0 6.7 
2003 6 26 15.5 18.3 22.7 -1 0 6.2 
2003 6 27 16.6 18.8 22.2 -1 0 6.2 
2003 6 28 15.5 17.7 21.6 -1 0 5.3 
2003 6 29 15.5 18.3 22.7 -1 0 5.8 
2003 6 30 15.0 18.3 22.7 -1 0 5.8 
2003 7 1 15.0 20.0 24.4 -1 0 5.8 
2003 7 2 16.6 20.5 25.0 -1 0 5.3 
2003 7 3 17.7 21.1 25.0 -1 0 7.1 
2003 7 4 17.2 21.6 27.2 -1 0 6.2 
2003 7 5 17.2 21.6 26.1 -1 0 4.9 
2003 7 6 17.2 21.6 26.1 -1 0 5.3 
2003 7 7 17.7 20.0 22.7 -1 0 5.3 
2003 7 8 17.7 20.0 24.4 -1 0 5.3 
2003 7 9 17.7 20.5 24.4 -1 0 5.3 
2003 7 10 16.1 20.0 23.8 -1 0 4.9 
2003 7 11 16.1 21.1 26.6 -1 0 4.9 
2003 7 12 17.7 21.1 26.6 -1 0 4.0 
2003 7 13 17.7 21.1 25.0 -1 0 4.9 
2003 7 14 18.8 22.2 25.0 -1 0 4.9 
2003 7 15 18.8 21.6 26.1 -1 0 4.9 
2003 7 16 18.8 22.2 27.7 -1 0 6.2 
2003 7 17 19.4 23.8 29.4 -1 0 4.9 
2003 7 18 20.0 22.7 29.4 -1 0 4.0 
2003 7 19 20.5 22.7 26.6 -1 0 5.3 
2003 7 20 20.5 22.7 27.7 -1 0 5.3 
2003 7 21 19.4 22.2 27.7 -1 0 6.2 
2003 7 22 18.3 20.5 25.5 -1 0 6.2 
2003 7 23 18.3 22.2 25.0 -1 0 5.8 
2003 7 24 19.4 21.6 25.0 -1 0 5.3 
2003 7 25 18.8 20.5 23.8 -1 0 6.7 
2003 7 26 18.8 20.5 25.0 -1 0 6.2 
2003 7 27 18.8 20.5 23.8 -1 0 6.7 
2003 7 28 17.7 20.5 23.8 -1 0 6.7 
2003 7 29 18.3 21.1 25.0 -1 0 6.2 
2003 7 30 18.8 21.1 26.1 -1 0 5.8 
2003 7 31 18.8 21.1 25.5 -1 0 5.8 
2003 8 1 17.7 20.5 22.7 -1 0 6.7 
2003 8 2 18.3 20.5 25.0 -1 0 6.7 
2003 8 3 17.7 20.5 25.0 -1 0 6.2 
2003 8 4 17.7 21.1 25.0 -1 0 8.0 
2003 8 5 16.1 20.5 25.0 -1 0 8.0 
2003 8 6 16.1 20.5 25.5 -1 0 6.2 
2003 8 7 16.6 20.5 26.1 -1 0 6.2 
2003 8 8 17.2 21.6 26.6 -1 0 6.2 
2003 8 9 17.7 22.7 27.7 -1 0 5.3 
2003 8 10 18.8 23.3 28.8 -1 0 6.7 
2003 8 11 20.0 23.3 28.8 -1 0 6.7 
2003 8 12 19.4 23.3 27.7 -1 0 6.2 
2003 8 13 18.8 22.2 26.6 -1 0 6.7 
2003 8 14 18.3 22.2 28.3 -1 0 6.7 
2003 8 15 18.3 24.4 28.3 -1 0 6.7 
2003 8 16 20.5 23.8 28.3 -1 0 5.8 
2003 8 17 17.7 21.1 27.7 -1 0 6.2 
2003 8 18 17.7 21.1 26.1 -1 0 5.3 
2003 8 19 18.3 21.1 26.6 -1 0 4.9 
2003 8 20 18.8 20.5 26.6 -1 0 5.8 
2003 8 21 18.8 20.0 24.4 -1 0 6.2 
2003 8 22 17.7 20.0 23.8 -1 0 6.7 
2003 8 23 17.2 20.0 24.4 -1 0 6.7 
2003 8 24 17.2 20.0 25.0 -1 0 6.7 
2003 8 25 17.2 19.4 22.2 -1 0 6.2 
2003 8 26 16.6 18.8 23.3 -1 0 5.8 
2003 8 27 16.6 19.4 23.3 -1 0 5.8 
2003 8 28 17.2 20.5 25.0 -1 0 6.7 
2003 8 29 17.2 20.5 25.0 -1 0 6.7 
2003 8 30 17.2 19.4 22.2 -1 0 5.8 
2003 8 31 17.2 19.4 23.3 -1 0 5.3 
2003 9 1 17.2 19.4 23.3 -1 0 5.8 
2003 9 2 15.5 18.3 22.7 -1 0 6.2 
2003 9 3 15.5 18.3 22.2 -1 0 7.1 
2003 9 4 16.6 20.0 25.5 -1 0 7.1 
2003 9 5 17.7 21.6 27.7 -1 0 6.2 
2003 9 6 18.8 22.7 28.8 -1 0 4.9 
2003 9 7 18.8 21.6 28.8 -1 0 5.8 
2003 9 8 16.6 20.0 26.6 -1 0 5.8 
2003 9 9 16.6 20.0 25.0 -1 0 4.9 
2003 9 10 16.6 19.4 24.4 -1 0 6.2 
2003 9 11 16.6 19.4 24.4 -1 0 6.2 
2003 9 12 16.1 18.3 22.2 -1 0 5.8 
2003 9 13 16.1 18.8 23.3 -1 0 4.9 
2003 9 14 17.2 18.8 23.3 -1 0 5.3 
2003 9 15 16.6 17.7 21.1 -1 0 5.8 
2003 9 16 16.6 18.3 21.1 -1 0 5.3 
2003 9 17 15.5 18.3 23.3 -1 0 4.9 
2003 9 18 15.5 18.8 23.8 -1 0 5.8 
2003 9 19 16.1 18.8 23.8 -1 0 4.9 
2003 9 20 16.1 18.3 21.1 -1 0 5.3 
2003 9 21 16.1 18.3 21.6 -1 0 5.3 
2003 9 22 16.1 18.3 22.2 -1 0 6.2 
2003 9 23 16.6 18.8 22.2 -1 0 6.2 
2003 9 24 16.6 18.8 22.2 -1 0 6.7 
2003 9 25 17.7 18.8 22.2 -1 0 7.1 
2003 9 26 16.6 18.8 22.2 -1 0 5.3 
2003 9 27 16.6 18.3 22.2 -1 0 5.8 
2003 9 28 16.6 18.3 21.6 -1 0 4.0 
2003 9 29 17.7 18.8 21.6 -1 0 4.9 
2003 9 30 17.7 18.3 21.6 -1 0 4.9 
2003 10 1 17.2 18.8 21.1 -1 0 6.2 
2003 10 2 16.1 17.7 20.0 -1 0 6.2 
2003 10 3 16.1 17.7 20.5 -1 0 4.9 
2003 10 4 13.8 17.7 21.1 -1 0 5.3 
2003 10 5 13.8 17.2 21.1 -1 0 5.8 
2003 10 6 16.1 17.2 20.0 -1 0 5.3 
2003 10 7 16.1 17.7 20.5 -1 0 4.0 
2003 10 8 17.2 18.8 21.1 -1 0 5.8 
2003 10 9 16.1 17.7 18.8 -1 0 5.8 
2003 10 10 16.1 19.4 22.2 -1 0 3.5 
2003 10 11 16.6 19.4 22.7 -1 0 6.2 
2003 10 12 16.6 19.4 23.8 -1 0 5.8 
2003 10 13 15.5 20.0 27.7 -1 0 5.3 
2003 10 14 15.5 19.4 27.7 -1 0 4.0 
2003 10 15 16.1 18.8 23.3 -1 0 5.3 
2003 10 16 16.6 18.8 22.2 -1 0 5.3 
2003 10 17 15.5 18.3 22.2 -1 0 6.2 
2003 10 18 15.5 20.5 26.6 -1 0 5.3 
2003 10 19 15.5 20.0 26.6 -1 0 5.3 
2003 10 20 15.5 21.1 27.7 -1 0 5.3 
2003 10 21 16.6 22.2 31.1 -1 0 4.9 
2003 10 22 16.1 20.0 31.1 -1 0 6.2 
2003 10 23 15.5 20.5 27.7 -1 0 6.2 
2003 10 24 15.5 18.8 27.7 -1 0 4.0 
2003 10 25 14.4 17.7 22.7 -1 0 3.5 
2003 10 26 14.4 21.6 32.7 -1 0 3.5 
2003 10 27 14.4 23.8 32.7 -1 0 3.5 
2003 10 28 15.0 21.6 31.1 -1 0 4.9 
2003 10 29 15.0 18.8 28.8 -1 0 4.9 
2003 10 30 16.1 17.7 18.8 -1 0 6.2 
2003 10 31 12.2 15.5 17.2 -1 3 5.8 
2003 11 1 12.2 15.0 18.3 -1 8 5.3 
2003 11 2 8.8 13.8 17.7 -1 0 5.3 
2003 11 3 8.8 13.8 17.7 -1 5 4.9 
2003 11 4 10.0 13.8 17.7 -1 5 4.9 
2003 11 5 8.8 13.8 18.3 -1 0 3.5 
2003 11 6 8.8 15.5 20.0 -1 0 4.9 
2003 11 7 11.1 15.5 20.5 -1 0 5.8 
2003 11 8 11.1 16.1 22.2 -1 0 5.8 
2003 11 9 11.6 17.2 22.2 -1 0 5.3 
2003 11 10 15.0 17.7 21.1 -1 0 6.2 
2003 11 11 12.2 16.6 21.1 -1 0 6.2 
2003 11 12 12.2 17.2 21.1 -1 5 4.9 
2003 11 13 10.5 15.0 19.4 -1 15 6.2 
2003 11 14 10.5 15.5 19.4 -1 0 6.7 
2003 11 15 10.5 14.4 18.3 -1 0 5.8 
2003 11 16 10.0 14.4 18.3 -1 0 6.2 
2003 11 17 9.4 13.8 17.7 -1 0 4.9 
2003 11 18 8.8 15.0 21.6 -1 0 4.0 
2003 11 19 9.4 18.8 28.8 -1 0 5.3 
2003 11 20 12.2 15.5 20.0 -1 0 5.3 
2003 11 21 11.6 14.4 18.3 -1 0 4.9 
2003 11 22 11.1 14.4 18.8 -1 0 8.0 
2003 11 23 6.1 13.8 21.1 -1 0 5.8 
2003 11 24 6.1 13.8 21.1 -1 0 5.8 
2003 11 25 8.8 13.3 17.7 -1 0 5.3 
2003 11 26 8.3 12.7 16.6 -1 0 4.9 
2003 11 27 8.3 14.4 24.4 -1 0 5.3 
2003 11 28 8.8 17.7 24.4 -1 0 4.9 
2003 11 29 12.2 17.7 23.3 -1 0 5.3 
2003 11 30 8.8 13.8 23.8 -1 0 4.0 
2003 12 1 8.8 13.8 22.2 -1 0 4.0 
2003 12 2 8.8 14.4 18.3 -1 0 3.5 
2003 12 3 8.3 14.4 21.1 -1 0 4.0 
2003 12 4 7.7 13.8 21.1 -1 0 4.9 
2003 12 5 7.7 14.4 18.3 -1 0 4.0 
2003 12 6 10.5 14.4 18.3 -1 0 4.0 
2003 12 7 11.6 16.1 17.7 -1 3 4.9 
2003 12 8 12.2 15.5 19.4 -1 3 6.2 
2003 12 9 9.4 14.4 20.5 -1 0 4.9 
2003 12 10 9.4 13.8 20.5 -1 0 6.2 
2003 12 11 10.0 13.8 16.6 -1 0 8.4 
2003 12 12 6.6 12.7 17.2 -1 0 6.7 
2003 12 13 6.6 12.2 17.7 -1 0 4.0 
2003 12 14 7.2 11.6 17.7 -1 3 5.8 
2003 12 15 5.5 11.6 19.4 -1 3 3.5 
2003 12 16 5.5 13.8 22.2 -1 0 3.5 
2003 12 17 12.2 16.1 24.4 -1 0 4.0 
2003 12 18 12.2 18.3 25.0 -1 0 3.5 
2003 12 19 8.8 14.4 25.5 -1 0 4.0 
2003 12 20 8.8 15.0 20.5 -1 0 2.6 
2003 12 21 12.2 14.4 16.1 -1 0 4.9 
2003 12 22 7.7 14.4 22.7 -1 0 4.9 
2003 12 23 8.3 16.1 23.8 -1 3 4.0 
2003 12 24 11.6 13.3 18.8 -1 3 3.5 
2003 12 25 11.6 13.3 16.1 -1 3 6.7 
2003 12 26 6.6 11.1 15.5 -1 20 11.6 
2003 12 27 6.6 11.1 16.1 -1 0 8.9 
2003 12 28 3.8 10.0 16.1 -1 0 4.9 
2003 12 29 3.8 10.0 15.5 -1 0 3.5 
2003 12 30 5.5 12.2 18.3 -1 0 4.9 
2003 12 31 7.2 12.7 18.3 -1 0 4.0 
