2003 1 1 -7.7 -6.1 -3.8 -1 0 3.5 
2003 1 2 -12.7 -6.1 -0.5 -1 0 2.6 
2003 1 3 -13.3 -7.7 -1.1 -1 -1 4.0 
2003 1 4 -6.6 -2.2 1.1 -1 0 3.1 
2003 1 5 -2.2 -1.1 0.0 -1 0 4.9 
2003 1 6 -6.1 -3.3 -1.1 -1 0 5.8 
2003 1 7 -5.0 2.2 11.1 -1 0 6.7 
2003 1 8 -1.1 5.5 11.6 -1 0 8.9 
2003 1 9 -5.0 0.5 8.3 -1 -1 9.8 
2003 1 10 -13.3 -10.5 -5.0 30 -1 9.8 
2003 1 11 -1.0 -14.4 -8.3 -1 0 8.4 
2003 1 12 -17.7 -10.5 1.1 -1 0 6.7 
2003 1 13 -17.7 -14.4 -5.0 -1 -1 8.0 
2003 1 14 -18.8 -15.0 -10.5 -1 -1 5.8 
2003 1 15 -18.8 -14.4 -7.2 -1 0 6.7 
2003 1 16 -14.4 -10.0 -5.0 -1 0 7.1 
2003 1 17 -17.7 -12.7 -7.7 -1 0 6.2 
2003 1 18 -13.3 -9.4 -5.0 -1 -1 9.3 
2003 1 19 -17.2 -12.2 -5.0 -1 -1 6.7 
2003 1 20 -16.1 -12.7 -8.3 -1 0 5.3 
2003 1 21 -20.5 -15.5 -11.6 -1 0 4.9 
2003 1 22 -20.0 -16.6 -12.2 -1 -1 6.7 
2003 1 23 -24.4 -20.0 -14.4 -1 0 6.2 
2003 1 24 -1.0 -13.8 -9.4 -1 -1 4.0 
2003 1 25 -13.3 -11.1 -9.4 30 -1 5.8 
2003 1 26 -22.2 -17.7 -13.3 30 0 6.2 
2003 1 27 -20.5 -12.2 -3.3 30 -1 7.1 
2003 1 28 -7.7 -4.4 -2.7 51 0 6.2 
2003 1 29 -19.4 -12.7 -7.2 30 0 3.5 
2003 1 30 -13.3 -6.1 -1.6 30 0 5.3 
2003 1 31 -2.2 -1.1 0.0 51 3 3.5 
2003 2 1 -2.2 -0.5 1.6 51 0 4.0 
2003 2 2 0.0 1.1 2.2 79 3 3.5 
2003 2 3 -6.1 -1.6 0.0 249 15 6.7 
2003 2 4 -1.0 -12.7 -6.1 231 -1 6.7 
2003 2 5 -21.1 -13.8 -7.2 279 0 3.5 
2003 2 6 -17.2 -14.4 -8.3 279 -1 5.8 
2003 2 7 -25.5 -17.7 -7.7 249 0 6.7 
2003 2 8 -16.1 -10.0 -3.8 249 -1 8.4 
2003 2 9 -23.3 -15.5 -5.0 231 -1 6.7 
2003 2 10 -22.2 -15.5 -6.1 231 -1 5.8 
2003 2 11 -21.6 -13.8 -7.7 180 -1 10.2 
2003 2 12 -20.5 -17.2 -11.6 180 0 8.9 
2003 2 13 -14.4 -9.4 -5.0 150 0 3.5 
2003 2 14 -15.5 -10.0 -3.8 150 -1 5.8 
2003 2 15 -17.2 -11.1 -7.2 150 0 5.8 
2003 2 16 -19.4 -14.4 -4.4 150 0 3.5 
2003 2 17 -12.2 -7.2 0.0 130 0 6.7 
2003 2 18 -7.2 -2.7 0.0 150 -1 8.4 
2003 2 19 -8.8 -5.0 3.3 130 0 5.8 
2003 2 20 -2.7 1.6 6.6 51 0 5.8 
2003 2 21 -3.8 -1.1 3.8 30 0 5.3 
2003 2 22 -11.1 -7.2 -3.8 30 -1 6.7 
2003 2 23 -16.1 -12.7 -8.3 30 -1 5.8 
2003 2 24 -19.4 -15.5 -11.6 30 -1 6.2 
2003 2 25 -21.1 -15.0 -6.6 30 0 6.2 
2003 2 26 -16.1 -10.0 -2.2 30 0 5.3 
2003 2 27 -12.2 -5.0 1.6 30 0 3.5 
2003 2 28 -11.1 -3.8 2.2 30 0 3.1 
2003 3 2 -18.8 -12.2 0.5 30 0 8.4 
2003 3 3 -16.1 -10.5 -2.2 51 0 6.7 
2003 3 4 -17.2 -12.7 -4.4 51 -1 6.7 
2003 3 5 -21.6 -15.5 -9.4 30 0 3.5 
2003 3 6 -12.7 -8.8 -2.7 30 -1 8.0 
2003 3 7 -12.2 -6.1 -2.7 30 0 6.2 
2003 3 8 -15.0 -11.1 -7.7 130 3 6.7 
2003 3 9 -22.2 -17.2 -12.2 99 3 8.4 
2003 3 10 -21.6 -16.1 -10.0 99 0 5.3 
2003 3 11 -11.1 -4.4 2.7 79 0 5.8 
2003 3 12 -7.7 -5.0 -0.5 79 0 5.3 
2003 3 13 -7.7 -3.8 1.1 51 3 5.3 
2003 3 14 -0.5 5.5 14.4 51 0 6.7 
2003 3 15 2.7 8.8 18.8 -1 0 5.3 
2003 3 16 8.3 12.7 17.2 -1 0 4.0 
2003 3 17 3.3 11.1 15.0 -1 0 5.3 
2003 3 18 2.2 5.5 11.1 -1 0 4.9 
2003 3 19 2.7 5.0 8.8 -1 -1 6.2 
2003 3 20 0.0 1.6 7.2 -1 5 4.9 
2003 3 21 1.6 2.7 5.0 -1 3 5.8 
2003 3 22 0.5 6.1 13.8 -1 0 4.9 
2003 3 23 1.1 10.0 22.2 -1 0 6.2 
2003 3 24 5.0 12.7 20.5 -1 0 7.1 
2003 3 25 0.5 6.1 12.7 -1 0 6.7 
2003 3 26 -3.8 5.0 12.2 -1 0 4.9 
2003 3 27 1.1 4.4 8.3 51 10 4.0 
2003 3 28 -1.1 0.5 2.2 30 3 6.7 
2003 3 29 -2.2 1.6 7.2 -1 -1 7.1 
2003 3 30 -3.8 1.1 7.2 -1 0 5.3 
2003 3 31 -1.1 4.4 13.3 -1 0 7.1 
2003 4 1 3.3 10.5 16.1 -1 0 5.8 
2003 4 2 3.8 7.7 14.4 -1 0 7.1 
2003 4 3 -1.1 0.5 2.7 -1 0 7.1 
2003 4 4 -4.4 -2.7 -0.5 -1 -1 5.3 
2003 4 5 -7.2 -3.3 2.2 -1 -1 6.2 
2003 4 6 -7.7 -1.1 5.0 -1 0 6.7 
2003 4 7 -1.1 2.2 6.1 -1 0 6.7 
2003 4 8 -7.2 1.1 10.0 -1 0 5.3 
2003 4 9 -3.3 5.0 14.4 -1 0 6.7 
2003 4 10 3.8 11.1 21.6 -1 0 7.1 
2003 4 11 2.7 12.7 20.0 -1 0 4.9 
2003 4 12 2.2 10.5 18.3 -1 0 3.5 
2003 4 13 7.2 14.4 24.4 -1 0 8.9 
2003 4 14 17.2 23.3 32.2 -1 0 8.4 
2003 4 15 8.8 17.7 27.7 -1 -1 6.7 
2003 4 16 1.1 5.0 12.2 -1 20 8.9 
2003 4 17 0.0 1.6 3.8 -1 25 6.7 
2003 4 18 0.5 3.3 7.2 -1 3 6.7 
2003 4 19 5.0 7.7 11.1 -1 8 8.4 
2003 4 20 3.8 6.6 10.0 -1 5 4.9 
2003 4 21 6.1 10.0 16.1 -1 3 8.0 
2003 4 22 -1.1 9.4 16.1 -1 0 3.5 
2003 4 23 1.6 11.6 21.1 -1 0 5.8 
2003 4 24 8.3 14.4 19.4 -1 0 6.7 
2003 4 25 5.0 11.6 19.4 -1 0 4.0 
2003 4 26 4.4 13.8 22.2 -1 0 4.0 
2003 4 27 13.8 18.3 21.6 -1 0 8.0 
2003 4 28 5.0 12.2 21.1 -1 0 5.8 
2003 4 29 4.4 10.0 13.8 -1 0 4.0 
2003 4 30 8.8 11.6 15.5 -1 0 5.3 
2003 5 1 2.7 13.3 21.6 -1 0 4.0 
2003 5 2 2.7 11.6 17.7 -1 0 5.8 
2003 5 3 2.7 12.2 20.5 -1 0 6.7 
2003 5 4 8.8 13.3 18.8 -1 5 7.1 
2003 5 5 7.7 8.3 10.0 -1 13 8.4 
2003 5 6 8.8 11.6 17.2 -1 3 2.6 
2003 5 7 7.7 13.8 18.8 -1 0 4.9 
2003 5 8 6.1 13.3 18.3 -1 0 6.7 
2003 5 9 10.5 13.3 17.2 -1 23 6.7 
2003 5 10 7.7 11.1 12.7 -1 3 3.5 
2003 5 11 7.7 10.0 15.0 -1 30 9.8 
2003 5 12 7.7 13.3 18.8 -1 5 5.8 
2003 5 13 3.3 13.8 21.1 -1 0 3.5 
2003 5 14 11.1 15.0 18.8 -1 13 6.7 
2003 5 15 4.4 13.8 22.2 -1 0 3.5 
2003 5 16 10.0 16.1 22.7 -1 0 3.5 
2003 5 17 7.7 16.1 22.7 -1 0 5.3 
2003 5 18 13.8 17.7 23.3 -1 0 5.8 
2003 5 19 10.0 18.3 22.2 -1 38 8.0 
2003 5 20 3.8 9.4 15.0 -1 0 6.7 
2003 5 21 2.7 10.5 17.7 -1 0 5.3 
2003 5 22 8.8 11.1 16.6 -1 5 3.5 
2003 5 23 2.7 11.1 18.3 -1 0 3.1 
2003 5 24 7.7 13.8 20.5 -1 0 2.2 
2003 5 25 6.1 15.0 23.3 -1 0 4.0 
2003 5 26 6.1 16.6 23.8 -1 0 5.3 
2003 5 27 7.2 17.7 27.2 -1 0 3.5 
2003 5 28 15.5 20.5 26.1 -1 0 8.4 
2003 5 29 8.3 18.8 26.6 -1 0 6.2 
2003 5 30 12.7 18.8 23.8 -1 3 8.4 
2003 5 31 7.2 12.7 17.7 -1 0 6.7 
2003 6 1 5.0 13.8 22.7 -1 0 3.1 
2003 6 2 11.1 17.2 21.1 -1 0 4.0 
2003 6 3 8.8 15.0 22.7 -1 0 4.0 
2003 6 4 11.1 16.6 22.2 -1 0 6.2 
2003 6 5 8.3 17.2 25.5 -1 0 6.2 
2003 6 6 12.7 15.5 21.6 -1 0 3.1 
2003 6 7 13.8 16.1 18.3 -1 18 3.5 
2003 6 8 12.2 16.1 22.2 -1 0 5.3 
2003 6 9 10.0 16.1 22.7 -1 0 2.6 
2003 6 10 15.0 17.2 22.2 -1 5 5.3 
2003 6 11 8.8 14.4 18.8 -1 3 4.0 
2003 6 12 13.8 17.2 22.7 -1 -1 4.9 
2003 6 13 15.0 20.5 27.7 -1 5 5.3 
2003 6 14 11.6 21.1 27.7 -1 0 3.5 
2003 6 15 12.7 21.1 28.8 -1 0 3.1 
2003 6 16 13.8 22.7 31.1 -1 0 3.5 
2003 6 17 20.5 25.0 30.0 -1 -1 3.5 
2003 6 18 16.6 22.7 29.4 -1 0 5.8 
2003 6 19 10.5 20.0 26.1 -1 0 4.9 
2003 6 20 10.5 20.5 28.3 -1 0 6.2 
2003 6 21 14.4 23.3 31.1 -1 0 7.1 
2003 6 22 20.5 23.8 28.8 -1 -1 6.7 
2003 6 23 20.5 25.0 30.0 -1 13 6.7 
2003 6 24 21.1 25.5 31.1 -1 0 8.0 
2003 6 25 17.7 21.6 26.6 -1 137 10.2 
2003 6 26 11.6 15.0 21.1 -1 5 8.4 
2003 6 27 12.2 17.7 23.3 -1 0 3.5 
2003 6 28 16.1 19.4 23.8 -1 0 6.2 
2003 6 29 12.7 19.4 26.6 -1 8 5.8 
2003 6 30 13.8 21.6 27.7 -1 0 3.5 
2003 7 1 16.1 22.7 29.4 -1 0 4.9 
2003 7 2 22.2 26.6 32.2 -1 0 6.7 
2003 7 3 18.8 26.1 31.6 -1 18 10.2 
2003 7 4 17.7 24.4 31.6 -1 0 5.3 
2003 7 5 15.5 23.3 29.4 -1 0 3.5 
2003 7 6 18.8 24.4 28.8 -1 0 4.0 
2003 7 7 20.5 23.3 28.3 -1 0 6.2 
2003 7 8 16.6 20.0 24.4 -1 0 3.5 
2003 7 9 16.1 19.4 23.8 -1 -1 5.3 
2003 7 10 15.0 18.3 22.2 -1 0 6.7 
2003 7 11 14.4 18.8 25.0 -1 0 7.1 
2003 7 12 13.8 20.5 26.1 -1 3 3.5 
2003 7 13 13.8 21.6 27.7 -1 0 5.3 
2003 7 14 20.5 22.7 27.7 -1 5 4.9 
2003 7 15 17.7 22.2 26.1 -1 13 5.8 
2003 7 16 13.8 21.1 28.8 -1 0 5.8 
2003 7 17 20.0 23.3 28.3 -1 0 5.3 
2003 7 18 12.7 20.5 27.2 -1 0 3.5 
2003 7 19 13.3 21.6 29.4 -1 0 5.8 
2003 7 20 18.8 23.8 28.8 -1 3 5.3 
2003 7 21 17.2 21.6 27.2 -1 0 5.3 
2003 7 22 13.8 19.4 23.8 -1 0 3.5 
2003 7 23 10.0 18.3 26.1 -1 0 3.1 
2003 7 24 12.2 21.1 28.3 -1 0 6.2 
2003 7 25 20.0 24.4 29.4 -1 0 6.2 
2003 7 26 23.8 27.7 32.7 -1 -1 5.3 
2003 7 27 17.7 23.8 27.7 -1 0 4.0 
2003 7 28 16.6 23.8 30.0 -1 0 4.0 
2003 7 29 16.1 24.4 31.6 -1 0 5.3 
2003 7 30 19.4 25.5 31.1 -1 -1 6.7 
2003 7 31 17.7 22.2 28.3 -1 0 7.1 
2003 8 1 15.5 21.1 27.2 -1 3 5.3 
2003 8 2 16.6 21.1 27.2 -1 3 5.3 
2003 8 3 16.1 20.0 23.8 -1 3 4.0 
2003 8 4 13.8 19.4 26.1 -1 0 3.1 
2003 8 5 15.5 20.5 25.0 -1 0 3.5 
2003 8 6 17.2 23.3 29.4 -1 0 4.0 
2003 8 7 16.6 23.3 30.0 -1 0 5.3 
2003 8 8 13.8 21.6 28.3 -1 0 3.5 
2003 8 9 14.4 22.7 30.0 -1 0 3.5 
2003 8 10 18.8 23.8 30.5 -1 0 3.5 
2003 8 11 17.2 22.7 27.7 -1 0 4.9 
2003 8 12 11.6 20.5 29.4 -1 0 3.5 
2003 8 13 14.4 23.3 31.1 -1 0 4.0 
2003 8 14 17.7 25.0 30.5 -1 0 6.2 
2003 8 15 21.6 27.7 34.4 -1 0 5.8 
2003 8 16 21.6 28.3 34.4 -1 0 4.0 
2003 8 17 17.7 25.5 33.3 -1 0 6.2 
2003 8 18 22.7 28.8 36.1 -1 0 5.3 
2003 8 19 22.7 27.2 31.6 -1 -1 5.8 
2003 8 20 22.2 27.7 33.3 -1 8 6.7 
2003 8 21 21.1 25.5 31.1 -1 0 6.7 
2003 8 22 12.7 20.5 28.8 -1 0 3.1 
2003 8 23 16.1 23.8 31.1 -1 0 6.7 
2003 8 24 22.2 27.7 36.1 -1 0 6.7 
2003 8 25 18.3 25.0 31.1 -1 0 4.0 
2003 8 26 20.0 26.1 33.8 -1 0 5.3 
2003 8 27 12.2 22.2 31.6 -1 0 3.5 
2003 8 28 20.5 24.4 31.6 -1 0 8.4 
2003 8 29 15.0 19.4 27.2 -1 0 4.0 
2003 8 30 7.7 16.6 22.7 -1 0 3.5 
2003 8 31 8.8 17.2 25.0 -1 0 3.1 
2003 9 1 11.1 18.8 27.2 -1 0 3.5 
2003 9 2 13.8 21.6 30.0 -1 0 6.7 
2003 9 3 13.3 18.8 28.3 -1 0 6.7 
2003 9 4 8.8 16.1 23.8 -1 0 3.1 
2003 9 5 8.8 18.8 31.1 -1 0 6.7 
2003 9 6 15.5 25.0 32.2 -1 0 3.5 
2003 9 7 15.0 24.4 33.3 -1 0 4.0 
2003 9 8 15.5 23.3 32.7 -1 0 6.2 
2003 9 9 17.2 24.4 31.1 -1 0 7.1 
2003 9 10 21.1 25.0 28.3 -1 0 7.1 
2003 9 11 16.1 22.7 27.2 -1 0 8.0 
2003 9 12 13.8 17.2 23.8 -1 38 4.0 
2003 9 13 13.3 17.2 22.2 -1 0 5.3 
2003 9 14 11.1 15.0 20.0 -1 0 5.3 
2003 9 15 10.0 16.1 23.3 -1 0 3.5 
2003 9 16 8.8 17.7 29.4 -1 0 4.9 
2003 9 17 18.3 23.3 29.4 -1 0 10.2 
2003 9 18 10.5 18.8 26.6 -1 8 8.9 
2003 9 19 7.7 11.1 16.1 -1 0 6.2 
2003 9 20 4.4 12.2 24.4 -1 0 6.7 
2003 9 21 12.2 15.0 19.4 -1 -1 6.7 
2003 9 22 9.4 13.3 17.2 -1 0 7.1 
2003 9 23 6.1 12.2 21.1 -1 0 3.5 
2003 9 24 10.0 14.4 18.8 -1 0 9.3 
2003 9 25 3.8 8.8 13.3 -1 0 6.7 
2003 9 26 10.5 12.2 14.4 -1 3 6.7 
2003 9 27 7.7 9.4 11.6 -1 -1 8.0 
2003 9 28 5.0 8.8 12.7 -1 -1 6.7 
2003 9 29 0.5 6.1 10.0 -1 3 6.7 
2003 9 30 1.6 5.5 11.1 -1 0 6.2 
2003 10 1 -1.1 3.3 7.7 -1 0 4.9 
2003 10 2 -5.0 3.3 13.3 -1 0 4.9 
2003 10 3 10.0 12.7 15.0 -1 0 7.1 
2003 10 4 4.4 10.0 17.2 -1 0 3.5 
2003 10 5 1.6 10.0 19.4 -1 0 2.6 
2003 10 6 3.8 12.7 24.4 -1 0 3.5 
2003 10 7 5.5 16.6 30.0 -1 0 4.0 
2003 10 8 16.6 21.1 27.2 -1 0 6.2 
2003 10 9 15.0 21.1 27.2 -1 0 8.0 
2003 10 10 14.4 19.4 24.4 -1 0 7.1 
2003 10 11 11.1 16.6 21.1 -1 18 8.0 
2003 10 12 6.6 12.2 19.4 -1 18 6.2 
2003 10 13 7.7 13.3 16.1 -1 0 6.7 
2003 10 14 6.1 10.5 16.1 -1 0 6.7 
2003 10 15 2.7 7.7 11.6 -1 0 6.2 
2003 10 16 -1.6 5.5 12.2 -1 0 4.9 
2003 10 17 -0.5 7.7 15.5 -1 0 5.8 
2003 10 18 5.0 14.4 24.4 -1 0 5.8 
2003 10 19 2.7 13.3 25.5 -1 0 3.5 
2003 10 20 12.2 17.7 26.1 -1 0 8.4 
2003 10 21 8.8 12.2 20.0 -1 0 6.2 
2003 10 22 0.5 8.8 18.8 -1 0 5.8 
2003 10 23 3.3 9.4 17.2 -1 0 3.5 
2003 10 24 3.8 8.3 13.8 -1 0 5.8 
2003 10 25 1.6 5.5 11.1 -1 -1 6.7 
2003 10 26 -2.7 1.1 4.4 -1 -1 6.2 
2003 10 27 0.0 2.2 6.1 -1 0 8.0 
2003 10 28 2.7 4.4 7.7 -1 3 9.3 
2003 10 29 2.2 2.7 4.4 -1 3 5.3 
2003 10 30 1.1 3.3 5.0 -1 3 3.5 
2003 10 31 1.6 3.8 4.4 -1 0 5.8 
2003 11 1 -3.3 0.0 2.2 -1 0 6.2 
2003 11 2 1.1 2.7 5.5 -1 -1 3.1 
2003 11 3 -2.2 0.0 2.7 30 3 4.0 
2003 11 4 -0.5 0.5 1.1 30 3 4.9 
2003 11 5 -3.8 -1.1 1.1 -1 0 6.7 
2003 11 6 -12.2 -5.5 1.1 -1 0 6.7 
2003 11 7 -8.8 -6.1 -2.7 -1 0 6.7 
2003 11 8 -11.1 -7.7 -2.2 -1 0 3.1 
2003 11 9 -7.2 -2.2 7.7 -1 0 6.7 
2003 11 10 2.7 4.4 6.6 -1 -1 5.8 
2003 11 11 2.2 7.2 15.0 -1 0 4.0 
2003 11 12 -1.1 2.2 6.1 -1 3 9.3 
2003 11 13 -6.1 -1.6 1.6 -1 0 6.7 
2003 11 14 -2.2 2.2 7.7 -1 0 4.0 
2003 11 15 3.8 5.5 6.1 -1 -1 4.0 
2003 11 16 4.4 5.5 6.1 -1 0 3.5 
2003 11 17 3.8 7.2 11.6 -1 3 9.8 
2003 11 18 3.3 8.3 10.0 -1 0 6.7 
2003 11 19 1.6 5.5 10.0 -1 0 6.7 
2003 11 20 1.1 7.2 12.2 -1 0 8.0 
2003 11 21 -5.0 -0.5 5.0 -1 0 6.7 
2003 11 22 -2.2 -1.1 0.5 -1 -1 5.3 
2003 11 23 -7.2 -2.7 -0.5 150 3 8.4 
2003 11 24 -12.2 -9.4 -7.2 130 3 8.9 
2003 11 25 -13.3 -3.8 1.6 79 0 8.0 
2003 11 26 -9.4 -2.7 2.7 79 0 5.8 
2003 11 27 -3.8 0.0 2.2 79 0 6.7 
2003 11 28 -6.1 -4.4 -3.8 79 -1 6.7 
2003 11 29 -8.8 -4.4 2.2 79 0 5.3 
2003 11 30 -5.0 1.1 7.2 30 0 10.2 
2003 12 1 -2.7 -0.5 2.2 30 0 8.4 
2003 12 2 -11.1 -5.5 -1.6 -1 0 4.0 
2003 12 3 -2.2 -0.5 2.7 -1 0 3.5 
2003 12 4 -1.6 1.1 2.2 -1 0 4.0 
2003 12 5 -1.1 0.0 1.1 30 3 3.5 
2003 12 6 -2.2 -1.1 0.0 -1 0 6.7 
2003 12 7 -2.2 -0.5 1.6 -1 0 6.7 
2003 12 8 -0.5 2.2 5.0 -1 -1 5.3 
2003 12 9 -5.0 -1.1 2.2 150 0 4.9 
2003 12 10 -8.8 -7.7 -6.1 180 3 6.7 
2003 12 11 -17.7 -13.3 -7.7 180 -1 6.7 
2003 12 12 -20.5 -15.5 -8.3 180 -1 3.5 
2003 12 13 -14.4 -9.4 -3.3 180 -1 5.3 
2003 12 14 -3.8 -2.7 -1.6 130 0 6.2 
2003 12 15 -3.8 -2.7 -1.6 130 0 6.2 
2003 12 16 -7.2 -4.4 -2.2 130 0 8.9 
2003 12 17 -12.2 -9.4 -6.1 130 -1 5.8 
2003 12 18 -7.2 -5.5 0.0 150 0 8.0 
2003 12 19 -8.8 -5.0 -1.6 150 -1 6.7 
2003 12 20 -11.1 -5.0 1.6 130 0 7.1 
2003 12 21 -3.8 0.0 4.4 99 0 4.9 
2003 12 22 -1.6 1.1 2.7 99 0 4.9 
2003 12 23 -7.2 -3.3 0.0 79 -1 6.2 
2003 12 24 -12.7 -7.7 -0.5 51 0 2.2 
2003 12 25 -12.2 -8.8 0.5 -1 0 3.5 
2003 12 26 -1.1 0.5 3.8 51 0 6.2 
2003 12 27 2.7 3.8 6.1 30 0 8.0 
2003 12 28 0.0 2.2 6.1 -1 0 8.0 
2003 12 29 -6.1 -2.7 0.0 30 0 5.8 
2003 12 30 -12.7 -7.7 -3.8 30 -1 4.9 
2003 12 31 -12.7 -8.3 -1.6 30 0 9.3 
