2003 1 1 -6.1 -2.7 3.8 -1 0 3.5 
2003 1 2 -7.7 -3.3 3.8 -1 0 3.1 
2003 1 3 -8.8 -2.7 6.1 -1 0 3.5 
2003 1 4 -7.7 -1.6 7.2 -1 0 3.1 
2003 1 5 -8.8 -1.6 6.6 -1 0 4.0 
2003 1 6 -7.7 2.7 10.0 -1 0 5.3 
2003 1 7 -7.2 0.5 10.0 -1 0 3.5 
2003 1 8 -9.4 -1.1 8.3 -1 0 3.5 
2003 1 9 -9.4 -2.2 7.2 -1 0 2.2 
2003 1 10 -8.8 1.6 7.2 -1 0 3.5 
2003 1 11 -0.5 3.3 7.2 -1 3 4.0 
2003 1 12 -5.0 0.5 7.2 -1 0 2.2 
2003 1 13 -7.2 0.0 6.6 -1 0 4.0 
2003 1 14 -7.2 -1.1 6.1 -1 0 3.5 
2003 1 15 -7.2 3.3 9.4 -1 0 5.8 
2003 1 16 -7.2 1.1 9.4 -1 0 3.5 
2003 1 17 -7.7 -0.5 9.4 -1 0 2.2 
2003 1 18 -9.4 -0.5 8.8 -1 0 2.6 
2003 1 19 -9.4 -0.5 9.4 -1 0 3.1 
2003 1 20 -8.8 -0.5 10.0 -1 0 3.5 
2003 1 21 -8.8 0.0 10.0 -1 0 4.0 
2003 1 22 -8.3 1.6 11.6 -1 0 3.5 
2003 1 23 -7.7 3.8 11.6 -1 0 3.1 
2003 1 24 -3.3 2.7 11.6 -1 0 3.5 
2003 1 25 -4.4 2.7 11.1 -1 0 4.9 
2003 1 26 -6.1 2.2 11.6 -1 0 2.6 
2003 1 27 -6.6 3.8 12.7 -1 0 3.1 
2003 1 28 -2.7 3.8 12.2 -1 -1 3.5 
2003 1 29 -6.1 3.3 11.6 -1 0 2.2 
2003 1 30 -3.8 2.7 12.2 -1 0 3.5 
2003 1 31 -5.5 3.8 15.5 -1 0 5.3 
2003 2 1 -5.5 6.1 15.5 -1 0 3.5 
2003 2 2 -0.5 7.2 13.8 -1 3 12.5 
2003 2 3 -6.1 1.1 12.7 -1 -1 7.1 
2003 2 4 -7.2 -0.5 6.1 -1 0 4.9 
2003 2 5 -7.2 -1.1 6.1 -1 0 3.5 
2003 2 6 -10.5 -2.7 3.8 -1 0 6.7 
2003 2 7 -10.5 -3.3 2.2 -1 0 7.1 
2003 2 8 -12.7 -5.5 2.2 -1 0 2.2 
2003 2 9 -12.7 -3.3 5.0 -1 0 5.8 
2003 2 10 -11.6 -2.2 8.3 -1 0 3.5 
2003 2 11 -11.6 -1.1 8.3 -1 0 3.1 
2003 2 12 -9.4 -0.5 8.8 -1 0 3.5 
2003 2 13 1.1 2.7 6.1 -1 0 3.5 
2003 2 14 0.5 3.8 6.6 -1 8 3.5 
2003 2 15 1.6 5.0 11.1 -1 0 3.1 
2003 2 16 0.0 3.3 12.7 -1 0 5.8 
2003 2 17 -1.1 6.6 11.6 -1 0 8.0 
2003 2 18 -0.5 6.6 11.6 -1 0 6.7 
2003 2 19 -4.4 3.3 11.6 -1 0 5.8 
2003 2 20 -4.4 3.8 10.5 -1 0 3.1 
2003 2 21 -1.6 5.5 12.2 -1 0 6.7 
2003 2 22 -6.1 3.8 12.2 -1 0 12.5 
2003 2 23 -6.1 1.6 12.2 -1 0 8.9 
2003 2 24 -6.1 3.3 10.5 -1 0 3.5 
2003 2 25 3.8 6.6 8.8 -1 3 4.9 
2003 2 26 1.6 3.8 9.4 -1 3 5.8 
2003 2 27 0.5 2.7 6.6 -1 8 4.9 
2003 2 28 0.0 2.7 7.2 -1 5 3.5 
2003 3 2 -5.0 1.1 7.7 -1 0 4.0 
2003 3 3 -2.2 2.7 10.5 -1 0 5.8 
2003 3 4 -2.7 5.0 10.5 -1 -1 7.1 
2003 3 5 -2.2 2.7 8.3 -1 0 6.7 
2003 3 6 -2.2 5.5 15.0 -1 0 5.8 
2003 3 7 -2.2 8.3 17.2 -1 0 6.7 
2003 3 8 0.0 8.8 17.7 -1 0 7.1 
2003 3 9 -2.2 8.8 19.4 -1 0 3.5 
2003 3 10 -2.2 9.4 19.4 -1 0 5.3 
2003 3 11 -0.5 9.4 19.4 -1 0 3.5 
2003 3 12 -0.5 11.6 19.4 -1 0 3.1 
2003 3 13 0.5 12.2 23.3 -1 0 4.9 
2003 3 14 8.8 13.8 21.1 -1 0 7.1 
2003 3 15 1.1 10.0 19.4 -1 0 8.0 
2003 3 16 1.1 10.0 17.2 -1 0 9.8 
2003 3 17 3.8 6.1 11.6 -1 20 4.9 
2003 3 18 3.8 5.5 7.7 -1 8 6.7 
2003 3 19 3.8 6.6 10.0 -1 0 8.4 
2003 3 20 -0.5 5.0 11.1 -1 0 4.0 
2003 3 21 -0.5 7.7 14.4 -1 -1 4.0 
2003 3 22 -0.5 8.3 16.1 -1 0 3.5 
2003 3 23 -0.5 12.7 21.6 -1 0 4.9 
2003 3 24 1.6 12.7 21.6 -1 -1 8.4 
2003 3 25 0.0 8.3 16.1 -1 0 5.3 
2003 3 26 2.2 12.2 21.1 -1 0 8.9 
2003 3 27 0.5 7.2 21.1 -1 0 12.5 
2003 3 28 -0.5 3.8 9.4 -1 0 8.9 
2003 3 29 -6.1 2.7 11.1 -1 0 8.0 
2003 3 30 -6.1 6.6 16.6 -1 0 3.5 
2003 3 31 -2.7 10.5 21.1 -1 0 3.1 
2003 4 1 1.1 14.4 22.7 -1 0 10.2 
2003 4 2 7.2 16.1 22.7 -1 0 13.4 
2003 4 3 4.4 10.0 21.1 -1 0 11.1 
2003 4 4 -5.0 3.8 12.7 -1 0 7.1 
2003 4 5 -5.0 6.6 12.7 -1 0 9.8 
2003 4 6 -1.6 5.5 11.6 -1 -1 6.2 
2003 4 7 -2.2 6.1 13.3 -1 0 6.7 
2003 4 8 -2.2 7.2 17.2 -1 0 4.0 
2003 4 9 -2.2 10.0 21.6 -1 0 3.5 
2003 4 10 -2.2 13.3 24.4 -1 0 4.9 
2003 4 11 1.1 14.4 25.5 -1 0 6.7 
2003 4 12 2.7 16.1 25.5 -1 0 8.0 
2003 4 13 7.2 17.2 25.0 -1 0 8.4 
2003 4 14 10.0 17.2 25.0 -1 0 6.7 
2003 4 15 6.1 14.4 23.3 -1 0 14.3 
2003 4 16 1.1 9.4 17.2 -1 0 6.7 
2003 4 17 1.1 11.6 20.0 -1 0 9.8 
2003 4 18 3.3 11.1 20.0 -1 0 8.0 
2003 4 19 1.1 8.8 16.1 -1 0 5.8 
2003 4 20 1.1 10.0 19.4 -1 0 4.9 
2003 4 21 7.7 15.0 22.7 -1 0 7.1 
2003 4 22 8.3 15.5 22.7 -1 0 9.8 
2003 4 23 1.1 8.3 20.5 -1 0 12.5 
2003 4 24 1.1 12.7 21.1 -1 0 8.0 
2003 4 25 7.2 16.1 24.4 -1 0 6.7 
2003 4 26 537.2 678.8 678.8 -1 0 5.8 
2003 4 27 2.7 16.1 24.4 -1 0 6.7 
2003 4 28 12.7 17.7 23.8 -1 0 8.9 
2003 4 29 11.1 17.2 25.0 -1 0 8.9 
2003 4 30 5.0 13.8 22.2 -1 0 8.0 
2003 5 1 2.7 11.6 17.7 -1 0 6.2 
2003 5 2 3.3 14.4 23.8 -1 0 6.2 
2003 5 3 5.0 18.3 23.8 -1 0 13.4 
2003 5 4 6.6 13.3 23.3 -1 0 12.5 
2003 5 5 6.6 12.2 19.4 -1 0 6.7 
2003 5 6 1.1 10.5 18.8 -1 0 6.7 
2003 5 7 7.7 15.0 22.7 -1 -1 8.4 
2003 5 8 7.7 13.8 22.7 -1 0 10.2 
2003 5 9 6.6 10.5 18.8 -1 0 11.1 
2003 5 10 2.2 11.1 17.2 -1 0 3.5 
2003 5 11 1.1 13.3 22.7 -1 0 7.1 
2003 5 12 4.4 16.6 26.1 -1 0 5.8 
2003 5 13 7.2 19.4 26.1 -1 0 2.6 
2003 5 14 7.7 18.8 27.2 -1 0 5.3 
2003 5 15 7.7 18.3 27.2 -1 8 7.1 
2003 5 16 10.5 17.7 28.8 -1 0 4.0 
2003 5 17 10.5 22.7 29.4 -1 0 7.1 
2003 5 18 13.3 20.5 29.4 -1 0 7.1 
2003 5 19 10.0 17.7 27.2 -1 0 3.5 
2003 5 20 6.1 18.3 26.6 -1 0 4.0 
2003 5 21 6.1 19.4 30.0 -1 0 3.5 
2003 5 22 7.2 22.2 32.7 -1 0 4.0 
2003 5 23 8.8 25.0 33.8 -1 0 4.9 
2003 5 24 13.3 26.1 33.8 -1 0 8.0 
2003 5 25 12.7 25.0 33.3 -1 0 7.1 
2003 5 26 12.7 25.0 33.8 -1 0 6.7 
2003 5 27 13.3 26.1 35.0 -1 0 4.0 
2003 5 28 13.3 27.2 36.1 -1 0 3.5 
2003 5 29 16.1 28.8 37.2 -1 0 9.3 
2003 5 30 20.5 28.3 37.2 -1 0 9.3 
2003 5 31 16.1 26.6 36.6 -1 0 6.7 
2003 6 1 16.1 26.1 35.5 -1 -1 9.3 
2003 6 2 10.5 24.4 33.3 -1 0 5.3 
2003 6 3 10.5 24.4 33.3 -1 0 9.8 
2003 6 4 11.6 23.3 32.2 -1 0 7.1 
2003 6 5 13.3 22.7 31.6 -1 0 7.1 
2003 6 6 13.3 22.2 29.4 -1 0 5.3 
2003 6 7 13.3 22.7 29.4 -1 0 9.3 
2003 6 8 13.3 22.7 31.6 -1 0 5.8 
2003 6 9 26.6 30.0 33.3 -1 0 9.8 
2003 6 10 17.2 25.0 33.3 -1 0 8.0 
2003 6 11 15.5 24.4 33.3 -1 0 6.2 
2003 6 12 12.7 22.7 31.6 -1 -1 12.5 
2003 6 13 12.7 21.6 31.6 -1 0 8.9 
2003 6 14 14.4 25.0 33.3 -1 0 6.7 
2003 6 15 17.2 26.6 36.1 -1 0 4.9 
2003 6 16 16.1 28.3 36.1 -1 0 6.7 
2003 6 17 18.3 27.7 36.1 -1 0 12.5 
2003 6 18 17.2 25.5 34.4 -1 0 8.4 
2003 6 19 17.2 25.0 33.3 -1 5 8.9 
2003 6 20 16.6 22.7 31.1 -1 0 11.1 
2003 6 21 14.4 25.0 31.1 -1 0 8.0 
2003 6 22 14.4 25.5 31.1 -1 0 6.7 
2003 6 23 15.5 23.8 31.6 -1 0 10.2 
2003 6 24 13.8 20.5 31.6 -1 0 11.6 
2003 6 25 9.4 17.7 26.1 -1 0 7.1 
2003 6 26 9.4 21.6 28.8 -1 0 4.0 
2003 6 27 9.4 21.1 32.7 -1 0 3.5 
2003 6 28 9.4 25.5 35.0 -1 0 6.7 
2003 6 29 16.1 26.6 36.1 -1 0 6.2 
2003 6 30 13.8 28.8 38.3 -1 0 6.7 
2003 7 1 18.3 28.8 38.3 -1 0 8.9 
2003 7 2 15.0 27.7 36.1 -1 0 6.2 
2003 7 3 15.0 27.7 36.6 -1 0 5.3 
2003 7 4 12.7 27.7 36.6 -1 0 4.9 
2003 7 5 17.2 29.4 39.4 -1 0 5.8 
2003 7 6 16.6 31.1 39.4 -1 0 9.8 
2003 7 7 16.6 30.5 39.4 -1 0 6.2 
2003 7 8 17.7 28.8 38.8 -1 0 6.2 
2003 7 9 18.3 30.5 39.4 -1 0 4.0 
2003 7 10 15.5 28.8 38.3 -1 0 4.9 
2003 7 11 15.0 28.8 41.1 -1 0 4.0 
2003 7 12 15.0 28.3 41.1 -1 0 3.5 
2003 7 13 36.1 40.0 41.1 -1 0 5.3 
2003 7 14 17.7 31.6 41.1 -1 0 6.2 
2003 7 15 18.3 32.7 41.1 -1 0 3.5 
2003 7 16 22.7 33.3 40.0 -1 0 6.7 
2003 7 17 24.4 32.7 39.4 -1 0 9.8 
2003 7 18 23.3 32.7 39.4 -1 0 5.3 
2003 7 19 23.3 33.8 40.0 -1 0 7.1 
2003 7 20 22.2 31.6 40.0 -1 0 9.8 
2003 7 21 19.4 29.4 38.8 -1 0 4.9 
2003 7 22 27.7 35.0 40.0 -1 0 5.3 
2003 7 23 31.1 35.5 37.2 -1 0 3.5 
2003 7 24 21.6 30.5 38.3 -1 0 5.8 
2003 7 25 21.6 32.2 38.3 -1 0 8.4 
2003 7 26 22.2 30.5 38.3 -1 0 5.8 
2003 7 27 22.2 30.5 38.3 -1 0 6.7 
2003 7 28 19.4 28.3 37.2 -1 -1 9.3 
2003 7 29 19.4 30.0 37.2 -1 -1 6.7 
2003 7 30 19.4 28.8 37.7 -1 0 5.8 
2003 7 31 19.4 30.0 37.7 -1 0 4.9 
2003 8 1 21.6 27.7 35.5 -1 -1 8.0 
2003 8 2 20.5 28.3 35.5 -1 -1 4.0 
2003 8 3 18.3 23.8 35.0 -1 -1 11.1 
2003 8 4 18.3 27.2 35.0 -1 0 4.9 
2003 8 5 19.4 28.3 37.7 -1 0 4.9 
2003 8 6 17.7 28.8 38.3 -1 0 6.2 
2003 8 7 27.2 30.0 36.1 -1 0 9.8 
2003 8 8 20.0 27.2 35.5 -1 0 5.3 
2003 8 9 20.0 28.8 36.6 -1 0 8.0 
2003 8 10 18.3 30.0 38.8 -1 0 5.8 
2003 8 11 18.3 30.5 38.8 -1 0 6.7 
2003 8 12 21.1 30.0 36.1 -1 10 5.3 
2003 8 13 21.1 28.8 36.6 -1 0 8.4 
2003 8 14 22.2 30.5 38.3 -1 0 6.7 
2003 8 15 17.7 25.0 38.3 -1 0 8.4 
2003 8 16 17.7 25.5 30.5 -1 -1 6.7 
2003 8 17 15.0 23.3 32.2 -1 0 8.0 
2003 8 18 15.0 27.2 35.0 -1 0 6.2 
2003 8 19 13.3 26.1 35.5 -1 0 4.9 
2003 8 20 13.3 27.2 35.5 -1 -1 6.7 
2003 8 21 16.6 27.2 36.1 -1 -1 10.2 
2003 8 22 18.3 26.6 36.1 -1 0 6.2 
2003 8 23 17.7 23.3 33.8 -1 3 9.3 
2003 8 24 16.6 21.1 32.7 -1 8 12.5 
2003 8 25 16.6 25.5 33.8 -1 0 6.7 
2003 8 26 16.6 26.6 34.4 -1 0 4.0 
2003 8 27 20.0 26.1 34.4 -1 -1 8.0 
2003 8 28 14.4 24.4 32.2 -1 0 3.5 
2003 8 29 16.1 25.5 34.4 -1 0 3.5 
2003 8 30 16.1 24.4 34.4 -1 0 11.6 
2003 8 31 12.7 22.2 30.5 -1 0 5.8 
2003 9 1 12.7 23.8 33.3 -1 0 3.5 
2003 9 2 13.3 24.4 33.3 -1 0 3.5 
2003 9 3 15.5 25.0 33.3 -1 0 4.0 
2003 9 4 15.5 26.1 33.3 -1 0 5.8 
2003 9 5 17.7 25.5 33.3 -1 0 8.0 
2003 9 6 16.6 21.1 30.5 -1 -1 12.0 
2003 9 7 10.5 18.8 28.8 -1 0 5.3 
2003 9 8 10.5 22.2 29.4 -1 0 8.9 
2003 9 9 15.0 22.2 29.4 -1 -1 8.0 
2003 9 10 10.5 14.4 26.6 -1 8 9.3 
2003 9 11 6.6 13.8 22.2 -1 3 4.0 
2003 9 12 6.6 16.6 27.2 -1 0 3.5 
2003 9 13 9.4 18.8 27.2 -1 0 6.7 
2003 9 14 5.0 15.5 24.4 -1 0 3.5 
2003 9 15 5.0 17.2 29.4 -1 0 3.5 
2003 9 16 16.1 23.8 32.2 -1 0 9.8 
2003 9 17 15.5 24.4 31.6 -1 0 13.4 
2003 9 18 7.7 12.2 18.8 -1 0 7.1 
2003 9 19 2.2 12.7 25.0 -1 0 3.1 
2003 9 20 2.2 15.5 27.2 -1 0 4.0 
2003 9 21 4.4 17.2 27.2 -1 0 4.0 
2003 9 22 5.5 18.3 28.8 -1 0 3.5 
2003 9 23 6.6 18.8 31.6 -1 0 2.6 
2003 9 24 5.5 18.8 31.6 -1 0 3.5 
2003 9 25 4.4 18.3 30.5 -1 0 3.1 
2003 9 26 4.4 18.8 31.1 -1 0 2.2 
2003 9 27 7.7 21.1 31.1 -1 0 3.5 
2003 9 28 7.7 20.5 31.1 -1 0 2.2 
2003 9 29 7.7 21.1 32.2 -1 0 3.5 
2003 9 30 7.7 22.7 32.2 -1 0 5.3 
2003 10 1 10.5 22.2 31.6 -1 0 3.5 
2003 10 2 10.5 18.8 31.1 -1 0 7.1 
2003 10 3 10.0 15.0 21.6 -1 0 3.5 
2003 10 4 10.0 15.0 21.6 -1 13 9.8 
2003 10 5 7.7 15.0 23.3 -1 0 2.6 
2003 10 6 7.7 16.1 24.4 -1 0 3.5 
2003 10 7 7.7 16.6 26.1 -1 0 2.6 
2003 10 8 7.7 18.3 27.2 -1 0 2.6 
2003 10 9 9.4 18.8 28.8 -1 0 3.5 
2003 10 10 10.0 20.5 28.8 -1 0 8.9 
2003 10 11 7.2 13.8 19.4 -1 0 8.4 
2003 10 12 0.5 11.6 23.3 -1 0 3.1 
2003 10 13 0.5 14.4 23.3 -1 0 11.1 
2003 10 14 -0.5 10.0 21.1 -1 0 3.1 
2003 10 15 -0.5 11.1 24.4 -1 0 3.1 
2003 10 16 0.5 15.5 25.0 -1 0 5.3 
2003 10 17 3.3 15.0 26.1 -1 0 3.1 
2003 10 18 5.0 15.5 26.1 -1 0 2.6 
2003 10 19 4.4 15.5 26.6 -1 0 3.1 
2003 10 20 4.4 16.1 26.6 -1 0 3.1 
2003 10 21 5.0 16.1 26.1 -1 0 3.5 
2003 10 22 6.1 14.4 27.2 -1 0 2.6 
2003 10 23 4.4 13.3 26.6 -1 0 3.5 
2003 10 24 4.4 15.5 26.6 -1 0 5.8 
2003 10 25 4.4 11.6 23.3 -1 0 11.6 
2003 10 26 -1.1 7.7 16.1 -1 0 4.0 
2003 10 27 -1.1 7.7 17.7 -1 0 3.5 
2003 10 28 2.2 10.5 22.2 -1 0 6.7 
2003 10 29 0.5 12.2 26.6 -1 0 9.8 
2003 10 30 12.2 17.7 23.3 -1 0 9.3 
2003 10 31 3.8 11.1 22.2 -1 0 11.6 
2003 11 1 3.8 14.4 19.4 -1 0 10.2 
2003 11 2 2.2 9.4 14.4 -1 0 6.7 
2003 11 3 3.8 8.3 12.7 -1 3 9.8 
2003 11 4 -5.0 2.7 12.7 -1 -1 8.4 
2003 11 5 -6.1 5.0 11.1 -1 0 4.0 
2003 11 6 -5.5 3.3 11.1 -1 0 3.5 
2003 11 7 -5.5 5.5 11.6 -1 0 3.5 
2003 11 8 -2.7 7.2 14.4 -1 0 2.6 
2003 11 9 3.8 8.8 16.1 -1 -1 6.2 
2003 11 10 3.3 9.4 15.5 -1 3 3.5 
2003 11 11 1.1 6.6 13.3 -1 -1 6.2 
2003 11 12 0.0 5.5 12.7 -1 0 3.5 
2003 11 13 0.0 7.2 11.1 -1 3 4.0 
2003 11 14 3.8 7.2 11.1 -1 3 3.5 
2003 11 15 3.3 7.7 11.1 -1 0 3.1 
2003 11 16 3.3 6.6 11.1 -1 -1 5.8 
2003 11 17 0.5 5.5 10.5 -1 0 9.8 
2003 11 18 -5.5 2.7 10.5 -1 0 7.1 
2003 11 19 -5.5 3.3 10.0 -1 0 3.5 
2003 11 20 -7.2 1.6 11.1 -1 0 3.5 
2003 11 21 -3.8 5.5 17.2 -1 0 8.0 
2003 11 22 -5.0 2.7 16.6 -1 0 11.6 
2003 11 23 -13.3 -6.1 4.4 -1 0 6.7 
2003 11 24 -13.3 -5.5 1.1 -1 0 3.5 
2003 11 25 -10.5 -2.7 3.3 -1 0 3.1 
2003 11 26 -10.0 -3.3 6.1 -1 -1 12.5 
2003 11 27 -12.7 -3.3 6.1 -1 0 6.7 
2003 11 28 -12.7 -3.8 3.8 -1 0 3.5 
2003 11 29 -11.6 -2.7 5.5 -1 0 2.2 
2003 11 30 -7.2 -1.6 6.6 -1 0 2.6 
2003 12 1 -7.7 0.0 8.3 -1 0 3.1 
2003 12 2 -7.2 1.6 11.6 -1 0 3.5 
2003 12 3 -8.3 0.5 11.6 -1 0 3.5 
2003 12 4 -9.4 -1.1 8.3 -1 0 4.0 
2003 12 5 -9.4 1.6 8.3 -1 0 3.5 
2003 12 6 -2.2 2.2 7.7 -1 0 3.5 
2003 12 7 -4.4 6.1 15.5 -1 0 6.2 
2003 12 8 0.0 4.4 15.5 -1 5 11.6 
2003 12 9 -6.1 -0.5 6.1 -1 5 5.3 
2003 12 10 -6.1 -1.6 3.3 -1 0 3.1 
2003 12 11 -6.1 -1.6 3.3 -1 0 3.5 
2003 12 12 -8.8 -2.7 4.4 -1 0 2.6 
2003 12 13 -8.8 -1.1 5.5 -1 0 3.5 
2003 12 14 -2.2 1.6 7.7 -1 0 3.5 
2003 12 15 -2.2 1.6 7.7 -1 0 9.8 
2003 12 16 -12.2 -4.4 3.8 -1 0 3.1 
2003 12 17 -12.2 -4.4 2.2 -1 0 2.6 
2003 12 18 -8.8 -3.8 3.8 -1 0 3.1 
2003 12 19 -10.0 -2.7 5.5 -1 0 2.6 
2003 12 20 -9.4 -2.2 5.5 -1 0 2.2 
2003 12 21 -7.7 0.5 8.3 -1 0 4.0 
2003 12 22 -3.3 3.3 8.8 -1 -1 6.2 
2003 12 23 -5.5 0.0 8.8 -1 0 3.5 
2003 12 24 -3.8 -1.1 6.1 -1 0 3.5 
2003 12 25 -3.8 0.0 6.1 -1 0 3.5 
2003 12 26 -4.4 5.5 8.3 -1 3 11.1 
2003 12 27 -5.0 -1.6 8.3 -1 3 8.4 
2003 12 28 -13.3 -5.5 0.0 -1 0 7.1 
2003 12 29 -13.3 -6.1 0.5 -1 0 6.7 
2003 12 30 -11.1 -3.3 0.5 -1 3 4.0 
2003 12 31 -8.8 -6.1 -3.8 -1 0 2.6 
