2003 1 1 5.0 8.8 15.0 -1 0 3.1 
2003 1 2 5.0 11.1 17.7 -1 0 4.9 
2003 1 3 6.6 11.6 18.3 -1 0 4.9 
2003 1 4 6.6 11.1 18.3 -1 0 3.5 
2003 1 5 8.8 12.7 21.1 -1 0 3.5 
2003 1 6 7.2 13.8 21.1 -1 0 5.3 
2003 1 7 6.6 13.8 23.8 -1 0 3.5 
2003 1 8 7.2 16.1 23.8 -1 0 3.5 
2003 1 9 10.0 13.3 19.4 -1 0 3.5 
2003 1 10 12.2 13.8 17.2 -1 13 3.5 
2003 1 11 8.8 12.2 17.2 -1 8 3.1 
2003 1 12 8.8 11.6 16.1 -1 0 3.5 
2003 1 13 8.3 11.6 15.5 -1 0 3.5 
2003 1 14 8.3 12.7 15.0 -1 0 2.6 
2003 1 15 6.6 11.1 17.2 -1 0 3.5 
2003 1 16 5.5 11.6 23.8 -1 0 3.5 
2003 1 17 6.1 12.7 21.6 -1 0 2.6 
2003 1 18 4.4 11.1 21.1 -1 0 4.0 
2003 1 19 4.4 10.0 20.0 -1 0 5.8 
2003 1 20 7.7 11.1 13.8 -1 0 6.2 
2003 1 21 8.3 12.2 17.2 -1 5 3.5 
2003 1 22 8.8 13.8 17.2 -1 0 2.6 
2003 1 23 11.1 13.3 18.3 -1 0 3.1 
2003 1 24 8.8 12.7 16.1 -1 0 3.1 
2003 1 25 9.4 13.8 20.0 -1 0 3.5 
2003 1 26 8.3 13.3 20.5 -1 0 2.6 
2003 1 27 8.3 13.3 20.5 -1 0 3.5 
2003 1 28 7.7 11.6 15.0 -1 0 3.5 
2003 1 29 6.1 11.1 16.6 -1 0 4.0 
2003 1 30 6.1 12.7 21.1 -1 0 3.5 
2003 1 31 7.7 14.4 23.3 -1 0 4.9 
2003 2 1 10.0 12.7 23.3 -1 0 8.4 
2003 2 2 3.8 9.4 13.8 -1 0 7.1 
2003 2 3 4.4 10.5 19.4 -1 0 3.5 
2003 2 4 3.8 8.3 20.0 -1 0 3.5 
2003 2 5 2.7 10.0 20.5 -1 0 4.0 
2003 2 6 2.7 9.4 17.2 -1 0 4.0 
2003 2 7 4.4 10.0 17.7 -1 0 4.9 
2003 2 8 3.8 9.4 17.7 -1 0 4.0 
2003 2 9 5.0 10.0 17.7 -1 0 3.5 
2003 2 10 3.8 10.5 18.8 -1 0 4.0 
2003 2 11 3.8 13.3 18.8 -1 3 8.0 
2003 2 12 8.8 12.2 18.3 -1 8 3.5 
2003 2 13 9.4 13.8 18.3 -1 3 6.2 
2003 2 14 10.5 12.2 16.6 -1 0 5.3 
2003 2 15 8.8 11.6 15.0 -1 0 5.3 
2003 2 16 8.8 12.2 15.0 -1 20 8.0 
2003 2 17 6.6 10.0 14.4 -1 0 3.1 
2003 2 18 3.8 8.8 12.7 -1 0 3.5 
2003 2 19 3.3 10.5 13.8 -1 3 5.3 
2003 2 20 5.0 10.5 14.4 -1 0 6.7 
2003 2 21 5.0 10.5 15.5 -1 0 3.5 
2003 2 22 5.0 11.1 15.5 -1 0 2.6 
2003 2 23 6.1 11.1 16.1 -1 0 3.5 
2003 2 24 5.5 11.1 15.5 -1 0 3.5 
2003 2 25 6.6 10.0 13.8 -1 0 4.0 
2003 2 26 6.6 11.1 13.8 -1 0 5.3 
2003 2 27 5.5 10.0 13.8 -1 10 4.0 
2003 2 28 5.5 10.0 13.8 -1 0 4.9 
2003 3 2 5.5 10.5 14.4 -1 0 3.5 
2003 3 3 5.5 11.1 14.4 -1 0 4.0 
2003 3 4 5.5 9.4 13.3 -1 3 4.9 
2003 3 5 5.5 10.5 14.4 -1 0 4.9 
2003 3 6 3.8 9.4 15.0 -1 0 3.1 
2003 3 7 3.3 10.0 15.0 -1 0 4.0 
2003 3 8 3.3 9.4 14.4 -1 0 4.9 
2003 3 9 3.8 10.0 14.4 -1 0 4.0 
2003 3 10 3.8 11.1 17.7 -1 0 3.5 
2003 3 11 6.1 12.7 17.7 -1 0 3.5 
2003 3 12 8.8 12.7 17.7 -1 0 5.3 
2003 3 13 8.3 12.7 18.8 -1 0 8.0 
2003 3 14 10.0 16.1 21.1 -1 0 6.7 
2003 3 15 11.1 15.5 18.3 -1 10 6.2 
2003 3 16 7.2 11.1 14.4 -1 8 4.9 
2003 3 17 7.2 11.1 14.4 -1 5 9.8 
2003 3 18 7.7 11.1 13.8 -1 0 8.0 
2003 3 19 7.7 11.1 15.0 -1 0 4.0 
2003 3 20 7.7 12.7 15.0 -1 -1 6.2 
2003 3 21 6.6 11.6 15.0 -1 0 5.3 
2003 3 22 6.6 11.6 15.0 -1 0 4.0 
2003 3 23 8.8 11.6 14.4 -1 0 4.9 
2003 3 24 6.6 10.5 14.4 -1 0 5.3 
2003 3 25 6.1 11.1 17.2 -1 0 3.5 
2003 3 26 6.1 13.8 17.2 -1 0 5.3 
2003 3 27 7.7 11.6 17.2 -1 0 5.8 
2003 3 28 5.5 12.2 20.5 -1 0 4.9 
2003 3 29 5.5 15.5 22.7 -1 0 4.0 
2003 3 30 8.3 16.1 25.0 -1 0 3.5 
2003 3 31 7.7 14.4 18.8 -1 0 4.0 
2003 4 1 8.3 11.6 20.0 -1 3 4.0 
2003 4 2 7.7 9.4 12.7 -1 5 4.0 
2003 4 3 6.1 9.4 13.8 -1 8 5.3 
2003 4 4 5.5 10.5 13.8 -1 0 6.7 
2003 4 5 6.6 10.0 13.8 -1 5 7.1 
2003 4 6 5.0 10.0 15.0 -1 0 6.2 
2003 4 7 5.0 11.1 15.0 -1 0 4.9 
2003 4 8 6.1 12.2 17.7 -1 0 3.5 
2003 4 9 6.6 12.7 17.7 -1 0 4.0 
2003 4 10 6.6 13.8 18.8 -1 -1 5.3 
2003 4 11 9.4 13.3 18.8 -1 0 4.0 
2003 4 12 7.2 12.7 17.2 -1 -1 7.1 
2003 4 13 6.6 12.7 17.2 -1 8 6.7 
2003 4 14 6.6 10.5 15.5 -1 5 5.3 
2003 4 15 7.2 11.6 16.1 -1 -1 6.2 
2003 4 16 6.6 12.2 15.5 -1 0 4.9 
2003 4 17 8.8 11.1 13.8 -1 3 6.7 
2003 4 18 9.4 11.6 15.0 -1 -1 6.2 
2003 4 19 6.6 12.2 18.3 -1 0 5.3 
2003 4 20 6.6 11.1 18.3 -1 0 4.9 
2003 4 21 8.8 11.6 14.4 -1 0 5.3 
2003 4 22 7.7 10.5 13.8 -1 5 4.9 
2003 4 23 8.3 12.2 15.5 -1 3 5.8 
2003 4 24 10.0 12.2 15.5 -1 3 4.9 
2003 4 25 7.7 11.6 15.5 -1 3 5.3 
2003 4 26 6.6 11.1 15.5 -1 0 5.3 
2003 4 27 6.6 12.2 17.2 -1 0 8.9 
2003 4 28 8.3 12.7 17.2 -1 8 6.2 
2003 4 29 7.2 11.6 15.5 -1 0 5.8 
2003 4 30 6.1 11.1 15.5 -1 3 6.2 
2003 5 1 10.0 13.3 17.2 -1 0 5.8 
2003 5 2 10.0 13.3 17.2 -1 3 4.0 
2003 5 3 10.5 13.8 18.3 -1 8 6.7 
2003 5 4 10.5 12.7 18.3 -1 3 5.3 
2003 5 5 10.0 12.2 15.5 -1 0 5.3 
2003 5 6 9.4 12.7 16.1 -1 0 5.3 
2003 5 7 9.4 12.2 16.1 -1 5 6.7 
2003 5 8 8.8 11.6 13.8 -1 3 6.2 
2003 5 9 8.8 11.6 15.0 -1 3 6.7 
2003 5 10 8.3 12.2 15.0 -1 0 6.2 
2003 5 11 7.7 11.6 16.1 -1 0 5.8 
2003 5 12 8.3 12.2 16.6 -1 0 4.9 
2003 5 13 8.3 13.3 17.2 -1 0 4.9 
2003 5 14 9.4 12.2 17.2 -1 -1 4.9 
2003 5 15 12.2 13.3 16.1 -1 0 6.7 
2003 5 16 6.1 11.6 15.5 -1 0 4.9 
2003 5 17 6.1 11.6 15.5 -1 0 4.9 
2003 5 18 6.1 11.6 16.1 -1 0 5.3 
2003 5 19 6.1 13.8 20.5 -1 0 3.5 
2003 5 20 6.6 14.4 20.5 -1 0 3.5 
2003 5 21 7.7 13.3 20.0 -1 0 4.0 
2003 5 22 10.0 12.2 15.0 -1 0 5.3 
2003 5 23 7.7 11.6 16.1 -1 0 5.8 
2003 5 24 11.6 12.7 15.5 -1 0 3.5 
2003 5 25 12.2 15.5 21.1 -1 0 3.5 
2003 5 26 12.2 15.0 21.6 -1 0 4.9 
2003 5 27 10.0 15.5 22.7 -1 0 3.5 
2003 5 28 10.0 16.6 24.4 -1 0 5.8 
2003 5 29 11.6 14.4 23.8 -1 0 4.9 
2003 5 30 12.2 13.8 16.1 -1 0 6.2 
2003 5 31 11.1 13.3 16.6 -1 0 4.9 
2003 6 1 7.7 13.3 18.3 -1 0 4.0 
2003 6 2 8.8 15.5 22.7 -1 0 4.0 
2003 6 3 8.8 15.5 23.3 -1 0 3.5 
2003 6 4 10.0 15.5 22.2 -1 0 4.9 
2003 6 5 12.7 15.0 17.7 -1 0 3.5 
2003 6 6 12.7 15.0 18.8 -1 0 6.7 
2003 6 7 12.7 15.5 18.8 -1 0 4.9 
2003 6 8 12.2 13.8 16.1 -1 0 5.3 
2003 6 9 11.6 13.8 18.3 -1 0 6.7 
2003 6 10 11.6 14.4 18.3 -1 0 6.7 
2003 6 11 11.6 13.3 15.5 -1 0 4.9 
2003 6 12 11.6 13.3 17.2 -1 -1 4.9 
2003 6 13 12.2 14.4 18.8 -1 0 5.8 
2003 6 14 11.1 14.4 18.3 -1 0 6.2 
2003 6 15 11.1 14.4 18.3 -1 0 5.8 
2003 6 16 11.1 14.4 18.8 -1 0 4.9 
2003 6 17 12.2 13.8 18.3 -1 0 5.3 
2003 6 18 11.6 13.8 17.2 -1 0 5.8 
2003 6 19 11.6 13.3 17.2 -1 0 6.7 
2003 6 20 12.2 14.4 17.2 -1 0 6.7 
2003 6 21 12.2 15.0 17.7 -1 0 6.7 
2003 6 22 11.6 13.8 17.7 -1 0 6.7 
2003 6 23 11.1 13.3 17.2 -1 0 5.8 
2003 6 24 8.8 15.0 23.3 -1 0 8.9 
2003 6 25 8.8 18.8 27.7 -1 0 2.6 
2003 6 26 22.2 26.6 33.3 -1 0 3.5 
2003 6 27 14.4 23.3 34.4 -1 0 3.5 
2003 6 28 12.7 16.6 22.7 -1 0 3.5 
2003 6 29 11.6 13.8 21.6 -1 0 4.9 
2003 6 30 11.6 15.5 19.4 -1 0 5.3 
2003 7 1 12.7 15.0 18.8 -1 0 4.0 
2003 7 2 8.8 14.4 17.7 -1 0 4.0 
2003 7 3 9.4 13.3 18.3 -1 0 3.5 
2003 7 4 10.0 13.3 17.7 -1 0 3.5 
2003 7 5 9.4 12.7 17.7 -1 0 5.3 
2003 7 6 9.4 13.3 17.2 -1 0 5.3 
2003 7 7 11.6 13.3 17.7 -1 0 5.3 
2003 7 8 11.1 15.0 18.8 -1 0 5.3 
2003 7 9 11.1 14.4 18.3 -1 0 4.9 
2003 7 10 10.0 13.3 20.0 -1 0 5.8 
2003 7 11 10.0 14.4 20.0 -1 0 4.9 
2003 7 12 10.0 15.5 22.7 -1 0 5.3 
2003 7 13 10.0 16.6 22.7 -1 0 4.0 
2003 7 14 10.0 16.1 22.2 -1 0 3.1 
2003 7 15 10.0 15.0 22.2 -1 0 5.3 
2003 7 16 11.6 14.4 20.5 -1 0 4.9 
2003 7 17 11.1 15.0 21.1 -1 0 4.9 
2003 7 18 10.0 15.0 21.1 -1 0 3.5 
2003 7 19 11.1 15.0 18.3 -1 0 3.5 
2003 7 20 12.7 16.6 23.8 -1 0 4.0 
2003 7 21 12.7 17.2 25.5 -1 0 3.5 
2003 7 22 12.7 16.1 25.5 -1 0 3.5 
2003 7 23 12.2 15.0 18.3 -1 0 4.9 
2003 7 24 12.2 15.5 19.4 -1 0 6.7 
2003 7 25 12.7 15.0 20.0 -1 0 5.8 
2003 7 26 12.7 15.5 22.7 -1 0 4.0 
2003 7 27 13.3 16.6 23.3 -1 0 4.9 
2003 7 28 13.8 16.6 21.6 -1 0 3.5 
2003 7 29 12.7 14.4 21.6 -1 0 4.0 
2003 7 30 12.7 16.1 21.1 -1 0 4.9 
2003 7 31 13.8 17.2 21.1 -1 -1 3.5 
2003 8 1 14.4 17.2 22.2 -1 0 5.8 
2003 8 2 17.2 18.8 23.3 -1 0 5.3 
2003 8 3 16.6 18.3 22.7 -1 0 4.0 
2003 8 4 13.8 18.8 24.4 -1 0 4.0 
2003 8 5 13.8 20.0 25.0 -1 0 4.0 
2003 8 6 16.1 18.8 22.2 -1 0 5.3 
2003 8 7 12.2 17.7 21.1 -1 0 5.3 
2003 8 8 12.2 17.2 22.2 -1 0 4.9 
2003 8 9 11.6 18.3 22.2 -1 0 4.0 
2003 8 10 12.2 17.7 22.2 -1 0 5.3 
2003 8 11 11.6 17.7 22.2 -1 0 5.8 
2003 8 12 11.6 16.6 22.2 -1 0 5.3 
2003 8 13 13.3 16.1 20.5 -1 0 4.0 
2003 8 14 13.8 17.2 21.1 -1 0 5.3 
2003 8 15 13.8 16.6 21.1 -1 0 5.3 
2003 8 16 12.7 16.1 20.5 -1 0 4.9 
2003 8 17 12.7 15.5 21.1 -1 0 4.0 
2003 8 18 12.7 15.5 19.4 -1 0 4.9 
2003 8 19 13.3 16.6 20.0 -1 0 4.0 
2003 8 20 15.0 17.7 22.2 -1 0 4.9 
2003 8 21 15.0 18.3 22.2 -1 0 6.2 
2003 8 22 15.5 18.8 22.2 -1 0 4.9 
2003 8 23 12.7 17.2 22.7 -1 0 4.0 
2003 8 24 13.8 19.4 28.8 -1 0 3.5 
2003 8 25 13.3 20.5 28.8 -1 0 3.5 
2003 8 26 13.8 18.3 26.6 -1 -1 4.0 
2003 8 27 13.8 16.1 21.6 -1 0 4.0 
2003 8 28 13.8 15.5 18.8 -1 0 5.3 
2003 8 29 12.7 14.4 17.7 -1 0 5.8 
2003 8 30 11.6 13.3 17.7 -1 0 4.0 
2003 8 31 11.6 15.0 21.6 -1 0 4.0 
2003 9 1 12.2 16.1 21.6 -1 0 3.5 
2003 9 2 12.7 16.1 21.6 -1 0 3.5 
2003 9 3 12.7 16.6 21.6 -1 0 4.0 
2003 9 4 14.4 18.3 21.6 -1 0 4.9 
2003 9 5 12.7 17.2 20.5 -1 0 5.3 
2003 9 6 12.7 17.2 21.6 -1 0 5.3 
2003 9 7 11.6 16.6 21.6 -1 0 4.9 
2003 9 8 11.6 17.2 20.0 -1 0 5.3 
2003 9 9 13.3 16.6 21.1 -1 0 4.0 
2003 9 10 13.8 17.7 21.6 -1 0 3.5 
2003 9 11 13.8 20.5 26.6 -1 0 3.1 
2003 9 12 14.4 21.6 27.7 -1 0 3.1 
2003 9 13 13.8 21.1 28.8 -1 0 2.2 
2003 9 14 12.7 16.1 26.1 -1 0 4.0 
2003 9 15 12.7 16.6 21.1 -1 0 4.9 
2003 9 16 12.7 16.1 20.0 -1 0 4.0 
2003 9 17 12.7 16.1 21.1 -1 0 3.5 
2003 9 18 12.2 17.7 24.4 -1 0 2.2 
2003 9 19 11.1 17.7 23.8 -1 0 3.1 
2003 9 20 9.4 16.6 24.4 -1 0 3.5 
2003 9 21 15.0 20.5 26.1 -1 0 0.8 
2003 9 22 13.8 21.1 28.3 -1 0 3.1 
2003 9 23 13.3 16.1 28.3 -1 0 4.9 
2003 9 24 13.8 16.6 20.5 -1 0 3.1 
2003 9 25 15.0 16.6 20.0 -1 0 4.0 
2003 9 26 13.8 15.0 18.8 -1 0 3.5 
2003 9 27 13.8 15.0 17.7 -1 0 3.5 
2003 9 28 12.7 15.0 17.7 -1 0 3.5 
2003 9 29 11.1 15.5 18.8 -1 0 3.5 
2003 9 30 10.0 15.5 20.0 -1 0 4.0 
2003 10 1 11.6 14.4 20.0 -1 0 3.5 
2003 10 2 12.7 14.4 15.5 -1 0 3.5 
2003 10 3 12.7 13.8 16.1 -1 0 3.5 
2003 10 4 11.6 14.4 18.8 -1 0 2.6 
2003 10 5 11.1 15.0 18.8 -1 0 3.5 
2003 10 6 11.1 14.4 20.0 -1 0 5.3 
2003 10 7 11.1 13.8 18.8 -1 0 5.8 
2003 10 8 11.6 13.8 19.4 -1 0 3.5 
2003 10 9 12.7 15.0 18.3 -1 0 4.9 
2003 10 10 7.7 13.3 18.3 -1 0 4.9 
2003 10 11 6.6 12.7 19.4 -1 0 4.9 
2003 10 12 6.6 13.8 19.4 -1 0 3.5 
2003 10 13 8.8 15.0 22.7 -1 0 3.5 
2003 10 14 7.7 13.3 23.8 -1 0 3.5 
2003 10 15 7.7 12.7 19.4 -1 0 4.0 
2003 10 16 7.7 12.7 18.8 -1 0 3.5 
2003 10 17 7.7 13.3 20.0 -1 0 2.6 
2003 10 18 7.7 13.3 20.0 -1 0 4.0 
2003 10 19 7.7 16.1 21.6 -1 0 3.5 
2003 10 20 10.0 14.4 21.6 -1 0 3.1 
2003 10 21 6.6 11.6 17.2 -1 0 2.2 
2003 10 22 6.6 13.8 19.4 -1 0 4.9 
2003 10 23 8.3 15.0 23.8 -1 0 3.5 
2003 10 24 9.4 17.2 28.8 -1 0 3.5 
2003 10 25 10.0 19.4 31.6 -1 0 3.5 
2003 10 26 12.7 20.5 31.6 -1 0 3.5 
2003 10 27 13.8 21.1 31.1 -1 0 3.5 
2003 10 28 14.4 20.5 31.1 -1 0 3.5 
2003 10 29 10.0 15.0 18.8 -1 0 7.1 
2003 10 30 8.8 12.7 18.3 -1 0 6.2 
2003 10 31 7.7 10.5 14.4 -1 8 3.5 
2003 11 1 3.8 9.4 13.8 -1 0 4.0 
2003 11 2 4.4 10.0 15.0 -1 0 3.5 
2003 11 3 4.4 11.6 13.8 -1 3 5.3 
2003 11 4 6.1 10.0 13.3 -1 5 3.5 
2003 11 5 5.0 10.5 17.2 -1 0 3.5 
2003 11 6 5.0 13.8 18.8 -1 0 4.0 
2003 11 7 10.0 13.8 18.8 -1 5 4.0 
2003 11 8 10.0 13.8 19.4 -1 8 5.3 
2003 11 9 10.0 15.5 19.4 -1 3 4.9 
2003 11 10 8.8 13.3 16.6 -1 0 3.1 
2003 11 11 7.2 13.3 19.4 -1 0 3.5 
2003 11 12 6.6 12.7 20.5 -1 0 3.5 
2003 11 13 6.6 13.8 20.5 -1 0 6.2 
2003 11 14 8.3 12.7 17.7 -1 -1 5.8 
2003 11 15 8.8 11.6 13.8 -1 3 3.5 
2003 11 16 6.6 10.5 15.0 -1 5 3.5 
2003 11 17 6.6 13.3 16.1 -1 0 3.5 
2003 11 18 7.7 12.7 23.3 -1 0 3.5 
2003 11 19 7.7 13.3 23.3 -1 0 2.2 
2003 11 20 7.7 11.6 19.4 -1 0 3.5 
2003 11 21 5.5 10.5 16.6 -1 0 7.1 
2003 11 22 2.7 8.8 14.4 -1 0 6.2 
2003 11 23 0.5 7.2 16.1 -1 0 3.5 
2003 11 24 0.5 8.3 16.1 -1 0 3.5 
2003 11 25 3.8 10.0 15.0 -1 0 3.5 
2003 11 26 5.5 10.0 13.8 -1 0 5.3 
2003 11 27 2.7 9.4 17.2 -1 0 3.5 
2003 11 28 2.7 12.7 17.2 -1 0 2.6 
2003 11 29 7.2 11.1 16.6 -1 0 3.5 
2003 11 30 7.2 12.2 15.0 -1 3 3.5 
2003 12 1 10.0 13.3 18.3 -1 10 7.1 
2003 12 2 8.8 12.7 18.3 -1 0 3.5 
2003 12 3 7.7 11.6 16.1 -1 0 4.9 
2003 12 4 6.1 10.0 15.0 -1 -1 2.6 
2003 12 5 6.1 12.7 16.1 -1 0 2.6 
2003 12 6 11.1 13.8 16.6 -1 3 3.5 
2003 12 7 12.7 14.4 16.6 -1 0 5.3 
2003 12 8 3.8 10.0 13.8 -1 0 4.9 
2003 12 9 4.4 9.4 16.6 -1 0 6.7 
2003 12 10 5.0 13.3 16.6 -1 0 8.9 
2003 12 11 8.8 11.6 14.4 -1 3 7.1 
2003 12 12 5.5 8.8 13.8 -1 0 4.9 
2003 12 13 11.1 13.8 17.2 -1 0 3.1 
2003 12 14 10.0 12.7 16.6 -1 3 9.3 
2003 12 15 2.7 8.8 15.5 -1 0 3.5 
2003 12 16 6.1 10.5 18.8 -1 0 4.0 
2003 12 17 2.7 9.4 17.7 -1 0 3.5 
2003 12 18 3.3 11.1 18.3 -1 0 3.5 
2003 12 19 6.6 11.1 19.4 -1 3 5.3 
2003 12 20 7.7 12.2 19.4 -1 8 5.3 
2003 12 21 7.2 11.6 16.1 -1 0 3.1 
2003 12 22 6.6 10.0 16.1 -1 0 3.5 
2003 12 23 10.0 13.3 17.2 -1 0 4.9 
2003 12 24 12.2 14.4 18.3 -1 3 7.1 
2003 12 25 7.7 11.1 12.7 -1 8 4.0 
2003 12 26 6.6 9.4 12.7 -1 20 7.1 
2003 12 27 2.7 7.2 12.2 -1 3 3.5 
2003 12 28 2.2 7.2 12.2 -1 0 3.5 
2003 12 29 2.2 11.1 13.8 -1 -1 8.4 
2003 12 30 8.8 11.1 13.8 -1 38 6.7 
2003 12 31 7.7 10.5 13.8 -1 0 3.1 
