2003 1 1 -12.7 -5.0 1.6 99 20 29.5 
2003 1 2 -12.7 -7.7 2.2 99 0 17.4 
2003 1 3 -1.0 -13.8 -12.2 99 -1 16.0 
2003 1 4 -21.6 -13.8 -11.1 79 3 26.8 
2003 1 5 -1.0 -12.2 -6.6 79 3 15.6 
2003 1 6 -13.8 -12.2 -11.1 79 -1 11.1 
2003 1 7 -17.7 -15.5 -12.7 79 -1 12.9 
2003 1 8 -17.2 -15.0 -13.3 99 5 30.8 
2003 1 9 -20.5 -15.0 -10.0 99 5 23.6 
2003 1 10 -23.3 -16.1 -10.5 99 3 27.7 
2003 1 11 -26.6 -23.3 -20.0 99 5 36.2 
2003 1 12 -22.7 -20.5 -1.0 99 0 36.6 
2003 1 13 -21.1 -17.7 -14.4 99 0 30.8 
2003 1 14 -27.2 -22.7 -1.0 99 3 23.6 
2003 1 15 -24.4 -21.1 -1.0 99 0 21.9 
2003 1 16 -27.2 -23.8 -21.1 99 0 29.5 
2003 1 17 -24.4 -19.4 -1.0 99 -1 19.2 
2003 1 18 -26.6 -17.7 -14.4 99 0 12.9 
2003 1 19 -20.5 -17.7 -14.4 99 -1 13.4 
2003 1 20 -25.5 -22.2 -20.0 99 0 29.5 
2003 1 21 -32.2 -28.8 -25.0 99 8 42.9 
2003 1 22 -36.6 -35.5 -33.8 99 0 -1.0 
2003 1 23 -25.5 -13.3 -11.6 99 -1 24.5 
2003 1 24 -22.2 -20.0 -15.0 99 0 30.8 
2003 1 25 -25.5 -22.2 -17.2 99 0 27.7 
2003 1 26 -19.4 -1.0 -17.2 99 0 23.2 
2003 1 27 -29.4 -23.3 -16.6 99 3 27.7 
2003 1 28 -25.5 -22.7 -20.5 99 0 31.2 
2003 1 29 -22.7 -1.0 -13.3 99 0 21.9 
2003 1 30 -1.0 -12.7 -10.5 99 -1 23.6 
2003 1 31 -14.4 -8.3 -3.8 99 0 21.0 
2003 2 1 -7.7 -5.5 -3.8 99 0 9.8 
2003 2 3 -15.0 -10.5 -7.2 150 36 37.9 
2003 2 4 -10.0 -6.1 -2.7 150 5 26.3 
2003 2 5 -23.3 -17.7 -12.2 130 18 42.9 
2003 2 6 -26.6 -26.1 -24.4 99 0 33.9 
2003 2 8 -26.1 -16.6 -13.8 99 0 27.7 
2003 2 9 -19.4 -17.7 -15.0 99 0 25.4 
2003 2 11 -30.5 -21.1 -14.4 99 -1 26.3 
2003 2 12 -27.2 -23.8 -1.0 99 3 31.2 
2003 2 15 -34.4 -31.6 -28.3 99 0 31.7 
2003 2 16 -28.8 -23.3 -16.6 99 0 33.5 
2003 2 17 -16.1 -12.2 -10.0 99 0 11.6 
2003 2 18 -11.1 -10.0 -8.3 150 3 11.1 
2003 2 19 -8.8 -7.7 -6.1 180 3 -1.0 
2003 2 20 -15.5 -11.1 -8.8 150 0 27.7 
2003 2 21 -11.1 -8.8 -7.2 99 0 30.8 
2003 2 22 -10.0 -7.2 -3.8 180 5 19.6 
2003 2 23 -8.8 -6.1 2.2 180 13 21.9 
2003 2 24 -22.2 -16.6 -10.0 180 15 42.0 
2003 2 25 -22.2 -20.0 -17.2 180 3 31.7 
2003 2 26 -32.2 -22.7 -1.0 180 0 26.8 
2003 2 27 -20.0 -16.1 -13.3 180 0 14.3 
2003 2 28 -15.0 -12.7 -7.7 180 0 8.9 
2003 3 2 -12.2 -7.7 -5.0 201 0 20.5 
2003 3 3 -27.2 -13.8 -7.2 201 8 41.1 
2003 3 4 -29.4 -20.5 -12.2 201 5 28.1 
2003 3 5 -13.3 -7.2 -3.3 201 3 28.6 
2003 3 6 -22.7 -16.6 -3.8 180 5 27.7 
2003 3 7 -23.3 -16.1 -12.2 180 0 23.6 
2003 3 8 -17.2 -11.1 -3.3 180 3 24.5 
2003 3 9 -26.1 -10.0 -2.7 201 3 37.1 
2003 3 11 -25.5 -18.8 -14.4 180 0 27.7 
2003 3 12 -17.2 -12.2 -8.8 180 3 30.3 
2003 3 13 -20.5 -16.1 -8.8 201 5 26.8 
2003 3 14 -26.6 -23.8 -17.2 180 3 30.8 
2003 3 15 -20.5 -12.7 -6.6 180 0 21.9 
2003 3 16 -7.7 -2.2 1.1 180 0 18.7 
2003 3 17 0.0 2.2 6.1 130 0 21.4 
2003 3 18 -7.2 -2.2 0.5 -1 0 24.5 
2003 3 19 -12.2 -7.7 -2.7 79 0 15.6 
2003 3 20 -2.7 -1.1 2.2 79 -1 25.0 
2003 3 21 -2.2 -0.5 1.6 99 13 25.0 
2003 3 22 -2.2 0.5 2.2 79 0 12.5 
2003 3 23 -7.7 -6.6 -2.7 79 0 16.5 
2003 3 24 -7.7 -4.4 -1.1 79 0 8.9 
2003 3 25 -3.8 -0.5 3.3 79 0 18.7 
2003 3 26 -0.5 1.1 2.7 79 0 23.2 
2003 3 27 -8.3 -6.6 -1.6 99 10 21.4 
2003 3 28 -8.8 -2.7 0.0 79 0 16.0 
2003 3 29 -3.8 1.6 5.0 79 3 20.5 
2003 3 30 -6.1 -2.7 1.6 99 38 21.9 
2003 3 31 -12.7 -12.2 -11.6 130 13 23.2 
2003 4 1 -17.7 -13.3 -8.8 99 10 -1.0 
2003 4 2 -12.2 -8.3 -4.4 99 3 18.3 
2003 4 3 -11.6 -8.3 -5.5 130 0 13.4 
2003 4 4 -12.7 -9.4 -7.7 130 5 11.1 
2003 4 5 -13.3 -8.3 -3.3 150 8 18.7 
2003 4 6 -1.0 -13.8 -8.3 150 13 33.9 
2003 4 7 -19.4 -14.4 -7.2 130 0 19.6 
2003 4 8 -10.0 -8.3 -6.1 180 5 9.8 
2003 4 9 -7.7 -6.1 -5.0 180 -1 12.5 
2003 4 10 -8.8 -5.0 0.0 150 0 12.5 
2003 4 11 -2.2 1.6 5.5 130 -1 11.6 
2003 4 12 -3.8 -0.5 2.2 99 3 18.3 
2003 4 13 -11.1 -8.3 -3.3 99 -1 21.0 
2003 4 14 -11.6 -6.1 0.5 99 0 24.5 
2003 4 15 0.0 3.8 10.0 79 0 27.7 
2003 4 16 -12.2 0.5 7.7 51 3 29.5 
2003 4 17 -17.7 -12.7 -6.1 30 0 24.5 
2003 4 18 -10.5 -1.1 2.7 30 0 12.9 
2003 4 19 0.0 5.0 9.4 30 3 12.9 
2003 4 20 3.8 6.6 10.0 30 0 8.0 
2003 4 21 2.2 5.0 6.1 30 0 14.3 
2003 4 22 -0.5 1.6 5.5 30 0 14.7 
2003 4 23 -1.1 0.5 1.6 -1 5 6.7 
2003 4 25 -12.2 -8.8 -4.4 99 23 26.8 
2003 4 26 -7.2 -2.7 -0.5 130 3 27.7 
2003 4 27 -3.3 -1.1 1.6 130 30 21.0 
2003 4 28 -2.7 2.2 8.3 51 0 21.9 
2003 4 29 -2.2 2.7 6.6 30 -1 25.4 
2003 4 30 -8.3 -5.0 -0.5 30 0 21.9 
2003 5 1 -3.8 0.5 7.2 30 0 25.0 
2003 5 2 5.0 6.1 6.1 -1 5 19.2 
2003 5 3 -8.8 -3.8 0.0 -1 23 18.7 
2003 5 4 -5.0 0.5 5.5 -1 0 11.1 
2003 5 5 0.5 3.3 7.7 -1 0 8.9 
2003 5 6 -2.2 -0.5 2.7 -1 0 20.5 
2003 5 7 1.1 2.7 3.8 -1 0 19.2 
2003 5 8 -1.1 2.2 4.4 -1 0 6.7 
2003 5 9 -2.2 0.5 1.6 -1 0 10.2 
2003 5 10 -1.1 0.5 1.1 -1 0 19.2 
2003 5 11 -1.1 3.3 8.8 -1 -1 15.6 
2003 5 12 0.0 1.1 5.0 -1 18 18.7 
2003 5 13 -2.2 -1.1 1.6 -1 3 10.2 
2003 5 14 -3.8 -2.7 0.0 -1 13 16.0 
2003 5 15 -1.1 0.5 1.1 -1 0 9.8 
2003 5 16 -2.2 -0.5 1.6 -1 0 9.8 
2003 5 17 -2.7 1.1 6.1 -1 0 12.9 
2003 5 18 2.7 6.1 10.0 -1 0 8.0 
2003 5 19 7.2 10.0 13.3 -1 0 6.7 
2003 5 20 7.7 10.5 15.0 -1 0 6.7 
2003 5 21 2.7 5.5 11.1 -1 3 14.7 
2003 5 22 1.1 3.3 7.2 -1 0 5.8 
2003 5 23 2.7 4.4 7.7 -1 0 5.3 
2003 5 25 1.1 2.2 4.4 -1 23 16.0 
2003 5 26 2.2 3.8 4.4 -1 10 9.3 
2003 5 27 2.2 2.2 3.3 -1 18 6.7 
2003 5 28 1.6 2.7 3.8 -1 5 4.9 
2003 5 29 1.6 2.7 4.4 -1 18 12.5 
2003 5 30 2.7 4.4 6.6 -1 8 13.4 
2003 5 31 1.1 3.8 8.3 -1 8 12.0 
2003 6 1 2.7 3.3 5.0 -1 8 16.0 
2003 6 2 -4.4 0.0 2.2 -1 15 24.5 
2003 6 3 -4.4 0.0 5.0 -1 0 24.5 
2003 6 4 -0.5 3.8 9.4 -1 0 21.9 
2003 6 5 5.0 5.5 7.2 -1 8 12.0 
2003 6 6 0.5 4.4 8.3 -1 43 24.1 
2003 6 7 6.1 7.2 8.3 -1 3 12.5 
2003 6 8 3.8 4.4 6.1 -1 3 6.2 
2003 6 9 2.7 5.0 6.6 -1 3 18.7 
2003 6 10 0.0 3.3 6.1 -1 18 30.3 
2003 6 11 2.2 6.6 10.0 -1 3 21.9 
2003 6 12 3.3 8.3 12.2 -1 5 19.6 
2003 6 13 3.8 6.6 10.0 -1 8 14.3 
2003 6 14 2.2 6.1 8.3 -1 43 18.3 
2003 6 15 1.1 3.8 5.5 -1 20 18.3 
2003 6 16 0.0 5.5 8.3 -1 3 12.0 
2003 6 17 5.0 8.3 15.0 -1 0 8.9 
2003 6 18 6.1 8.8 12.2 -1 0 8.9 
2003 6 19 5.0 8.3 12.2 -1 0 8.9 
2003 6 20 2.7 8.8 13.8 -1 -1 6.7 
2003 6 21 7.2 10.5 14.4 -1 0 5.3 
2003 6 22 7.2 10.0 13.3 -1 0 13.4 
2003 6 23 7.7 11.1 15.5 -1 3 12.9 
2003 6 24 12.2 15.5 19.4 -1 0 10.2 
2003 6 25 11.1 15.0 18.3 -1 0 12.5 
2003 6 26 12.7 16.1 21.6 -1 0 11.1 
2003 6 27 13.8 16.6 22.2 -1 0 10.2 
2003 6 28 5.0 8.8 18.8 -1 0 12.0 
2003 6 29 8.8 11.6 15.0 -1 0 9.8 
2003 6 30 7.7 9.4 10.5 -1 10 18.3 
2003 7 1 5.0 7.7 11.1 -1 0 16.5 
2003 7 2 5.5 10.0 13.3 -1 0 15.1 
2003 7 3 8.8 11.6 16.1 -1 -1 16.0 
2003 7 4 11.1 14.4 18.3 -1 0 8.4 
2003 7 5 11.1 13.3 15.0 -1 5 16.0 
2003 7 6 9.4 11.6 16.6 -1 10 18.7 
2003 7 7 8.8 11.6 15.0 -1 0 15.6 
2003 7 8 10.5 12.7 15.5 -1 5 14.7 
2003 7 9 5.5 7.7 13.3 -1 5 20.5 
2003 7 10 3.8 7.2 13.8 -1 0 12.0 
2003 7 11 1.6 6.1 12.2 -1 8 16.0 
2003 7 12 7.2 9.4 10.0 -1 20 18.7 
2003 7 13 6.1 7.2 8.3 -1 0 21.9 
2003 7 14 6.1 9.4 13.8 -1 0 18.7 
2003 7 15 7.7 10.5 15.0 -1 0 5.3 
2003 7 16 6.6 9.4 11.1 -1 10 12.0 
2003 7 17 8.3 10.0 11.6 -1 3 10.2 
2003 7 18 6.1 8.8 10.0 -1 15 15.6 
2003 7 19 3.8 7.2 9.4 -1 30 12.5 
2003 7 20 6.1 8.8 12.2 -1 0 9.8 
2003 7 21 7.7 9.4 11.6 -1 8 14.3 
2003 7 22 10.0 10.5 12.2 -1 25 18.7 
2003 7 23 10.5 11.6 12.7 -1 8 9.8 
2003 7 24 10.0 11.6 12.2 -1 10 16.5 
2003 7 25 7.2 9.4 10.0 -1 25 15.6 
2003 7 26 7.7 9.4 11.1 -1 3 23.6 
2003 7 27 7.7 10.5 13.3 -1 0 25.4 
2003 7 28 2.7 5.5 13.3 -1 15 27.7 
2003 7 29 5.0 7.2 10.0 -1 0 23.2 
2003 7 30 6.6 10.0 14.4 -1 0 8.9 
2003 7 31 9.4 11.6 15.0 -1 -1 5.3 
2003 8 1 7.2 10.0 11.1 -1 5 10.2 
2003 8 2 11.6 12.7 12.7 -1 30 9.8 
2003 8 3 11.1 12.7 17.7 -1 3 12.0 
2003 8 4 12.7 13.3 13.8 -1 3 9.3 
2003 8 5 12.7 13.3 15.0 -1 13 6.7 
2003 8 6 11.6 12.7 14.4 -1 46 9.8 
2003 8 7 10.0 11.6 13.8 -1 3 12.5 
2003 8 8 11.1 12.7 13.8 -1 3 4.9 
2003 8 9 12.2 13.8 16.1 -1 3 3.5 
2003 8 10 11.6 12.7 14.4 -1 107 11.1 
2003 8 11 11.6 13.3 17.7 -1 8 14.3 
2003 8 12 12.2 13.3 14.4 -1 3 6.7 
2003 8 13 11.1 12.7 13.8 -1 8 13.4 
2003 8 14 8.3 11.1 12.2 -1 5 21.4 
2003 8 15 10.0 12.2 15.0 -1 0 17.4 
2003 8 16 8.8 11.6 15.5 -1 10 21.9 
2003 8 17 7.2 9.4 12.7 -1 8 16.0 
2003 8 18 7.7 9.4 11.6 -1 3 8.0 
2003 8 19 7.2 9.4 12.2 -1 0 16.0 
2003 8 20 10.0 12.2 16.1 -1 0 15.1 
2003 8 21 11.6 13.8 18.8 -1 0 6.7 
2003 8 22 11.6 13.3 16.6 -1 0 15.6 
2003 8 23 2.2 5.5 12.2 -1 0 21.9 
2003 8 24 -4.4 1.1 4.4 -1 0 27.7 
2003 8 25 1.6 3.8 7.2 -1 3 21.4 
2003 8 26 4.4 8.8 11.1 -1 15 18.7 
2003 8 27 5.5 9.4 11.1 -1 5 26.8 
2003 8 28 0.0 1.6 5.0 -1 0 24.1 
2003 8 29 0.5 8.3 12.7 -1 3 19.2 
2003 8 30 2.7 8.3 12.7 -1 10 24.5 
2003 8 31 -1.1 2.7 7.7 -1 0 16.0 
2003 9 1 2.2 4.4 7.2 -1 0 14.7 
2003 9 2 4.4 6.1 7.7 -1 0 9.8 
2003 9 3 5.0 6.6 10.0 -1 0 12.5 
2003 9 4 3.8 8.3 11.1 -1 56 14.3 
2003 9 5 3.8 6.1 8.8 -1 8 12.5 
2003 9 6 2.7 7.2 11.6 -1 0 11.1 
2003 9 7 5.0 6.6 8.3 -1 -1 16.0 
2003 9 8 1.6 4.4 7.7 -1 0 15.6 
2003 9 9 0.5 3.3 6.1 -1 0 6.7 
2003 9 10 2.2 5.5 10.0 -1 0 12.9 
2003 9 11 7.7 9.4 11.6 -1 0 12.5 
2003 9 12 7.2 11.6 14.4 -1 0 8.4 
2003 9 13 11.1 13.3 18.3 -1 0 12.0 
2003 9 14 10.5 12.2 14.4 -1 -1 9.3 
2003 9 15 11.1 11.6 13.3 -1 3 9.8 
2003 9 16 6.1 9.4 10.0 -1 13 11.6 
2003 9 17 2.7 6.1 8.8 -1 25 15.1 
2003 9 18 3.8 6.6 8.8 -1 0 9.8 
2003 9 19 5.5 8.3 11.6 -1 28 23.6 
2003 9 20 7.7 10.5 11.1 -1 20 18.7 
2003 9 21 2.2 6.6 11.1 -1 10 6.7 
2003 9 22 2.7 8.8 14.4 -1 0 6.7 
2003 9 23 3.8 6.6 11.1 -1 0 21.4 
2003 9 24 1.1 2.7 5.0 -1 51 23.2 
2003 9 25 2.2 6.6 11.1 -1 3 15.6 
2003 9 26 1.6 5.0 7.7 -1 10 15.6 
2003 9 27 7.2 8.3 10.0 -1 5 18.3 
2003 9 29 2.2 3.8 7.2 -1 18 14.3 
2003 9 30 -3.3 -1.1 1.1 -1 0 15.6 
2003 10 1 -3.3 -1.6 -1.1 -1 3 11.6 
2003 10 2 -5.5 -3.8 -2.7 51 8 16.5 
2003 10 3 -11.6 -6.6 -3.8 51 18 22.3 
2003 10 4 -6.6 -3.3 0.0 79 0 23.6 
2003 10 5 -7.2 -5.5 -2.2 79 3 21.0 
2003 10 6 -8.3 -6.1 -4.4 79 3 19.6 
2003 10 7 -7.2 -4.4 -2.7 79 0 16.0 
2003 10 8 -2.7 2.7 5.0 79 0 16.0 
2003 10 9 3.8 7.7 11.1 -1 0 21.9 
2003 10 10 7.2 9.4 12.2 -1 0 6.7 
2003 10 11 7.7 8.8 12.7 -1 0 3.5 
2003 10 12 5.5 6.6 8.8 -1 5 9.3 
2003 10 13 -2.2 1.1 9.4 -1 15 24.5 
2003 10 14 -2.7 3.3 6.6 -1 0 21.4 
2003 10 15 -1.1 1.6 5.0 -1 33 35.7 
2003 10 16 -6.1 -5.5 -4.4 30 3 27.7 
2003 10 17 -8.3 -6.6 -5.0 30 3 27.7 
2003 10 18 -7.7 -6.6 -3.8 51 3 7.1 
2003 10 19 -10.0 -8.8 -6.6 51 3 15.6 
2003 10 20 -11.1 -9.4 -8.3 51 0 16.0 
2003 10 21 -3.8 0.0 2.2 30 23 27.2 
2003 10 24 -12.2 -11.6 -11.1 99 3 28.6 
2003 10 25 -11.1 -7.2 -3.8 51 -1 21.9 
2003 10 26 -4.4 1.6 5.0 30 0 20.5 
2003 10 27 5.0 5.5 6.1 -1 15 21.4 
2003 10 28 -5.0 -2.7 -2.2 -1 109 -1.0 
2003 10 29 -2.2 1.6 5.0 -1 10 29.5 
2003 10 30 -6.1 -4.4 -3.3 -1 33 31.2 
2003 10 31 -6.1 2.2 7.7 -1 0 20.5 
2003 11 1 2.2 6.1 8.3 -1 -1 23.6 
2003 11 2 -2.7 -1.1 2.7 -1 0 18.7 
2003 11 3 0.0 1.6 2.7 -1 10 16.5 
2003 11 4 -2.2 -1.1 0.5 -1 13 16.0 
2003 11 5 -2.7 2.2 8.3 -1 0 21.9 
2003 11 6 -2.7 2.2 7.2 -1 15 25.4 
2003 11 7 -8.8 -3.8 2.2 -1 0 21.9 
2003 11 8 -16.1 -11.6 -8.3 -1 3 30.3 
2003 11 9 -20.5 -1.0 -15.5 -1 3 29.9 
2003 11 10 -12.2 -9.4 -7.7 -1 3 23.2 
2003 11 11 -8.8 -6.1 -2.7 -1 3 21.9 
2003 11 12 -7.7 -2.7 -1.6 30 3 26.3 
2003 11 13 -6.1 -2.2 0.0 30 20 28.1 
2003 11 14 -19.4 -17.7 -17.2 51 0 42.4 
2003 11 15 -20.0 -17.7 -15.0 51 0 39.3 
2003 11 16 -17.2 -8.3 -2.2 51 0 -1.0 
2003 11 17 -3.8 -2.2 -1.1 51 0 6.2 
2003 11 18 -3.3 -0.5 1.6 51 0 15.6 
2003 11 19 -4.4 -1.1 2.7 30 13 30.8 
2003 11 20 -3.8 2.2 5.0 30 25 26.8 
2003 11 21 -1.1 2.2 5.0 30 5 15.6 
2003 11 22 2.7 4.4 6.6 -1 0 15.6 
2003 11 23 1.1 2.7 5.5 -1 0 8.0 
2003 11 24 1.1 5.5 8.3 -1 0 19.6 
2003 11 25 -12.2 -6.1 0.0 -1 3 25.0 
2003 11 26 -7.2 -4.4 0.0 -1 0 18.7 
2003 11 27 -5.0 -2.7 0.0 -1 -1 18.3 
2003 11 28 -4.4 -1.1 3.8 -1 8 23.2 
2003 11 29 -15.0 -0.5 6.1 -1 41 39.7 
2003 11 30 -15.0 -10.5 -8.8 -1 8 -1.0 
2003 12 1 -16.6 -9.4 -6.1 51 5 29.5 
2003 12 5 -21.1 -16.1 -11.6 51 0 21.9 
2003 12 6 -17.2 -15.0 -13.3 51 8 -1.0 
2003 12 8 -13.3 -9.4 -7.2 99 8 15.6 
2003 12 9 -10.0 -7.2 -5.5 99 0 9.3 
2003 12 10 -7.2 -3.8 -1.1 51 0 12.5 
2003 12 11 -5.0 -3.3 0.0 51 0 31.2 
2003 12 12 -17.7 -13.8 -8.8 51 33 33.0 
2003 12 13 -26.6 -21.6 -17.7 51 0 29.5 
2003 12 14 -1.0 -11.1 -7.2 51 5 24.5 
2003 12 15 -1.0 -13.8 -7.2 99 20 36.6 
2003 12 16 -17.7 -7.7 0.0 99 3 34.4 
2003 12 17 -3.8 -1.1 1.1 99 -1 24.5 
2003 12 18 -13.3 -8.3 0.0 130 53 36.6 
2003 12 19 -18.8 -15.5 -12.7 130 8 30.3 
2003 12 20 -17.7 -16.1 -13.8 130 0 18.3 
2003 12 21 -19.4 -15.5 -12.2 130 3 27.2 
2003 12 22 -14.4 -9.4 -5.5 130 0 21.9 
2003 12 23 -8.3 -2.7 1.1 130 0 21.9 
2003 12 24 -1.6 1.6 3.3 99 3 24.5 
2003 12 25 -2.2 0.5 1.6 99 36 23.2 
2003 12 26 -15.0 -13.3 -11.6 150 30 30.8 
2003 12 27 -12.7 -6.6 -3.8 130 5 30.8 
2003 12 28 -4.4 0.0 3.8 99 0 18.3 
2003 12 29 -1.1 1.1 1.6 99 0 21.9 
2003 12 30 -10.0 -1.1 2.7 79 0 33.9 
2003 12 31 -13.8 -10.5 -7.7 99 13 37.5 
