2003 1 1 11.1 12.7 16.1 -1 5 11.1 
2003 1 2 10.0 12.2 17.2 -1 -1 11.6 
2003 1 3 7.2 10.0 13.3 -1 0 9.8 
2003 1 4 3.8 9.4 13.8 -1 0 5.8 
2003 1 5 8.8 12.7 19.4 -1 0 4.0 
2003 1 6 12.2 14.4 17.2 -1 0 5.3 
2003 1 7 6.1 10.0 13.8 -1 0 8.9 
2003 1 8 8.3 12.7 17.2 -1 0 6.7 
2003 1 9 11.6 15.5 23.3 -1 0 6.2 
2003 1 10 13.8 17.2 20.0 -1 -1 8.0 
2003 1 11 6.1 8.8 13.8 -1 0 8.9 
2003 1 12 6.6 8.3 11.1 -1 -1 8.0 
2003 1 14 7.2 10.0 13.3 -1 0 6.2 
2003 1 15 5.0 8.8 13.8 -1 0 5.8 
2003 1 16 6.1 12.2 20.0 -1 -1 9.3 
2003 1 17 2.7 6.1 14.4 -1 0 15.1 
2003 1 18 1.1 6.1 11.1 -1 0 8.0 
2003 1 19 6.1 9.4 15.0 -1 0 5.8 
2003 1 20 7.2 15.0 22.2 -1 0 6.7 
2003 1 21 13.8 17.2 21.1 -1 0 6.7 
2003 1 22 11.6 16.1 20.0 -1 0 8.4 
2003 1 23 2.2 6.1 11.1 -1 0 9.8 
2003 1 24 -2.7 0.5 4.4 -1 0 9.8 
2003 1 25 1.1 5.0 10.0 -1 0 5.3 
2003 1 26 7.2 8.3 9.4 -1 3 5.8 
2003 1 27 6.1 8.8 13.3 -1 0 6.7 
2003 1 28 5.5 11.6 19.4 -1 0 4.9 
2003 1 29 15.0 18.3 25.0 -1 0 7.1 
2003 1 30 11.6 13.8 19.4 -1 3 5.3 
2003 1 31 8.8 10.5 15.5 -1 0 4.9 
2003 2 1 8.8 12.2 17.7 -1 0 7.1 
2003 2 2 7.7 15.0 22.7 -1 0 4.9 
2003 2 3 13.8 17.7 24.4 -1 0 7.1 
2003 2 4 10.0 15.0 21.6 -1 0 8.4 
2003 2 5 7.7 10.5 13.8 -1 0 8.4 
2003 2 6 10.5 14.4 20.5 -1 0 10.2 
2003 2 7 6.6 9.4 12.2 -1 3 9.8 
2003 2 8 4.4 7.2 10.5 -1 0 8.9 
2003 2 9 7.7 11.1 15.5 -1 0 6.7 
2003 2 10 10.0 12.7 17.2 -1 3 8.0 
2003 2 11 7.2 11.6 17.2 -1 0 5.3 
2003 2 12 10.0 13.8 20.0 -1 0 2.6 
2003 2 13 10.0 16.1 22.7 -1 0 6.2 
2003 2 14 15.5 19.4 26.1 -1 0 7.1 
2003 2 15 15.0 20.5 26.6 -1 -1 9.3 
2003 2 16 12.2 16.6 22.2 -1 25 8.0 
2003 2 17 7.2 8.3 12.2 -1 -1 8.9 
2003 2 18 6.1 10.0 16.1 -1 0 4.0 
2003 2 19 8.8 14.4 22.7 -1 0 4.0 
2003 2 20 13.3 17.2 21.6 -1 0 6.7 
2003 2 21 15.0 17.2 21.1 -1 71 8.9 
2003 2 22 13.8 18.3 22.7 -1 0 12.5 
2003 2 23 7.7 13.3 20.5 -1 0 10.2 
2003 2 24 12.2 16.1 22.2 -1 0 4.0 
2003 2 25 11.1 15.5 18.8 -1 3 10.2 
2003 2 26 13.8 15.0 17.7 -1 18 5.3 
2003 2 27 12.2 15.5 21.1 -1 0 7.1 
2003 2 28 12.2 13.3 15.0 -1 0 6.7 
2003 3 1 13.8 14.4 16.1 -1 0 4.0 
2003 3 2 12.7 15.5 18.3 -1 0 6.7 
2003 3 3 10.5 12.2 16.1 -1 10 8.9 
2003 3 4 10.5 13.3 16.1 -1 5 9.3 
2003 3 5 15.0 18.8 22.7 -1 0 5.3 
2003 3 6 17.2 20.5 23.3 -1 0 6.2 
2003 3 7 15.0 17.2 21.1 -1 3 6.7 
2003 3 8 16.6 17.7 20.0 -1 0 5.8 
2003 3 9 17.2 20.0 22.2 -1 3 3.5 
2003 3 10 13.8 17.7 21.1 -1 3 6.2 
2003 3 11 17.2 18.8 23.3 -1 0 4.9 
2003 3 12 18.8 21.1 27.2 -1 10 4.0 
2003 3 13 17.7 21.1 26.6 -1 18 12.0 
2003 3 14 17.2 19.4 22.2 -1 0 5.3 
2003 3 15 17.2 19.4 24.4 -1 0 4.0 
2003 3 16 17.7 19.4 21.6 -1 5 6.7 
2003 3 17 17.7 20.0 23.8 -1 13 6.2 
2003 3 18 17.7 21.6 25.5 -1 0 6.2 
2003 3 19 15.0 22.2 29.4 -1 3 6.2 
2003 3 20 13.8 21.1 27.7 -1 0 6.7 
2003 3 21 16.6 19.4 22.7 -1 0 7.1 
2003 3 22 15.0 18.8 22.7 -1 0 5.8 
2003 3 23 17.2 20.5 23.3 -1 -1 4.9 
2003 3 24 17.7 21.6 26.6 -1 0 4.0 
2003 3 25 16.6 20.5 25.5 -1 0 5.3 
2003 3 26 17.7 20.0 23.3 -1 5 6.7 
2003 3 27 17.7 20.5 25.5 -1 13 7.1 
2003 3 28 18.8 22.7 28.3 -1 0 4.9 
2003 3 29 11.1 17.2 25.5 -1 3 11.1 
2003 3 30 10.0 12.7 17.2 -1 5 11.1 
2003 3 31 7.2 13.8 20.0 -1 0 8.9 
2003 4 1 11.1 17.2 23.8 -1 0 6.7 
2003 4 2 12.7 17.7 23.8 -1 0 4.9 
2003 4 3 16.6 21.1 26.6 -1 0 6.2 
2003 4 4 20.5 23.8 29.4 -1 0 5.8 
2003 4 5 21.1 23.8 28.8 -1 10 9.8 
2003 4 6 21.6 25.0 30.0 -1 10 8.4 
2003 4 7 20.0 25.0 28.8 -1 20 8.9 
2003 4 8 17.7 20.5 26.6 -1 58 11.6 
2003 4 9 8.8 12.7 17.7 -1 0 12.5 
2003 4 10 8.8 12.7 18.8 -1 0 11.6 
2003 4 11 15.0 18.3 22.7 -1 0 7.1 
2003 4 12 16.6 19.4 25.0 -1 0 6.2 
2003 4 14 18.3 22.7 28.3 -1 0 3.1 
2003 4 15 17.2 23.8 29.4 -1 0 5.8 
2003 4 16 20.0 23.8 28.8 -1 0 6.7 
2003 4 17 21.1 24.4 28.8 -1 0 7.1 
2003 4 18 20.0 25.0 30.0 -1 0 6.2 
2003 4 19 20.0 24.4 29.4 -1 0 6.7 
2003 4 20 21.1 25.0 29.4 -1 0 5.8 
2003 4 21 22.7 24.4 26.6 -1 0 6.2 
2003 4 22 20.5 23.8 27.7 -1 0 6.7 
2003 4 23 19.4 23.3 27.2 -1 0 7.1 
2003 4 24 22.7 25.5 30.0 -1 0 9.3 
2003 4 25 22.2 26.6 29.4 -1 18 6.7 
2003 4 26 20.0 23.8 27.7 -1 0 7.1 
2003 4 27 17.7 22.2 25.5 -1 0 8.9 
2003 4 28 19.4 23.8 29.4 -1 0 4.9 
2003 4 29 18.8 24.4 28.8 -1 0 5.8 
2003 4 30 21.6 25.0 29.4 -1 0 5.8 
2003 5 1 22.2 26.6 31.1 -1 0 4.0 
2003 5 2 23.8 27.7 32.2 -1 0 4.9 
2003 5 3 25.0 28.3 32.2 -1 0 4.0 
2003 5 4 25.0 28.8 33.3 -1 0 8.0 
2003 5 5 26.1 28.8 32.2 -1 0 9.3 
2003 5 6 27.2 29.4 33.3 -1 0 8.4 
2003 5 7 27.2 29.4 33.3 -1 0 7.1 
2003 5 8 26.1 29.4 33.3 -1 0 6.7 
2003 5 9 26.6 29.4 33.8 -1 0 7.1 
2003 5 10 26.1 30.0 33.3 -1 0 8.9 
2003 5 11 26.6 29.4 33.3 -1 0 8.4 
2003 5 12 25.0 27.2 31.1 -1 0 8.4 
2003 5 13 22.2 26.1 29.4 -1 10 12.0 
2003 5 14 22.2 26.6 32.2 -1 -1 4.9 
2003 5 15 25.5 28.3 32.2 -1 3 5.8 
2003 5 16 25.0 28.3 33.3 -1 0 6.7 
2003 5 17 26.6 28.8 32.7 -1 0 8.4 
2003 5 18 23.8 27.2 31.1 -1 25 6.7 
2003 5 19 25.0 28.3 31.6 -1 0 8.0 
2003 5 20 23.8 26.6 31.1 -1 28 8.0 
2003 5 21 23.3 26.6 31.1 -1 8 6.7 
2003 5 22 23.8 25.5 30.0 -1 0 8.4 
2003 5 23 22.2 26.1 30.0 -1 0 8.9 
2003 5 24 27.2 29.4 31.1 -1 0 5.3 
2003 5 25 23.8 27.7 31.1 -1 0 4.0 
2003 5 26 23.8 27.7 32.2 -1 5 10.2 
2003 5 27 22.7 25.0 26.6 -1 0 6.7 
2003 5 28 22.7 25.5 28.8 -1 0 6.2 
2003 5 29 23.8 27.2 31.1 -1 0 4.9 
2003 5 30 23.8 28.3 32.7 -1 0 7.1 
2003 5 31 23.8 28.3 32.7 -1 0 6.7 
2003 6 1 26.1 28.8 33.3 -1 0 5.8 
2003 6 2 26.1 30.0 34.4 -1 -1 6.7 
2003 6 3 22.7 26.6 31.6 -1 23 14.7 
2003 6 4 22.7 27.2 31.6 -1 3 14.3 
2003 6 5 26.1 27.7 31.1 -1 41 6.7 
2003 6 6 25.0 27.2 31.1 -1 0 8.0 
2003 6 7 26.1 28.3 32.2 -1 18 4.9 
2003 6 8 27.2 30.0 33.8 -1 3 3.5 
2003 6 9 27.2 30.5 34.4 -1 0 3.5 
2003 6 10 27.2 30.5 34.4 -1 0 6.7 
2003 6 11 23.8 28.3 32.7 -1 58 16.5 
2003 6 12 26.1 29.4 32.2 -1 15 7.1 
2003 6 13 25.0 28.3 33.8 -1 0 5.8 
2003 6 14 26.1 30.0 33.8 -1 0 6.2 
2003 6 15 25.0 28.3 33.8 -1 3 12.5 
2003 6 16 25.0 27.2 32.2 -1 8 8.0 
2003 6 17 23.3 27.7 30.5 -1 8 6.2 
2003 6 18 25.0 28.3 33.3 -1 0 4.9 
2003 6 19 23.8 28.3 31.6 -1 3 6.7 
2003 6 20 25.5 28.3 32.2 -1 5 4.9 
2003 6 21 26.6 28.3 31.1 -1 5 4.9 
2003 6 22 31.6 32.2 33.8 -1 0 3.5 
2003 6 23 26.6 30.0 34.4 -1 0 4.0 
2003 6 24 27.7 30.5 33.8 -1 0 6.2 
2003 6 25 27.2 30.0 33.8 -1 0 6.7 
2003 6 26 26.6 29.4 32.7 -1 -1 5.8 
2003 6 27 25.5 27.7 32.2 -1 5 6.7 
2003 6 28 25.5 27.7 31.6 -1 -1 6.2 
2003 6 29 23.8 27.7 31.1 -1 8 9.8 
2003 6 30 22.7 25.5 26.6 -1 23 15.1 
2003 7 1 23.8 26.1 30.0 -1 140 12.5 
2003 7 2 24.4 28.8 33.3 -1 -1 5.8 
2003 7 3 26.6 28.3 32.2 -1 0 5.3 
2003 7 4 23.8 26.6 31.6 -1 18 9.3 
2003 7 5 25.0 26.1 28.3 -1 13 5.8 
2003 7 6 23.8 26.6 30.0 -1 13 5.3 
2003 7 7 27.2 27.7 31.1 -1 0 4.9 
2003 7 8 25.0 27.2 32.7 -1 3 6.7 
2003 7 9 26.1 28.8 33.3 -1 10 3.5 
2003 7 10 26.6 30.0 34.4 -1 5 6.2 
2003 7 11 23.8 28.8 33.8 -1 64 12.0 
2003 7 12 25.0 28.8 33.3 -1 0 3.5 
2003 7 13 26.6 29.4 32.7 -1 0 6.7 
2003 7 14 27.2 28.8 31.6 -1 0 5.8 
2003 7 15 27.2 30.0 34.4 -1 0 5.3 
2003 7 16 26.6 30.0 35.0 -1 0 3.1 
2003 7 17 25.0 30.0 33.8 -1 3 11.6 
2003 7 18 24.4 28.3 33.3 -1 0 5.8 
2003 7 19 25.5 29.4 34.4 -1 3 6.7 
2003 7 20 25.5 27.7 32.2 -1 3 7.1 
2003 7 21 27.2 30.0 34.4 -1 13 6.7 
2003 7 22 26.1 30.0 33.3 -1 8 8.4 
2003 7 23 27.2 28.8 32.2 -1 0 6.7 
2003 7 24 25.5 28.3 32.2 -1 -1 4.9 
2003 7 25 26.6 28.8 33.3 -1 0 4.9 
2003 7 26 27.2 29.4 34.4 -1 0 3.5 
2003 7 27 26.6 29.4 33.3 -1 0 3.5 
2003 7 28 27.2 29.4 33.3 -1 0 5.8 
2003 7 29 27.7 29.4 33.8 -1 0 6.7 
2003 7 30 26.6 29.4 33.8 -1 0 5.3 
2003 7 31 26.6 30.0 33.3 -1 3 8.9 
2003 8 1 27.7 29.4 33.8 -1 0 6.7 
2003 8 2 26.1 29.4 33.8 -1 0 5.8 
2003 8 3 27.2 29.4 33.3 -1 0 4.9 
2003 8 4 27.7 30.5 35.5 -1 0 4.0 
2003 8 5 27.7 30.0 35.0 -1 3 10.2 
2003 8 6 26.1 30.0 33.8 -1 30 9.8 
2003 8 7 27.7 30.5 33.8 -1 0 8.0 
2003 8 8 27.7 30.5 33.8 -1 0 5.8 
2003 8 9 28.8 31.1 33.8 -1 0 3.5 
2003 8 10 28.3 31.6 34.4 -1 0 4.9 
2003 8 11 28.8 31.1 33.8 -1 0 3.5 
2003 8 12 22.7 27.2 31.6 -1 8 5.8 
2003 8 13 25.0 26.6 30.5 -1 10 6.2 
2003 8 14 25.5 29.4 34.4 -1 0 5.8 
2003 8 15 28.8 31.1 33.3 -1 0 8.4 
2003 8 16 27.7 30.5 34.4 -1 0 4.0 
2003 8 17 26.1 28.8 31.1 -1 25 6.7 
2003 8 18 30.0 32.2 34.4 -1 0 4.9 
2003 8 19 27.2 30.0 34.4 -1 0 4.9 
2003 8 20 27.7 30.0 35.0 -1 -1 5.8 
2003 8 21 26.1 28.8 33.3 -1 0 5.3 
2003 8 22 27.7 29.4 32.2 -1 0 4.9 
2003 8 23 26.1 29.4 33.3 -1 3 6.7 
2003 8 24 28.8 30.5 34.4 -1 0 4.9 
2003 8 25 27.7 30.5 33.8 -1 0 5.3 
2003 8 26 27.2 30.0 34.4 -1 0 5.3 
2003 8 27 27.2 30.0 33.3 -1 0 4.0 
2003 8 28 27.2 30.0 34.4 -1 0 5.8 
2003 8 29 27.2 30.5 34.4 -1 0 6.7 
2003 8 30 25.0 28.8 32.2 -1 0 8.0 
2003 8 31 26.6 28.8 32.7 -1 13 6.7 
2003 9 1 26.6 29.4 34.4 -1 20 5.8 
2003 9 2 27.2 30.5 34.4 -1 5 3.5 
2003 9 3 28.8 32.2 33.8 -1 0 3.5 
2003 9 4 25.0 30.0 33.8 -1 15 8.0 
2003 9 5 26.1 28.3 31.1 -1 3 7.1 
2003 9 6 25.0 27.7 31.1 -1 0 8.0 
2003 9 7 25.0 28.3 31.1 -1 0 5.8 
2003 9 8 25.5 28.3 32.2 -1 0 6.7 
2003 9 9 26.1 28.3 31.1 -1 0 4.0 
2003 9 10 25.0 28.3 32.7 -1 0 6.2 
2003 9 11 25.0 28.8 32.2 -1 0 5.3 
2003 9 12 25.5 28.3 32.7 -1 0 5.8 
2003 9 13 26.1 27.7 33.3 -1 8 12.5 
2003 9 14 26.1 28.8 32.2 -1 8 3.5 
2003 9 15 25.5 28.8 31.6 -1 0 6.7 
2003 9 16 26.1 28.8 31.1 -1 0 6.7 
2003 9 17 23.8 27.7 31.6 -1 0 4.9 
2003 9 18 23.8 27.7 31.6 -1 0 3.5 
2003 9 19 25.5 28.3 32.7 -1 0 3.5 
2003 9 20 26.1 28.3 31.1 -1 0 4.9 
2003 9 21 23.8 28.3 31.1 -1 -1 8.4 
2003 9 22 24.4 26.6 28.8 -1 23 8.0 
2003 9 23 23.8 26.6 30.0 -1 3 5.8 
2003 9 24 23.8 27.7 31.1 -1 0 5.3 
2003 9 25 25.5 27.7 31.1 -1 0 6.2 
2003 9 26 25.5 28.3 32.2 -1 -1 5.8 
2003 9 27 26.1 28.8 32.2 -1 0 3.1 
2003 9 28 23.8 27.2 30.0 -1 0 9.8 
2003 9 29 21.1 24.4 27.2 -1 0 11.6 
2003 9 30 17.7 21.6 25.5 -1 0 9.8 
2003 10 1 20.0 23.8 27.7 -1 0 8.0 
2003 10 2 16.6 20.5 25.0 -1 0 9.3 
2003 10 3 16.6 21.1 26.1 -1 0 8.0 
2003 10 4 18.8 22.7 26.6 -1 0 3.1 
2003 10 5 20.5 23.8 29.4 -1 0 2.6 
2003 10 6 21.6 23.8 27.7 -1 0 2.6 
2003 10 7 22.7 25.0 28.8 -1 0 6.7 
2003 10 8 22.2 24.4 29.4 -1 0 6.7 
2003 10 9 22.7 25.0 27.7 -1 3 4.9 
2003 10 10 22.2 23.8 26.1 -1 25 5.8 
2003 10 11 22.7 23.3 23.8 -1 41 8.0 
2003 10 12 21.6 23.8 27.2 -1 3 6.7 
2003 10 13 22.7 25.0 28.3 -1 0 3.5 
2003 10 14 22.7 25.5 29.4 -1 0 5.3 
2003 10 15 17.7 22.2 26.1 -1 0 9.3 
2003 10 16 17.2 21.6 27.2 -1 0 5.3 
2003 10 17 18.8 22.7 27.7 -1 3 5.3 
2003 10 18 17.2 20.5 24.4 -1 0 9.3 
2003 10 19 17.7 21.6 25.0 -1 0 6.2 
2003 10 20 18.8 22.7 28.3 -1 0 3.1 
2003 10 21 21.1 23.8 28.3 -1 0 3.5 
2003 10 22 22.7 24.4 27.7 -1 0 6.7 
2003 10 23 22.2 24.4 29.4 -1 0 6.2 
2003 10 24 20.5 25.5 30.5 -1 0 3.5 
2003 10 25 22.7 25.0 28.8 -1 3 5.8 
2003 10 26 22.7 24.4 25.5 -1 3 8.4 
2003 10 27 16.1 18.3 23.3 -1 3 6.7 
2003 10 28 16.1 18.3 22.2 -1 0 5.8 
2003 10 29 14.4 20.0 26.6 -1 0 4.0 
2003 10 30 17.7 22.2 29.4 -1 0 5.8 
2003 10 31 21.1 24.4 28.3 -1 0 6.2 
2003 11 1 21.6 24.4 28.3 -1 0 5.3 
2003 11 2 22.2 24.4 29.4 -1 0 4.0 
2003 11 3 21.1 23.8 28.8 -1 0 3.5 
2003 11 4 22.2 24.4 28.3 -1 0 4.9 
2003 11 5 23.3 25.5 29.4 -1 0 4.9 
2003 11 6 22.2 25.0 27.7 -1 0 4.9 
2003 11 7 20.5 22.7 26.1 -1 0 6.7 
2003 11 8 17.7 20.5 23.8 -1 0 5.8 
2003 11 9 17.7 21.1 25.0 -1 0 7.1 
2003 11 10 18.8 21.1 23.8 -1 0 6.7 
2003 11 11 18.3 22.2 27.2 -1 0 3.5 
2003 11 12 20.0 23.8 29.4 -1 0 3.5 
2003 11 13 18.8 22.2 23.8 -1 0 9.8 
2003 11 14 11.6 15.5 19.4 -1 0 9.8 
2003 11 15 12.2 17.7 25.5 -1 0 3.5 
2003 11 16 17.7 21.1 26.6 -1 0 3.5 
2003 11 17 20.0 23.8 29.4 -1 0 5.8 
2003 11 18 18.8 23.3 27.2 -1 13 12.5 
2003 11 19 17.2 19.4 22.2 -1 0 12.9 
2003 11 20 15.0 17.7 22.7 -1 0 8.0 
2003 11 21 12.2 17.7 24.4 -1 0 3.5 
2003 11 22 16.6 20.5 27.2 -1 0 5.8 
2003 11 23 17.7 21.6 28.8 -1 0 6.7 
2003 11 24 7.7 13.3 23.8 -1 5 15.6 
2003 11 25 6.1 10.0 15.0 -1 0 8.4 
2003 11 26 10.5 15.0 21.1 -1 0 6.2 
2003 11 27 17.7 20.5 23.8 -1 91 14.7 
2003 11 28 10.5 14.4 19.4 -1 3 14.3 
2003 11 29 8.8 10.5 12.7 -1 0 8.0 
2003 11 30 6.1 11.1 18.3 -1 0 3.5 
2003 12 1 9.4 14.4 18.3 -1 0 3.1 
2003 12 2 10.5 13.8 17.2 -1 0 7.1 
2003 12 3 11.6 16.1 25.0 -1 0 5.8 
2003 12 4 12.7 15.5 17.7 -1 0 3.5 
2003 12 5 10.0 12.7 16.1 -1 0 9.8 
2003 12 6 5.5 7.7 11.6 -1 0 9.8 
2003 12 7 6.1 8.3 11.1 -1 0 6.2 
2003 12 8 6.1 11.1 18.8 -1 0 5.8 
2003 12 9 13.3 18.3 25.5 -1 0 6.7 
2003 12 10 8.8 13.3 21.6 -1 3 12.0 
2003 12 11 6.6 10.0 12.2 -1 0 8.9 
2003 12 12 8.8 11.6 16.1 -1 0 5.8 
2003 12 13 12.2 14.4 17.2 -1 15 6.7 
2003 12 14 7.7 10.0 11.6 -1 15 10.2 
2003 12 15 3.8 10.5 19.4 -1 0 6.7 
2003 12 16 12.7 17.2 23.8 -1 0 9.3 
2003 12 17 5.0 8.8 12.7 -1 0 11.1 
2003 12 18 7.2 11.1 16.1 -1 0 7.1 
2003 12 19 10.0 12.2 15.0 -1 0 6.7 
2003 12 20 8.8 11.1 13.3 -1 0 4.9 
2003 12 21 6.1 11.6 20.0 -1 0 4.0 
2003 12 22 10.0 15.5 23.3 -1 0 6.7 
2003 12 23 12.7 16.1 20.0 -1 8 9.8 
2003 12 24 7.7 10.5 12.7 -1 -1 9.3 
2003 12 25 5.0 8.3 12.2 -1 0 6.7 
2003 12 26 8.8 11.6 16.6 -1 0 5.3 
2003 12 27 9.4 13.3 20.0 -1 0 5.8 
2003 12 28 13.8 16.1 22.2 -1 -1 4.9 
2003 12 29 12.7 18.3 21.6 -1 15 9.8 
2003 12 30 10.0 11.6 14.4 -1 0 8.9 
2003 12 31 8.8 12.7 20.0 -1 0 4.9 
