2003 1 1 2.7 7.2 10.0 -1 20 6.7 
2003 1 2 -1.1 1.1 10.0 -1 41 6.7 
2003 1 3 -2.2 -0.5 0.5 -1 5 8.4 
2003 1 4 -1.6 1.1 2.2 -1 5 5.8 
2003 1 5 -0.5 1.6 2.2 -1 0 4.0 
2003 1 6 0.0 0.5 2.2 -1 3 3.5 
2003 1 7 -3.3 -2.2 1.1 -1 3 5.8 
2003 1 8 -3.3 1.1 6.1 -1 0 4.9 
2003 1 9 -2.7 7.2 9.4 -1 0 5.3 
2003 1 10 1.1 5.5 10.0 -1 0 5.3 
2003 1 11 -3.8 -1.6 1.1 -1 0 6.2 
2003 1 12 -5.0 -2.2 1.6 -1 0 5.8 
2003 1 14 -7.2 -3.8 0.5 -1 0 5.3 
2003 1 15 -6.6 -3.8 -1.1 -1 0 4.9 
2003 1 16 -7.2 -4.4 -1.1 -1 0 4.0 
2003 1 17 -6.1 -3.8 -1.1 -1 0 5.3 
2003 1 18 -13.8 -10.5 -6.1 -1 0 5.8 
2003 1 19 -7.7 -5.5 -1.6 -1 0 4.9 
2003 1 20 -8.3 -2.7 0.0 -1 -1 6.7 
2003 1 21 -8.8 -6.6 -3.8 -1 0 5.8 
2003 1 22 -11.1 -8.3 -3.3 -1 0 6.7 
2003 1 23 -12.7 -10.0 -6.6 -1 0 7.1 
2003 1 24 -13.8 -9.4 -2.7 -1 -1 7.1 
2003 1 25 -13.8 -4.4 -0.5 -1 0 5.8 
2003 1 26 -6.6 -1.1 1.1 -1 0 4.9 
2003 1 27 -11.6 -7.7 1.1 -1 0 6.7 
2003 1 28 -13.8 -10.0 -2.2 -1 0 5.8 
2003 1 29 -5.0 -2.2 1.1 -1 -1 3.5 
2003 1 30 -3.8 -1.6 1.1 -1 0 3.5 
2003 1 31 -3.8 1.1 3.3 -1 0 5.8 
2003 2 1 0.0 2.2 3.3 -1 0 5.3 
2003 2 2 2.2 4.4 7.2 -1 0 8.4 
2003 2 3 2.2 5.5 9.4 -1 0 5.8 
2003 2 4 2.2 6.1 10.0 -1 5 7.1 
2003 2 5 -2.2 0.5 5.0 -1 0 6.2 
2003 2 6 -6.1 -3.3 2.7 -1 0 3.5 
2003 2 7 -2.2 -1.1 0.5 -1 5 3.5 
2003 2 8 -7.2 -4.4 0.5 -1 0 5.3 
2003 2 9 -7.2 -2.7 2.2 -1 0 5.3 
2003 2 10 -5.5 1.6 2.7 -1 5 3.5 
2003 2 11 -9.4 -4.4 2.7 -1 -1 5.8 
2003 2 12 -9.4 -2.2 0.5 -1 0 6.7 
2003 2 13 -7.7 -6.1 0.5 -1 0 5.8 
2003 2 14 -8.8 -6.1 -1.1 -1 0 4.9 
2003 2 15 -7.2 -4.4 -1.1 -1 0 5.8 
2003 2 16 -13.3 -11.1 -1.1 -1 0 6.2 
2003 2 17 -7.7 -5.0 -2.7 -1 23 8.9 
2003 2 18 -10.0 -2.7 1.1 -1 23 7.1 
2003 2 19 -5.0 1.1 5.0 -1 0 3.5 
2003 2 20 -1.6 5.0 10.0 -1 0 3.5 
2003 2 21 1.1 5.0 8.8 -1 0 3.1 
2003 2 22 1.1 3.8 10.0 -1 3 8.0 
2003 2 23 0.0 2.7 6.6 -1 46 10.2 
2003 2 24 -3.8 -1.1 6.6 -1 3 8.4 
2003 2 25 -3.8 -0.5 2.2 -1 0 4.9 
2003 2 26 -8.8 -6.6 -3.8 -1 0 4.0 
2003 2 27 -8.8 -3.8 0.0 -1 0 4.9 
2003 2 28 -2.2 -0.5 2.7 -1 0 5.8 
2003 3 2 2.2 3.8 7.2 -1 3 3.5 
2003 3 3 -11.1 -3.8 6.6 -1 0 7.1 
2003 3 4 -11.6 -3.3 4.4 -1 0 3.1 
2003 3 5 2.2 5.5 11.1 -1 3 3.5 
2003 3 6 -4.4 1.6 10.5 -1 10 6.2 
2003 3 7 -8.8 -5.0 -1.1 -1 13 4.0 
2003 3 8 -8.8 1.6 8.8 -1 0 4.9 
2003 3 9 1.1 6.1 11.1 -1 0 6.2 
2003 3 10 -7.2 -4.4 -1.1 -1 0 5.8 
2003 3 11 -7.2 -1.6 3.8 -1 0 3.5 
2003 3 12 1.1 4.4 11.1 -1 0 3.5 
2003 3 13 0.0 6.6 10.5 -1 5 4.9 
2003 3 14 -6.1 -1.6 9.4 -1 0 6.2 
2003 3 15 -6.1 3.8 12.2 -1 0 3.5 
2003 3 16 0.0 11.6 20.0 -1 0 3.5 
2003 3 17 8.8 15.0 21.1 -1 0 3.1 
2003 3 18 12.2 15.5 18.3 -1 0 4.0 
2003 3 19 2.2 3.8 7.2 -1 0 5.3 
2003 3 20 1.6 2.7 6.6 -1 13 5.3 
2003 3 21 1.6 13.3 18.3 -1 28 5.3 
2003 3 22 10.0 14.4 19.4 -1 15 4.9 
2003 3 23 6.6 11.1 19.4 -1 0 4.0 
2003 3 24 6.1 10.0 15.0 -1 0 3.5 
2003 3 25 6.1 9.4 12.2 -1 0 4.9 
2003 3 26 6.1 11.1 19.4 -1 3 4.0 
2003 3 27 5.5 10.5 19.4 -1 8 4.0 
2003 3 28 5.5 11.6 16.6 -1 0 5.3 
2003 3 29 7.2 14.4 20.5 -1 3 5.3 
2003 3 30 1.6 7.7 20.5 -1 15 5.8 
2003 3 31 -1.1 2.2 6.1 -1 5 8.4 
2003 4 1 -1.1 2.2 6.1 -1 3 4.0 
2003 4 2 -1.1 7.2 13.8 -1 0 3.5 
2003 4 3 3.8 7.7 13.8 -1 0 4.9 
2003 4 4 2.7 5.0 12.2 -1 0 5.3 
2003 4 5 1.6 2.2 6.6 -1 0 5.8 
2003 4 6 0.5 4.4 8.3 -1 0 6.7 
2003 4 7 -1.1 2.2 8.3 -1 3 6.7 
2003 4 8 -1.1 0.5 3.3 -1 10 8.0 
2003 4 9 2.2 2.7 4.4 -1 8 5.8 
2003 4 10 1.6 6.1 11.1 -1 8 5.8 
2003 4 11 2.2 5.5 11.1 -1 0 9.3 
2003 4 12 3.3 11.1 20.5 -1 28 4.0 
2003 4 13 6.1 12.2 20.5 -1 3 4.0 
2003 4 14 6.1 11.1 17.2 -1 0 5.3 
2003 4 15 10.0 16.6 27.2 -1 0 6.2 
2003 4 16 10.5 23.3 31.1 -1 0 5.8 
2003 4 17 3.8 8.3 17.7 -1 0 8.0 
2003 4 18 2.2 4.4 8.3 -1 0 6.7 
2003 4 19 2.2 9.4 16.6 -1 0 5.3 
2003 4 20 7.7 11.6 17.7 -1 0 3.5 
2003 4 21 6.1 10.5 18.8 -1 0 3.5 
2003 4 22 6.1 9.4 16.6 -1 8 3.5 
2003 4 23 6.1 9.4 13.3 -1 0 6.7 
2003 4 24 3.8 7.7 16.1 -1 0 6.2 
2003 4 25 4.4 12.7 17.2 -1 0 4.9 
2003 4 26 8.8 11.1 17.2 -1 5 5.8 
2003 4 27 10.0 15.5 22.2 -1 8 3.5 
2003 4 28 12.7 19.4 26.6 -1 0 5.3 
2003 4 29 12.2 19.4 26.6 -1 0 5.3 
2003 4 30 11.6 15.5 20.5 -1 0 5.8 
2003 5 1 10.5 14.4 21.6 -1 0 3.5 
2003 5 2 15.0 19.4 22.7 -1 0 4.0 
2003 5 3 10.0 13.3 23.8 -1 8 5.8 
2003 5 4 8.8 12.2 18.3 -1 0 2.6 
2003 5 5 8.8 12.2 15.0 -1 -1 3.5 
2003 5 6 7.2 10.5 16.1 -1 3 3.5 
2003 5 7 7.2 17.2 26.1 -1 0 4.9 
2003 5 8 12.2 14.4 26.1 -1 8 4.9 
2003 5 9 10.5 13.8 18.8 -1 0 3.1 
2003 5 10 10.0 16.6 21.6 -1 0 3.1 
2003 5 11 10.0 16.1 21.6 -1 0 4.0 
2003 5 12 11.6 13.8 18.3 -1 0 4.9 
2003 5 13 10.5 12.7 18.3 -1 -1 6.2 
2003 5 14 10.5 13.8 18.8 -1 0 4.9 
2003 5 15 10.0 15.0 21.1 -1 0 3.5 
2003 5 16 10.5 12.7 16.1 -1 0 8.0 
2003 5 17 7.7 10.5 15.5 -1 0 6.2 
2003 5 18 7.7 11.6 17.2 -1 0 5.8 
2003 5 19 7.7 16.1 24.4 -1 0 3.1 
2003 5 20 12.7 19.4 25.5 -1 0 3.5 
2003 5 21 12.7 15.5 26.1 -1 3 3.1 
2003 5 22 11.1 12.7 15.0 -1 5 6.2 
2003 5 23 10.0 11.6 13.3 -1 0 4.9 
2003 5 24 10.0 11.6 13.3 -1 5 5.8 
2003 5 25 12.2 13.8 17.2 -1 0 2.6 
2003 5 26 10.5 11.6 16.6 -1 8 9.3 
2003 5 27 10.0 14.4 20.5 -1 33 3.5 
2003 5 28 10.0 15.0 20.5 -1 0 3.5 
2003 5 29 12.2 16.6 23.3 -1 0 4.0 
2003 5 30 12.2 19.4 26.1 -1 5 3.5 
2003 5 31 15.0 17.7 26.1 -1 5 3.5 
2003 6 1 12.7 15.5 17.7 -1 48 6.7 
2003 6 2 10.0 15.5 22.2 -1 3 3.5 
2003 6 3 10.0 17.2 22.2 -1 3 3.5 
2003 6 4 10.0 12.2 20.5 -1 28 8.0 
2003 6 5 13.8 16.6 21.6 -1 46 4.0 
2003 6 6 13.8 18.8 24.4 -1 0 3.5 
2003 6 7 13.8 17.7 24.4 -1 23 4.9 
2003 6 8 13.8 16.6 20.0 -1 23 3.5 
2003 6 9 13.8 17.7 22.7 -1 0 3.5 
2003 6 10 13.8 21.6 26.6 -1 0 3.5 
2003 6 11 16.6 21.6 26.6 -1 0 3.1 
2003 6 12 21.1 23.3 27.2 -1 5 3.1 
2003 6 13 15.0 17.7 26.6 -1 25 4.9 
2003 6 14 14.4 18.8 28.3 -1 5 4.9 
2003 6 15 15.0 22.2 28.3 -1 18 3.5 
2003 6 16 15.0 18.8 25.5 -1 0 5.3 
2003 6 17 11.6 15.0 21.1 -1 0 3.5 
2003 6 18 11.6 16.6 20.0 -1 20 2.2 
2003 6 19 15.0 19.4 21.6 -1 3 1.7 
2003 6 20 17.7 18.8 21.6 -1 13 4.0 
2003 6 21 15.5 16.6 20.5 -1 0 6.2 
2003 6 22 13.8 15.5 19.4 -1 30 4.9 
2003 6 23 13.8 20.5 31.1 -1 8 4.0 
2003 6 24 13.8 25.5 33.8 -1 0 2.2 
2003 6 25 20.0 28.3 33.8 -1 0 3.5 
2003 6 26 21.6 30.0 33.8 -1 0 3.1 
2003 6 27 26.1 29.4 32.2 -1 0 3.5 
2003 6 28 21.1 24.4 28.3 -1 0 3.5 
2003 6 29 18.8 23.3 26.1 -1 3 3.5 
2003 6 30 19.4 25.5 29.4 -1 0 3.5 
2003 7 1 18.8 24.4 29.4 -1 0 3.5 
2003 7 2 18.8 25.0 28.8 -1 0 3.5 
2003 7 3 20.0 21.6 28.8 -1 0 4.9 
2003 7 4 17.2 23.3 31.1 -1 0 3.5 
2003 7 5 22.7 27.2 33.8 -1 0 5.3 
2003 7 6 22.2 28.3 32.2 -1 0 3.5 
2003 7 7 25.0 27.7 31.6 -1 0 3.1 
2003 7 8 23.8 27.2 31.1 -1 0 4.0 
2003 7 9 19.4 25.5 31.1 -1 5 4.0 
2003 7 10 18.8 19.4 28.3 -1 3 4.0 
2003 7 11 17.7 21.1 27.7 -1 13 3.5 
2003 7 12 17.7 24.4 28.3 -1 0 4.9 
2003 7 13 20.5 23.8 28.3 -1 0 3.5 
2003 7 14 20.5 22.7 27.2 -1 0 2.6 
2003 7 15 17.7 22.2 26.6 -1 0 3.5 
2003 7 16 20.5 23.8 30.0 -1 0 4.0 
2003 7 17 18.8 24.4 30.0 -1 0 3.5 
2003 7 18 18.8 24.4 28.3 -1 0 3.5 
2003 7 19 18.8 22.7 27.2 -1 3 4.9 
2003 7 20 18.8 23.8 28.8 -1 0 4.9 
2003 7 21 19.4 23.8 28.8 -1 5 4.9 
2003 7 22 18.8 22.7 27.7 -1 23 5.8 
2003 7 23 19.4 22.7 28.3 -1 33 3.5 
2003 7 24 21.1 23.8 27.2 -1 5 4.0 
2003 7 25 20.0 24.4 31.1 -1 0 2.6 
2003 7 26 20.0 26.1 31.1 -1 0 4.0 
2003 7 27 21.6 27.2 31.6 -1 0 6.2 
2003 7 28 21.6 25.5 31.6 -1 3 3.5 
2003 7 29 18.8 22.7 28.3 -1 0 3.5 
2003 7 30 18.8 22.7 27.2 -1 0 3.5 
2003 7 31 18.3 22.2 27.2 -1 0 5.8 
2003 8 1 18.3 22.2 26.6 -1 5 3.5 
2003 8 2 20.0 25.0 28.8 -1 20 3.5 
2003 8 3 22.7 25.5 30.0 -1 0 4.0 
2003 8 4 22.7 24.4 30.0 -1 15 3.5 
2003 8 5 22.7 23.8 26.6 -1 38 3.5 
2003 8 6 21.1 23.3 26.1 -1 10 3.5 
2003 8 7 21.1 23.8 26.6 -1 3 2.6 
2003 8 8 22.2 23.3 27.2 -1 33 2.6 
2003 8 9 22.7 24.4 26.6 -1 0 3.5 
2003 8 10 22.2 24.4 27.2 -1 23 3.5 
2003 8 11 22.2 24.4 27.2 -1 0 3.5 
2003 8 12 22.7 24.4 28.8 -1 0 3.5 
2003 8 13 22.7 26.1 30.5 -1 0 3.1 
2003 8 14 23.8 27.7 32.7 -1 0 3.5 
2003 8 15 22.7 26.6 31.6 -1 0 3.1 
2003 8 16 22.2 26.6 31.6 -1 0 4.0 
2003 8 17 20.0 23.8 27.2 -1 8 5.3 
2003 8 18 17.7 21.6 27.2 -1 0 4.0 
2003 8 19 17.7 23.8 28.3 -1 0 2.6 
2003 8 20 21.1 25.5 31.1 -1 0 3.5 
2003 8 21 22.7 26.6 31.1 -1 0 3.5 
2003 8 22 22.7 27.7 32.2 -1 0 3.5 
2003 8 23 20.5 25.0 32.2 -1 0 3.5 
2003 8 24 16.1 21.1 26.1 -1 0 3.5 
2003 8 25 16.1 23.3 29.4 -1 0 4.0 
2003 8 26 18.8 25.0 29.4 -1 0 3.5 
2003 8 27 20.5 25.5 29.4 -1 0 3.5 
2003 8 28 20.0 24.4 29.4 -1 0 3.1 
2003 8 29 20.0 23.8 27.7 -1 0 3.5 
2003 8 30 20.0 25.5 31.1 -1 3 3.1 
2003 8 31 16.1 20.0 23.3 -1 3 4.9 
2003 9 1 16.1 17.7 23.8 -1 5 3.1 
2003 9 2 15.0 16.6 20.5 -1 20 5.3 
2003 9 3 15.0 17.7 19.4 -1 13 3.5 
2003 9 4 16.1 21.6 23.8 -1 5 3.1 
2003 9 5 17.7 21.6 25.5 -1 3 3.5 
2003 9 6 15.0 20.0 25.5 -1 0 3.5 
2003 9 7 15.0 21.1 26.6 -1 0 2.6 
2003 9 8 16.1 21.1 26.6 -1 0 3.5 
2003 9 9 17.7 19.4 24.4 -1 0 5.8 
2003 9 10 13.8 18.8 24.4 -1 0 3.1 
2003 9 11 16.6 20.5 26.1 -1 0 4.9 
2003 9 12 16.6 18.8 26.1 -1 0 6.7 
2003 9 13 16.6 19.4 21.6 -1 5 5.8 
2003 9 14 17.2 22.7 26.6 -1 18 4.0 
2003 9 15 20.5 22.7 26.6 -1 0 3.5 
2003 9 16 17.7 21.6 25.5 -1 5 3.5 
2003 9 17 16.1 20.5 23.8 -1 0 3.5 
2003 9 18 16.1 20.0 24.4 -1 0 8.9 
2003 9 19 17.7 23.3 26.6 -1 15 8.9 
2003 9 20 20.0 23.3 26.6 -1 0 3.1 
2003 9 21 16.1 20.5 23.8 -1 0 4.0 
2003 9 22 16.1 20.0 23.8 -1 0 3.5 
2003 9 23 17.2 20.5 22.2 -1 23 4.9 
2003 9 24 13.8 18.3 22.7 -1 0 3.5 
2003 9 25 13.8 20.5 24.4 -1 0 4.0 
2003 9 26 16.1 19.4 22.2 -1 0 3.5 
2003 9 27 16.1 21.6 25.0 -1 0 3.5 
2003 9 28 16.1 20.0 22.2 -1 23 3.1 
2003 9 29 12.7 15.0 22.2 -1 8 5.8 
2003 9 30 10.0 13.3 18.3 -1 0 3.5 
2003 10 1 10.0 13.3 17.7 -1 0 3.1 
2003 10 2 8.8 11.6 13.8 -1 0 4.9 
2003 10 3 5.0 8.8 15.0 -1 0 4.0 
2003 10 4 5.0 12.7 15.0 -1 0 4.9 
2003 10 5 7.7 11.1 15.5 -1 0 4.9 
2003 10 6 6.6 10.0 15.5 -1 0 2.6 
2003 10 7 6.6 11.6 17.7 -1 0 3.1 
2003 10 8 7.2 16.6 21.1 -1 0 3.1 
2003 10 9 12.7 19.4 25.0 -1 0 2.6 
2003 10 10 15.0 16.6 25.0 -1 0 4.9 
2003 10 11 12.7 16.6 20.5 -1 0 6.2 
2003 10 12 13.3 17.2 21.1 -1 0 5.8 
2003 10 13 12.7 17.2 20.5 -1 0 3.1 
2003 10 14 12.2 16.1 19.4 -1 0 5.3 
2003 10 15 12.2 15.5 19.4 -1 23 6.7 
2003 10 16 8.8 12.7 16.6 -1 0 5.8 
2003 10 17 8.8 12.2 13.8 -1 0 3.1 
2003 10 18 6.1 9.4 13.8 -1 8 3.1 
2003 10 19 6.1 10.5 13.3 -1 0 4.9 
2003 10 20 4.4 8.8 14.4 -1 0 3.5 
2003 10 21 4.4 16.1 21.6 -1 0 5.3 
2003 10 22 6.1 10.5 17.2 -1 0 3.5 
2003 10 23 2.7 5.0 13.3 -1 0 6.2 
2003 10 24 2.7 5.5 10.5 -1 0 3.5 
2003 10 25 2.2 9.4 15.0 -1 0 3.5 
2003 10 26 5.0 16.6 20.0 -1 0 3.5 
2003 10 27 12.7 16.6 17.7 -1 20 4.9 
2003 10 28 7.7 11.1 17.2 -1 30 3.5 
2003 10 29 10.0 12.2 14.4 -1 38 3.5 
2003 10 30 6.6 11.1 15.5 -1 8 4.0 
2003 10 31 6.6 14.4 19.4 -1 0 2.6 
2003 11 1 12.7 17.2 23.8 -1 0 3.5 
2003 11 2 13.3 17.7 25.0 -1 0 2.2 
2003 11 3 13.8 19.4 26.1 -1 0 3.5 
2003 11 4 11.1 16.1 23.3 -1 0 5.8 
2003 11 5 11.1 12.2 13.8 -1 3 4.9 
2003 11 6 11.1 13.8 16.1 -1 8 2.6 
2003 11 7 8.8 10.5 15.5 -1 8 3.5 
2003 11 8 2.7 7.2 13.3 -1 0 6.7 
2003 11 9 -1.6 2.2 10.5 -1 0 3.5 
2003 11 10 -1.6 4.4 8.3 -1 0 2.6 
2003 11 11 0.5 7.7 12.2 -1 0 3.1 
2003 11 12 10.0 11.6 13.8 -1 8 3.5 
2003 11 13 5.5 10.5 15.0 -1 3 8.4 
2003 11 14 2.2 4.4 6.1 -1 0 9.3 
2003 11 15 1.6 6.1 8.8 -1 0 6.7 
2003 11 16 2.7 6.6 10.5 -1 0 3.5 
2003 11 17 3.8 8.8 10.5 -1 0 3.5 
2003 11 18 7.2 8.8 12.2 -1 0 3.5 
2003 11 19 12.2 14.4 17.2 -1 3 5.3 
2003 11 20 7.7 10.5 16.6 -1 58 6.7 
2003 11 21 6.1 11.1 18.3 -1 0 5.8 
2003 11 22 8.3 12.2 15.5 -1 0 2.6 
2003 11 23 6.1 10.0 15.5 -1 0 3.5 
2003 11 24 6.1 10.0 13.3 -1 0 4.0 
2003 11 25 2.7 5.5 13.8 -1 5 5.8 
2003 11 26 2.2 4.4 7.2 -1 0 3.1 
2003 11 27 2.2 8.3 12.2 -1 0 3.5 
2003 11 28 5.5 12.2 15.0 -1 8 8.4 
2003 11 29 5.0 8.3 16.1 -1 18 6.7 
2003 11 30 2.7 5.5 10.5 -1 0 6.2 
2003 12 1 2.7 7.7 10.5 -1 0 7.1 
2003 12 2 -2.7 1.1 3.3 -1 0 8.4 
2003 12 3 -6.1 -3.8 2.2 -1 0 6.2 
2003 12 4 -6.1 0.0 5.0 -1 0 3.1 
2003 12 5 -2.7 0.5 2.2 -1 3 6.7 
2003 12 6 -5.0 -2.7 2.7 -1 5 8.0 
2003 12 7 -6.1 -3.3 -2.2 -1 0 6.7 
2003 12 8 -5.5 -1.6 2.7 -1 0 6.7 
2003 12 9 -1.1 1.1 2.7 -1 0 3.1 
2003 12 10 -1.1 5.0 9.4 -1 3 6.2 
2003 12 11 2.2 11.6 14.4 -1 13 9.8 
2003 12 12 2.2 3.8 14.4 -1 13 6.7 
2003 12 13 -1.6 0.0 5.0 -1 0 3.5 
2003 12 14 -2.2 -0.5 3.3 -1 18 6.7 
2003 12 15 -2.7 1.6 5.0 -1 41 7.1 
2003 12 16 -1.1 3.3 8.8 -1 0 4.0 
2003 12 17 0.0 8.8 12.2 -1 13 4.0 
2003 12 18 0.0 1.6 2.7 -1 3 6.7 
2003 12 19 -1.1 0.5 2.2 -1 0 4.9 
2003 12 20 -1.1 1.1 3.3 -1 0 3.5 
2003 12 21 -3.8 -0.5 3.8 -1 0 6.2 
2003 12 22 -3.8 5.0 11.1 -1 0 3.5 
2003 12 23 7.7 9.4 12.2 -1 0 3.5 
2003 12 24 7.7 11.1 13.3 -1 5 6.2 
2003 12 25 3.8 6.1 11.1 -1 30 5.8 
2003 12 26 -1.1 2.2 6.1 -1 0 6.2 
2003 12 27 -0.5 6.1 11.1 -1 0 4.9 
2003 12 28 0.5 5.5 11.1 -1 0 3.1 
2003 12 29 0.5 7.2 12.2 -1 0 4.0 
2003 12 30 3.3 9.4 12.2 -1 0 7.1 
2003 12 31 2.7 5.0 11.1 -1 0 4.9 
