2003 1 1 -4.4 3.3 11.6 -1 0 9.8 
2003 1 2 -4.4 1.6 11.6 -1 0 9.8 
2003 1 3 -5.0 2.7 16.1 -1 0 5.8 
2003 1 4 -5.5 6.6 15.5 -1 0 6.7 
2003 1 5 -1.6 6.6 15.0 -1 0 4.0 
2003 1 6 -1.6 3.3 13.8 -1 0 8.4 
2003 1 7 -2.7 2.2 14.4 -1 0 4.9 
2003 1 8 -3.3 8.3 20.0 -1 0 6.7 
2003 1 9 0.0 10.0 20.0 -1 0 12.5 
2003 1 10 -2.7 2.2 7.7 -1 0 6.7 
2003 1 11 -5.0 0.5 6.1 -1 0 3.5 
2003 1 12 -3.8 2.7 6.1 -1 0 4.9 
2003 1 13 1.6 3.3 8.8 -1 0 5.8 
2003 1 14 0.0 3.8 8.8 -1 0 7.1 
2003 1 15 -2.2 1.1 8.3 -1 0 8.4 
2003 1 16 -4.4 0.0 6.1 -1 0 12.5 
2003 1 17 -8.8 -3.8 2.7 -1 0 8.0 
2003 1 18 -8.8 0.5 7.2 -1 0 6.7 
2003 1 19 -5.5 3.3 17.2 -1 0 7.1 
2003 1 20 -5.5 8.3 18.3 -1 0 6.7 
2003 1 21 -2.2 4.4 18.3 -1 0 7.1 
2003 1 22 -4.4 -1.1 10.0 -1 0 9.3 
2003 1 23 -12.2 -8.3 -1.6 -1 0 9.3 
2003 1 24 -12.7 -7.7 -0.5 -1 0 6.2 
2003 1 25 -6.1 0.0 8.8 -1 0 5.3 
2003 1 26 -4.4 -1.1 8.8 -1 0 8.4 
2003 1 27 -7.2 -1.6 10.5 -1 0 9.8 
2003 1 28 3.8 10.0 21.6 -1 0 11.1 
2003 1 29 2.2 5.5 21.6 -1 0 9.3 
2003 1 30 -6.1 1.6 11.1 -1 0 8.0 
2003 1 31 -6.1 6.6 15.5 -1 0 8.0 
2003 2 1 1.1 9.4 23.3 -1 0 8.9 
2003 2 2 1.1 14.4 24.4 -1 0 9.8 
2003 2 3 3.8 11.1 24.4 -1 0 12.0 
2003 2 4 -7.7 0.5 8.3 -1 0 9.8 
2003 2 5 -5.0 2.2 8.3 -1 0 8.0 
2003 2 6 -1.6 1.6 7.2 30 3 8.4 
2003 2 7 -10.0 -5.5 2.2 30 3 9.3 
2003 2 8 -9.4 -2.7 7.2 -1 0 6.7 
2003 2 9 0.0 1.6 4.4 30 3 4.0 
2003 2 10 -3.8 3.3 12.2 30 0 6.7 
2003 2 11 -3.8 5.0 14.4 -1 0 5.3 
2003 2 12 1.1 8.3 17.2 -1 0 4.0 
2003 2 13 1.1 10.0 16.6 -1 3 5.8 
2003 2 14 6.1 18.8 24.4 -1 3 9.3 
2003 2 15 0.0 7.2 20.5 -1 0 11.1 
2003 2 16 -3.3 -1.6 10.0 -1 0 9.8 
2003 2 17 -7.2 1.6 13.3 -1 0 4.9 
2003 2 18 -6.6 6.6 13.3 -1 0 6.2 
2003 2 19 5.5 8.3 13.8 -1 0 8.4 
2003 2 20 0.5 6.1 13.8 -1 0 4.9 
2003 2 21 0.5 7.2 13.3 -1 0 5.3 
2003 2 22 1.1 5.5 8.3 -1 5 8.0 
2003 2 23 -4.4 1.6 7.7 -1 0 12.0 
2003 2 24 -12.7 -9.4 -3.8 -1 0 9.8 
2003 2 25 -12.2 -9.4 -4.4 -1 0 6.7 
2003 2 26 -11.6 -5.0 -2.2 -1 0 4.0 
2003 2 27 -5.5 -2.2 1.1 -1 -1 3.5 
2003 2 28 -3.8 -1.1 2.2 -1 0 3.5 
2003 3 2 -1.1 2.2 6.1 -1 0 6.7 
2003 3 3 -6.6 2.2 14.4 -1 0 7.1 
2003 3 4 2.2 10.5 21.1 -1 0 12.9 
2003 3 5 -6.1 -3.8 2.7 -1 0 12.0 
2003 3 6 -9.4 -1.6 12.7 -1 0 5.8 
2003 3 7 1.1 8.3 20.0 -1 0 4.9 
2003 3 8 0.0 13.3 24.4 -1 0 8.4 
2003 3 9 -3.8 2.7 17.7 -1 0 8.9 
2003 3 10 -3.8 1.6 8.3 -1 0 6.7 
2003 3 11 1.1 9.4 22.2 -1 0 8.4 
2003 3 12 12.2 18.3 26.1 -1 0 9.8 
2003 3 13 9.4 15.5 26.1 -1 0 9.3 
2003 3 14 2.7 12.2 22.7 -1 0 3.5 
2003 3 15 2.2 15.0 25.5 -1 0 6.7 
2003 3 16 7.2 18.3 25.5 -1 0 8.4 
2003 3 17 12.7 17.7 25.5 -1 3 9.3 
2003 3 18 10.0 13.3 23.3 -1 8 8.4 
2003 3 19 8.8 11.1 15.5 -1 3 4.0 
2003 3 20 6.6 8.3 13.8 -1 5 11.1 
2003 3 21 4.4 9.4 16.6 -1 0 6.7 
2003 3 22 3.8 10.5 18.3 -1 0 5.8 
2003 3 23 3.8 13.3 23.3 -1 0 6.7 
2003 3 24 7.2 17.2 25.0 -1 0 9.8 
2003 3 25 10.0 15.0 25.0 -1 5 8.4 
2003 3 26 3.3 11.6 19.4 -1 0 5.3 
2003 3 27 11.1 15.0 22.2 -1 0 9.8 
2003 3 28 3.3 6.6 21.6 -1 13 11.6 
2003 3 29 -1.6 4.4 11.1 -1 0 8.9 
2003 3 30 -3.8 5.0 13.8 -1 0 6.7 
2003 3 31 -2.7 11.6 24.4 -1 0 7.1 
2003 4 1 11.6 17.7 26.6 -1 0 12.0 
2003 4 2 11.6 18.8 26.6 -1 0 11.1 
2003 4 3 13.3 18.8 26.1 -1 0 9.3 
2003 4 4 10.5 16.6 23.3 -1 0 9.8 
2003 4 5 3.8 11.1 18.3 -1 0 7.1 
2003 4 6 4.4 15.0 22.7 -1 8 12.5 
2003 4 7 1.6 8.8 22.7 -1 0 7.1 
2003 4 8 1.6 5.5 13.3 -1 0 10.2 
2003 4 9 -2.2 5.5 15.5 -1 0 6.2 
2003 4 10 0.5 11.6 22.7 -1 0 5.8 
2003 4 11 0.5 16.1 24.4 -1 0 3.5 
2003 4 12 6.1 17.7 25.5 -1 0 3.5 
2003 4 13 8.3 18.8 28.8 -1 0 8.0 
2003 4 14 15.0 21.6 28.8 -1 0 9.8 
2003 4 15 15.0 19.4 28.8 -1 0 12.9 
2003 4 16 13.8 17.2 20.5 -1 13 12.9 
2003 4 17 7.2 12.7 18.3 -1 0 8.9 
2003 4 18 7.2 17.7 29.4 -1 0 9.3 
2003 4 19 12.2 20.5 29.4 -1 13 9.8 
2003 4 20 7.2 13.8 26.6 -1 0 8.9 
2003 4 21 6.6 15.0 22.7 -1 0 5.8 
2003 4 22 6.6 16.6 22.7 -1 0 6.7 
2003 4 23 9.4 13.3 21.1 -1 8 9.8 
2003 4 24 10.5 16.1 23.8 -1 5 11.6 
2003 4 25 8.8 14.4 23.8 -1 0 8.9 
2003 4 26 6.6 15.0 23.3 -1 0 5.8 
2003 4 27 6.6 20.0 30.0 -1 0 8.4 
2003 4 28 13.8 21.1 30.0 -1 0 6.7 
2003 4 29 11.6 20.0 28.3 -1 0 7.1 
2003 4 30 11.6 22.2 28.3 -1 0 9.8 
2003 5 1 13.8 20.0 28.3 -1 0 8.4 
2003 5 2 12.7 16.6 22.7 -1 0 6.2 
2003 5 3 12.7 19.4 25.5 -1 0 6.2 
2003 5 4 22.2 25.5 32.2 -1 0 11.1 
2003 5 5 9.4 21.1 32.7 -1 0 6.7 
2003 5 6 9.4 21.1 31.1 -1 0 8.4 
2003 5 7 10.0 18.3 28.3 -1 0 6.7 
2003 5 8 21.6 24.4 28.8 -1 5 9.8 
2003 5 9 17.7 25.0 32.7 -1 0 8.4 
2003 5 10 17.7 26.6 32.7 -1 0 8.9 
2003 5 11 8.3 17.2 29.4 -1 0 7.1 
2003 5 12 11.1 18.3 27.2 -1 0 6.7 
2003 5 13 10.0 21.1 29.4 -1 0 8.9 
2003 5 14 15.0 23.3 29.4 -1 3 6.7 
2003 5 15 16.1 22.2 26.6 -1 0 6.7 
2003 5 16 16.1 20.5 26.1 -1 3 14.7 
2003 5 17 13.8 17.2 24.4 -1 3 8.4 
2003 5 18 12.2 19.4 28.8 -1 0 5.3 
2003 5 19 12.2 23.3 30.5 -1 0 11.1 
2003 5 20 12.2 15.0 20.5 -1 3 12.5 
2003 5 21 11.6 15.5 20.0 -1 0 7.1 
2003 5 22 11.6 16.6 21.6 -1 0 3.1 
2003 5 23 11.6 18.8 27.2 -1 0 5.3 
2003 5 24 12.2 21.6 27.7 -1 5 5.8 
2003 5 25 16.1 20.5 27.7 -1 0 7.1 
2003 5 26 12.2 16.6 23.3 -1 0 5.3 
2003 5 27 12.2 20.0 26.1 -1 0 4.0 
2003 5 28 10.5 21.1 31.6 -1 0 5.3 
2003 5 29 17.7 26.1 33.8 -1 0 5.3 
2003 5 30 16.6 28.3 38.8 -1 0 8.0 
2003 5 31 20.5 26.1 38.8 -1 0 9.8 
2003 6 1 15.0 21.6 28.3 -1 0 5.8 
2003 6 2 15.0 23.3 28.8 -1 8 11.1 
2003 6 3 16.6 21.6 28.8 -1 13 6.7 
2003 6 4 14.4 17.7 26.6 -1 3 6.7 
2003 6 5 15.5 18.3 22.7 -1 25 5.3 
2003 6 6 16.1 20.0 27.2 -1 18 8.4 
2003 6 7 13.8 20.5 27.2 -1 0 8.9 
2003 6 8 11.6 18.8 27.2 -1 3 6.7 
2003 6 9 11.6 21.6 29.4 -1 0 8.0 
2003 6 10 15.0 25.5 31.1 -1 0 9.8 
2003 6 11 16.1 22.7 31.1 -1 18 9.8 
2003 6 12 16.1 22.7 31.1 -1 13 16.0 
2003 6 13 17.2 22.7 30.0 -1 0 8.0 
2003 6 14 17.7 23.8 30.0 -1 8 6.7 
2003 6 15 17.7 23.3 30.5 -1 0 6.2 
2003 6 16 17.7 24.4 30.5 -1 0 6.2 
2003 6 17 17.7 23.8 28.8 -1 0 5.3 
2003 6 18 17.7 24.4 30.0 -1 0 5.3 
2003 6 19 17.7 23.8 31.1 -1 0 4.9 
2003 6 20 16.6 23.8 30.5 -1 3 5.8 
2003 6 21 17.7 24.4 30.5 -1 8 9.3 
2003 6 22 22.2 27.2 33.3 -1 0 8.0 
2003 6 23 23.8 28.3 33.8 -1 0 8.4 
2003 6 24 23.8 28.3 33.8 -1 0 8.4 
2003 6 25 25.0 27.7 32.2 -1 0 6.7 
2003 6 26 17.7 21.1 32.2 -1 3 6.7 
2003 6 27 13.8 21.1 28.3 -1 0 4.9 
2003 6 28 15.0 22.7 31.1 -1 0 5.3 
2003 6 29 14.4 23.8 30.5 -1 3 4.9 
2003 6 30 18.3 25.5 32.7 -1 0 3.5 
2003 7 1 21.1 26.6 33.8 -1 0 4.9 
2003 7 2 20.5 27.2 35.5 -1 0 5.3 
2003 7 3 20.5 28.3 36.1 -1 0 6.2 
2003 7 4 20.0 27.2 35.5 -1 0 5.8 
2003 7 5 20.0 27.2 33.8 -1 0 6.2 
2003 7 6 19.4 27.2 33.3 -1 0 8.9 
2003 7 7 22.7 27.2 33.8 -1 0 7.1 
2003 7 8 22.7 27.2 33.8 -1 0 7.1 
2003 7 9 21.6 27.7 35.0 -1 0 8.4 
2003 7 10 21.6 30.0 36.1 -1 0 8.4 
2003 7 11 20.0 28.8 37.2 -1 0 6.2 
2003 7 12 20.0 30.5 38.8 -1 0 6.7 
2003 7 13 22.7 29.4 38.8 -1 0 6.7 
2003 7 14 22.7 30.5 39.4 -1 0 6.7 
2003 7 15 22.7 31.1 39.4 -1 0 8.0 
2003 7 16 20.5 28.8 37.2 -1 0 6.2 
2003 7 17 20.5 28.8 36.1 -1 0 6.7 
2003 7 18 21.1 30.0 39.4 -1 0 6.7 
2003 7 19 22.7 31.6 40.0 -1 0 5.3 
2003 7 20 23.3 33.3 41.1 -1 0 6.2 
2003 7 21 25.5 32.7 41.1 -1 0 6.7 
2003 7 22 22.2 28.8 36.1 -1 0 8.0 
2003 7 23 21.1 27.2 32.2 -1 0 5.3 
2003 7 24 17.7 26.6 34.4 -1 0 6.7 
2003 7 25 17.7 28.8 36.1 -1 0 7.1 
2003 7 26 22.7 30.5 38.3 -1 0 6.7 
2003 7 27 21.1 29.4 38.3 -1 0 6.7 
2003 7 28 21.1 30.5 39.4 -1 0 4.9 
2003 7 29 22.2 30.0 39.4 -1 0 4.0 
2003 7 30 21.1 27.7 35.0 -1 13 11.1 
2003 7 31 18.8 27.2 36.1 -1 3 5.3 
2003 8 1 20.0 29.4 39.4 -1 0 5.3 
2003 8 2 21.6 28.3 39.4 -1 0 7.1 
2003 8 3 22.7 26.6 33.8 -1 3 9.3 
2003 8 4 21.6 26.6 36.1 -1 0 8.0 
2003 8 5 21.6 30.5 39.4 -1 0 5.8 
2003 8 6 22.7 32.2 39.4 -1 0 4.0 
2003 8 7 23.8 30.5 38.8 -1 3 4.9 
2003 8 8 23.8 29.4 36.1 -1 0 6.2 
2003 8 9 21.6 27.2 36.1 -1 0 8.0 
2003 8 10 21.1 27.2 35.5 -1 3 11.6 
2003 8 11 20.5 25.5 35.5 -1 15 6.7 
2003 8 12 18.8 25.5 31.6 -1 0 6.7 
2003 8 13 18.8 24.4 30.5 -1 25 13.4 
2003 8 14 17.7 23.3 30.0 -1 25 6.7 
2003 8 15 18.3 26.1 33.3 -1 0 5.3 
2003 8 16 19.4 27.7 35.0 -1 0 4.0 
2003 8 17 20.5 28.3 36.6 -1 0 5.3 
2003 8 18 21.1 30.0 37.2 -1 0 5.8 
2003 8 19 21.6 30.0 37.2 -1 0 6.7 
2003 8 20 22.2 30.0 37.2 -1 0 6.7 
2003 8 21 21.6 29.4 37.7 -1 0 5.8 
2003 8 22 21.6 29.4 37.7 -1 0 5.3 
2003 8 23 22.2 30.0 38.3 -1 0 8.4 
2003 8 24 21.6 28.3 37.7 -1 0 3.5 
2003 8 25 21.6 29.4 37.2 -1 0 5.8 
2003 8 26 20.5 28.8 37.2 -1 0 4.9 
2003 8 27 20.5 26.6 37.2 -1 3 5.8 
2003 8 28 20.5 27.7 37.7 -1 3 6.7 
2003 8 29 22.2 28.8 37.7 -1 3 6.2 
2003 8 30 21.1 24.4 31.6 -1 30 6.2 
2003 8 31 20.5 22.7 27.7 -1 20 5.3 
2003 9 1 17.7 19.4 21.6 -1 18 6.7 
2003 9 2 18.3 21.1 27.2 -1 0 6.2 
2003 9 3 18.8 23.8 28.8 -1 0 3.5 
2003 9 4 18.8 23.8 30.5 -1 0 5.3 
2003 9 5 17.2 23.3 29.4 -1 0 4.9 
2003 9 6 15.0 22.2 29.4 -1 0 3.5 
2003 9 7 13.8 21.1 29.4 -1 0 3.5 
2003 9 8 13.8 21.6 28.3 -1 0 7.1 
2003 9 9 16.6 24.4 30.0 -1 0 8.0 
2003 9 10 18.8 25.0 31.1 -1 0 8.4 
2003 9 11 19.4 23.3 31.1 -1 20 10.2 
2003 9 12 15.0 18.3 25.5 -1 3 4.9 
2003 9 13 15.5 17.7 23.3 -1 8 6.7 
2003 9 14 13.3 18.3 24.4 -1 3 5.3 
2003 9 15 10.0 17.7 25.5 -1 0 5.8 
2003 9 16 17.2 21.6 29.4 -1 0 10.2 
2003 9 17 16.6 24.4 29.4 -1 0 8.9 
2003 9 18 15.0 20.0 29.4 -1 0 9.8 
2003 9 19 10.0 15.5 24.4 -1 0 7.1 
2003 9 20 7.7 15.5 25.5 -1 0 5.8 
2003 9 21 17.2 20.0 24.4 -1 8 6.7 
2003 9 22 12.7 18.8 26.6 -1 3 6.7 
2003 9 23 13.3 22.7 30.5 -1 0 8.0 
2003 9 24 15.5 22.7 30.5 -1 0 6.7 
2003 9 25 15.5 22.2 29.4 -1 0 6.2 
2003 9 26 16.6 22.2 30.5 -1 0 6.7 
2003 9 27 13.8 22.2 30.5 -1 0 6.7 
2003 9 28 10.5 17.7 26.6 -1 0 4.0 
2003 9 29 10.0 15.0 23.8 -1 5 6.7 
2003 9 30 10.0 15.0 22.2 -1 8 7.1 
2003 10 1 7.7 11.1 22.2 -1 0 6.2 
2003 10 2 7.7 13.3 17.7 -1 0 5.8 
2003 10 3 11.6 17.2 26.1 -1 0 8.9 
2003 10 4 12.7 17.2 26.1 -1 5 5.3 
2003 10 5 12.7 16.1 22.2 -1 5 3.5 
2003 10 6 12.7 18.8 24.4 -1 0 3.1 
2003 10 7 13.3 18.8 26.1 -1 0 3.5 
2003 10 8 13.3 20.0 27.2 -1 0 6.2 
2003 10 9 14.4 21.6 27.2 -1 15 8.4 
2003 10 10 16.1 21.1 26.1 -1 0 3.5 
2003 10 11 15.5 18.8 26.6 -1 0 8.9 
2003 10 12 10.5 16.6 25.0 -1 0 8.0 
2003 10 13 11.6 18.8 27.7 -1 0 8.9 
2003 10 14 8.8 15.5 27.7 -1 3 10.2 
2003 10 15 6.1 13.8 23.8 -1 0 8.9 
2003 10 16 7.2 17.2 28.3 -1 0 9.3 
2003 10 17 7.7 14.4 28.3 -1 0 9.3 
2003 10 18 6.1 16.1 28.3 -1 0 6.2 
2003 10 19 10.5 19.4 31.6 -1 0 4.9 
2003 10 20 10.5 21.1 32.2 -1 0 6.7 
2003 10 21 11.6 20.0 32.2 -1 0 3.5 
2003 10 22 13.3 21.1 30.0 -1 0 3.5 
2003 10 23 11.6 20.5 31.6 -1 0 4.0 
2003 10 24 12.7 21.1 32.7 -1 0 8.4 
2003 10 25 11.1 15.5 22.7 -1 0 10.2 
2003 10 26 3.8 9.4 16.1 -1 0 7.1 
2003 10 27 5.5 11.6 22.7 -1 0 4.9 
2003 10 28 5.5 15.0 22.7 -1 0 7.1 
2003 10 29 3.8 12.7 28.8 -1 0 11.1 
2003 10 30 16.1 21.1 28.3 -1 0 10.2 
2003 10 31 7.7 11.6 17.2 -1 0 6.2 
2003 11 1 7.7 11.1 13.8 -1 3 5.8 
2003 11 2 9.4 18.8 25.0 -1 3 6.7 
2003 11 3 16.6 22.2 26.1 -1 0 9.8 
2003 11 4 10.5 18.3 26.1 -1 0 8.9 
2003 11 5 3.8 5.5 10.5 -1 0 8.0 
2003 11 6 1.6 3.3 6.1 -1 0 6.7 
2003 11 7 1.1 3.8 8.3 -1 0 5.8 
2003 11 8 1.1 7.7 8.8 -1 0 4.9 
2003 11 9 5.5 7.2 10.5 -1 0 4.0 
2003 11 10 5.5 10.5 16.1 -1 0 7.1 
2003 11 11 8.8 18.3 23.3 -1 0 8.9 
2003 11 12 13.8 17.7 23.3 -1 0 8.4 
2003 11 13 3.8 7.7 13.8 -1 5 6.7 
2003 11 14 4.4 6.1 10.0 -1 10 8.9 
2003 11 15 5.5 10.5 16.1 -1 3 6.7 
2003 11 16 1.1 12.2 21.6 -1 0 5.3 
2003 11 17 12.2 16.6 20.0 -1 15 8.4 
2003 11 18 8.8 13.8 17.7 -1 3 12.5 
2003 11 19 1.1 10.5 21.1 -1 0 6.2 
2003 11 20 5.0 13.3 23.8 -1 0 10.2 
2003 11 21 4.4 13.3 23.8 -1 0 6.7 
2003 11 22 6.1 12.2 21.6 -1 0 8.0 
2003 11 23 -2.2 6.6 20.5 -1 0 12.5 
2003 11 24 -6.6 -0.5 9.4 -1 0 8.0 
2003 11 25 -6.1 5.0 13.3 -1 0 9.8 
2003 11 26 -0.5 8.8 20.5 -1 0 10.2 
2003 11 27 2.7 6.6 11.6 -1 0 9.3 
2003 11 28 -1.6 3.8 10.5 -1 0 8.0 
2003 11 29 -3.3 5.0 17.7 -1 0 11.1 
2003 11 30 3.8 10.5 17.7 -1 0 6.7 
2003 12 1 4.4 10.0 17.7 -1 0 8.9 
2003 12 2 5.0 8.3 15.5 -1 0 9.3 
2003 12 3 3.8 8.3 11.1 -1 0 9.8 
2003 12 4 -3.8 3.8 11.6 -1 0 3.5 
2003 12 5 -3.8 2.7 11.1 -1 0 11.1 
2003 12 6 -7.2 0.0 8.8 -1 0 4.9 
2003 12 7 2.2 6.6 16.1 -1 0 9.8 
2003 12 8 2.2 12.7 22.2 -1 0 8.4 
2003 12 9 -1.1 8.8 17.7 -1 3 14.3 
2003 12 10 -2.2 0.5 3.8 -1 3 14.3 
2003 12 11 -4.4 0.5 10.0 -1 0 4.9 
2003 12 12 -5.0 -1.1 10.0 -1 13 6.2 
2003 12 13 -2.7 -1.1 1.1 51 18 5.8 
2003 12 14 -5.0 1.6 10.5 51 0 7.1 
2003 12 15 6.1 10.0 18.8 -1 0 11.6 
2003 12 16 -1.1 2.7 6.1 -1 0 11.6 
2003 12 17 -5.0 2.7 14.4 -1 0 4.9 
2003 12 18 -5.0 6.1 14.4 -1 0 6.7 
2003 12 19 -2.7 3.8 11.6 -1 0 4.0 
2003 12 20 -2.7 5.0 16.1 -1 0 8.9 
2003 12 21 6.1 11.1 18.3 -1 0 9.3 
2003 12 22 5.5 11.6 18.8 -1 0 8.9 
2003 12 23 0.5 5.0 16.1 -1 3 9.8 
2003 12 24 -2.2 3.8 12.2 -1 0 5.8 
2003 12 25 0.5 5.5 16.1 -1 0 9.3 
2003 12 26 0.5 9.4 15.5 -1 0 9.8 
2003 12 27 5.0 15.5 17.2 -1 5 9.8 
2003 12 28 3.8 9.4 17.2 -1 5 5.8 
2003 12 29 -2.7 3.3 12.2 -1 0 4.0 
2003 12 30 -2.2 5.5 16.1 -1 0 12.5 
2003 12 31 -2.2 9.4 16.1 -1 0 9.3 
