2003 1 1 -7.7 -0.5 6.6 -1 0 4.9 
2003 1 2 -6.1 -2.2 1.6 -1 0 5.3 
2003 1 3 -10.0 -3.8 7.7 -1 0 6.7 
2003 1 4 -1.1 3.3 8.8 -1 0 8.4 
2003 1 5 -1.1 2.2 9.4 -1 0 8.4 
2003 1 6 -2.7 -1.6 -0.5 -1 0 6.7 
2003 1 7 -5.5 1.6 18.3 -1 0 6.2 
2003 1 8 -5.0 8.3 20.0 -1 0 7.1 
2003 1 9 -2.2 2.2 9.4 -1 0 12.5 
2003 1 10 -7.7 -3.8 0.0 -1 0 10.2 
2003 1 11 -12.7 -7.7 -1.1 -1 0 4.9 
2003 1 12 -13.3 -5.5 8.3 -1 0 8.0 
2003 1 13 -13.3 -3.8 8.3 -1 0 5.8 
2003 1 14 -12.2 -6.1 -1.1 -1 0 6.2 
2003 1 15 -13.3 -8.8 -3.8 -1 0 5.8 
2003 1 16 -13.3 -8.3 -5.0 99 5 7.1 
2003 1 17 -21.6 -15.0 -6.1 99 0 6.2 
2003 1 18 -20.5 -8.3 -2.2 99 0 9.3 
2003 1 19 -14.4 -7.2 6.1 30 0 3.5 
2003 1 20 -14.4 -3.3 6.1 30 0 4.9 
2003 1 21 -12.2 -8.8 -6.1 30 0 5.8 
2003 1 22 -16.1 -11.6 -7.2 30 0 7.1 
2003 1 23 -23.8 -19.4 -9.4 30 0 5.8 
2003 1 24 -23.3 -11.6 -4.4 79 0 7.1 
2003 1 25 -15.5 -8.8 -2.2 79 0 8.0 
2003 1 26 -17.2 -13.3 -7.7 51 0 8.0 
2003 1 27 -15.5 -8.3 1.1 30 0 8.4 
2003 1 28 -3.8 -1.1 2.2 30 0 6.7 
2003 1 29 -5.0 -2.2 1.6 -1 0 6.7 
2003 1 30 -6.1 -1.6 5.5 -1 0 6.7 
2003 1 31 -6.1 2.7 5.5 -1 0 7.1 
2003 2 1 -2.2 1.6 10.0 -1 0 4.0 
2003 2 2 -1.6 3.3 10.0 -1 0 6.2 
2003 2 3 -5.0 1.1 8.3 51 3 12.5 
2003 2 4 -10.5 -7.7 2.7 51 5 9.8 
2003 2 5 -10.5 -5.5 0.0 30 0 5.3 
2003 2 6 -12.2 -6.6 0.0 30 0 8.0 
2003 2 7 -1.0 -11.6 -2.2 -1 0 6.7 
2003 2 8 -8.3 -2.7 1.1 -1 0 5.3 
2003 2 9 -11.1 -6.6 -2.2 -1 0 3.5 
2003 2 10 -8.8 -5.5 -1.1 -1 0 7.1 
2003 2 11 -10.5 -4.4 6.6 -1 0 12.0 
2003 2 12 -11.1 -4.4 6.6 -1 0 6.7 
2003 2 13 -11.1 0.0 9.4 -1 0 3.5 
2003 2 14 2.2 3.3 6.1 -1 0 4.9 
2003 2 15 -7.2 -3.3 4.4 231 23 9.8 
2003 2 16 -1.0 -12.7 0.5 231 3 5.3 
2003 2 17 -17.7 -8.8 1.1 150 0 6.2 
2003 2 18 -5.0 0.0 7.2 79 0 5.3 
2003 2 19 -10.0 -1.6 6.6 51 0 4.0 
2003 2 20 -10.0 2.7 10.5 51 0 6.2 
2003 2 21 -2.2 1.6 10.5 -1 0 7.1 
2003 2 22 -6.1 -2.7 5.5 -1 0 7.1 
2003 2 23 -11.1 -7.7 -1.6 30 3 7.1 
2003 2 24 -17.2 -13.8 -11.1 30 0 7.1 
2003 2 25 -17.7 -13.8 -8.8 30 0 6.7 
2003 2 26 -14.4 -10.5 -2.7 30 0 3.5 
2003 2 27 -14.4 -6.6 1.1 30 0 3.5 
2003 2 28 -8.3 -2.7 2.7 -1 0 2.6 
2003 3 2 -12.7 -6.1 2.2 -1 0 9.8 
2003 3 3 -11.1 -2.2 7.7 -1 0 7.1 
2003 3 4 -12.7 -3.8 4.4 79 3 9.8 
2003 3 5 -15.0 -12.2 -8.8 79 3 7.1 
2003 3 6 -12.7 -7.7 1.1 51 0 8.9 
2003 3 7 -8.8 -3.3 2.2 30 0 8.0 
2003 3 8 -9.4 -4.4 1.6 30 0 9.8 
2003 3 9 -15.0 -11.6 -2.2 -1 0 7.1 
2003 3 10 -11.1 -7.7 1.1 -1 0 4.9 
2003 3 11 -11.1 2.2 17.2 -1 0 5.8 
2003 3 12 -4.4 3.3 17.2 -1 0 4.0 
2003 3 13 0.0 2.7 10.0 -1 0 4.0 
2003 3 14 0.0 7.7 19.4 -1 0 8.0 
2003 3 15 2.2 13.8 26.1 -1 0 8.9 
2003 3 16 7.7 16.6 26.1 -1 0 6.7 
2003 3 17 7.2 15.5 24.4 -1 0 3.5 
2003 3 18 7.2 15.0 21.1 -1 0 8.9 
2003 3 19 6.1 7.7 10.0 -1 0 9.8 
2003 3 20 2.7 4.4 7.7 -1 8 8.4 
2003 3 21 -1.6 5.5 13.8 -1 0 9.3 
2003 3 22 -1.6 6.6 17.2 -1 0 5.8 
2003 3 23 -1.1 12.2 23.3 -1 0 8.4 
2003 3 24 4.4 14.4 23.3 -1 0 6.7 
2003 3 25 2.7 8.8 17.7 -1 0 6.7 
2003 3 26 -0.5 8.8 18.3 -1 0 8.0 
2003 3 27 0.0 11.1 18.3 -1 0 9.3 
2003 3 28 2.2 3.8 9.4 -1 0 11.6 
2003 3 29 -2.2 1.1 9.4 -1 0 11.6 
2003 3 30 -4.4 2.7 12.2 -1 0 4.0 
2003 3 31 -4.4 11.6 27.2 -1 0 8.4 
2003 4 1 11.1 20.5 32.2 -1 0 6.7 
2003 4 2 10.5 20.5 32.2 -1 0 6.7 
2003 4 3 10.5 18.3 30.5 -1 0 9.3 
2003 4 4 0.0 3.3 14.4 -1 3 9.3 
2003 4 5 -2.7 0.5 4.4 -1 3 5.8 
2003 4 6 -2.2 0.5 4.4 30 13 11.6 
2003 4 7 -1.1 0.5 1.1 79 18 5.3 
2003 4 8 -3.8 0.0 4.4 30 0 5.8 
2003 4 9 -3.3 2.2 13.8 30 0 5.3 
2003 4 10 -3.3 10.0 21.1 -1 0 6.7 
2003 4 11 1.6 13.8 24.4 -1 0 4.0 
2003 4 12 3.3 15.0 25.0 -1 0 4.0 
2003 4 13 10.5 18.8 28.8 -1 0 9.8 
2003 4 14 10.5 23.8 32.2 -1 0 9.8 
2003 4 15 17.2 23.3 30.5 -1 0 10.2 
2003 4 16 13.8 18.8 26.1 -1 3 12.0 
2003 4 17 3.8 8.3 17.7 -1 0 8.4 
2003 4 18 4.4 9.4 14.4 -1 3 10.2 
2003 4 19 7.7 10.5 14.4 -1 8 9.3 
2003 4 20 6.6 8.3 11.6 -1 8 6.7 
2003 4 21 6.6 11.6 19.4 -1 0 9.3 
2003 4 22 1.1 11.1 21.6 -1 0 3.5 
2003 4 23 1.1 15.0 21.6 -1 0 9.3 
2003 4 24 8.8 11.1 20.5 -1 8 8.0 
2003 4 25 8.8 12.7 21.1 -1 0 7.1 
2003 4 26 5.5 13.8 23.3 -1 0 7.1 
2003 4 27 5.5 17.2 25.0 -1 0 5.3 
2003 4 28 10.0 16.6 25.0 -1 13 5.8 
2003 4 29 8.8 13.8 21.6 -1 15 9.3 
2003 4 30 10.5 12.7 16.1 -1 15 9.8 
2003 5 1 10.0 13.3 17.7 -1 0 6.2 
2003 5 2 10.0 14.4 20.5 -1 0 3.5 
2003 5 3 7.2 15.0 23.3 -1 0 9.8 
2003 5 4 6.6 14.4 22.7 -1 8 9.8 
2003 5 5 8.8 12.7 19.4 -1 20 6.7 
2003 5 6 8.8 13.8 19.4 -1 10 10.2 
2003 5 7 3.8 12.7 21.6 -1 3 3.5 
2003 5 8 4.4 13.3 21.6 -1 15 10.2 
2003 5 9 10.5 14.4 20.0 -1 5 6.7 
2003 5 10 7.7 11.6 19.4 -1 3 8.0 
2003 5 11 7.2 10.0 16.1 -1 5 11.6 
2003 5 12 3.8 12.7 21.1 -1 13 6.7 
2003 5 13 12.7 17.7 25.5 -1 0 5.8 
2003 5 14 8.8 16.1 26.1 -1 5 11.6 
2003 5 15 8.8 13.8 22.7 -1 20 6.2 
2003 5 16 9.4 15.0 20.5 -1 0 6.7 
2003 5 17 7.7 15.5 23.8 -1 0 4.9 
2003 5 18 12.2 19.4 27.2 -1 0 6.7 
2003 5 19 12.2 18.3 26.6 -1 0 8.9 
2003 5 20 5.5 11.1 20.5 -1 18 6.7 
2003 5 21 3.3 11.6 19.4 -1 0 3.1 
2003 5 22 3.3 15.5 22.2 -1 0 5.3 
2003 5 23 7.7 16.6 22.2 -1 0 4.9 
2003 5 24 12.7 15.5 22.2 -1 3 4.0 
2003 5 25 8.8 15.5 21.6 -1 3 3.1 
2003 5 26 7.7 16.6 23.8 -1 0 2.2 
2003 5 27 8.3 18.8 27.2 -1 0 4.9 
2003 5 28 10.0 23.3 28.3 -1 0 7.1 
2003 5 29 10.5 20.5 29.4 -1 0 6.7 
2003 5 30 10.5 23.3 31.1 -1 0 12.5 
2003 5 31 12.7 18.3 31.1 -1 0 9.3 
2003 6 1 13.3 19.4 25.5 -1 0 6.2 
2003 6 2 10.5 14.4 25.5 -1 8 6.2 
2003 6 3 10.5 12.2 17.7 -1 5 5.8 
2003 6 4 8.8 15.0 21.1 -1 0 3.5 
2003 6 5 8.8 17.7 22.2 -1 5 5.8 
2003 6 6 11.6 17.7 23.8 -1 5 6.7 
2003 6 7 11.1 15.0 23.8 -1 10 8.4 
2003 6 8 11.1 15.0 21.1 -1 13 6.7 
2003 6 9 10.0 19.4 29.4 -1 3 9.8 
2003 6 10 10.0 21.1 29.4 -1 3 11.1 
2003 6 11 12.7 18.8 26.6 -1 0 4.0 
2003 6 12 12.7 21.1 26.6 -1 0 5.3 
2003 6 13 13.3 20.5 29.4 -1 0 4.9 
2003 6 14 13.3 23.3 30.0 -1 0 4.0 
2003 6 15 14.4 23.3 31.1 -1 0 3.5 
2003 6 16 15.0 25.0 31.6 -1 0 3.5 
2003 6 17 17.2 25.0 31.6 -1 3 6.2 
2003 6 18 18.8 23.8 27.7 -1 5 8.9 
2003 6 19 15.5 21.1 28.8 -1 3 6.2 
2003 6 20 15.0 21.6 27.2 -1 0 7.1 
2003 6 21 15.0 22.7 28.8 -1 0 9.3 
2003 6 22 18.3 23.8 28.8 -1 36 9.8 
2003 6 23 20.0 26.1 31.1 -1 -1 12.9 
2003 6 24 21.1 27.7 33.3 -1 0 10.2 
2003 6 25 17.2 24.4 33.3 -1 0 8.4 
2003 6 26 11.6 18.3 27.7 -1 0 7.1 
2003 6 27 15.0 22.7 32.2 -1 0 6.2 
2003 6 28 15.0 23.3 31.6 -1 3 8.9 
2003 6 29 16.1 22.2 28.3 -1 0 3.5 
2003 6 30 13.8 22.2 29.4 -1 0 5.3 
2003 7 1 15.0 24.4 31.1 -1 0 5.3 
2003 7 2 21.1 27.2 33.8 -1 0 6.7 
2003 7 3 20.5 29.4 37.2 -1 0 6.7 
2003 7 4 23.3 28.3 37.2 -1 0 8.9 
2003 7 5 20.5 27.2 33.8 -1 0 4.9 
2003 7 6 17.7 26.1 33.8 -1 30 16.5 
2003 7 7 22.2 28.8 32.2 -1 0 5.3 
2003 7 8 21.6 27.7 32.7 -1 3 5.3 
2003 7 9 20.0 25.0 32.7 -1 8 13.4 
2003 7 10 18.3 23.8 28.8 -1 0 6.7 
2003 7 11 16.6 23.3 30.0 -1 0 5.3 
2003 7 12 15.0 21.6 30.0 -1 0 3.5 
2003 7 13 15.0 23.8 31.1 -1 0 6.7 
2003 7 14 21.6 27.2 36.1 -1 0 8.4 
2003 7 15 20.0 27.2 35.5 -1 0 6.2 
2003 7 16 17.7 25.0 32.7 -1 0 6.7 
2003 7 17 18.3 30.5 38.3 -1 5 8.0 
2003 7 18 23.3 28.8 38.3 -1 0 7.1 
2003 7 19 21.6 24.4 31.1 -1 0 4.0 
2003 7 20 21.6 27.2 35.5 -1 0 6.2 
2003 7 21 19.4 25.0 35.5 -1 0 8.0 
2003 7 22 15.0 21.1 27.7 -1 0 6.2 
2003 7 23 13.3 19.4 26.6 -1 0 3.1 
2003 7 24 13.3 22.7 31.6 -1 0 9.3 
2003 7 25 17.2 28.8 37.2 -1 0 9.3 
2003 7 26 23.8 31.1 38.8 -1 0 8.4 
2003 7 27 21.6 26.1 38.8 -1 0 6.2 
2003 7 28 18.8 23.3 30.0 -1 0 4.9 
2003 7 29 15.0 23.3 30.5 -1 0 3.5 
2003 7 30 15.0 25.0 31.1 -1 3 5.3 
2003 7 31 18.8 23.8 31.1 -1 3 8.4 
2003 8 1 17.7 23.3 29.4 -1 15 4.9 
2003 8 2 17.7 23.8 29.4 -1 0 3.5 
2003 8 3 15.0 22.7 30.0 -1 0 4.0 
2003 8 4 15.0 22.7 30.0 -1 0 3.5 
2003 8 5 16.1 25.0 30.0 -1 3 5.3 
2003 8 6 18.8 23.3 30.0 -1 0 4.0 
2003 8 7 16.1 23.3 31.1 -1 0 3.1 
2003 8 8 16.1 24.4 31.1 -1 0 4.0 
2003 8 9 16.6 24.4 31.1 -1 0 4.9 
2003 8 10 16.6 25.5 31.6 -1 0 5.3 
2003 8 11 17.2 22.7 29.4 -1 8 5.8 
2003 8 12 16.6 22.7 29.4 -1 0 4.9 
2003 8 13 15.5 22.2 28.8 -1 0 5.3 
2003 8 14 18.8 24.4 31.1 -1 0 5.3 
2003 8 15 19.4 27.7 34.4 -1 0 5.8 
2003 8 16 21.1 29.4 37.2 -1 0 3.5 
2003 8 17 22.2 30.0 38.3 -1 0 6.2 
2003 8 18 22.7 31.1 38.8 -1 0 8.0 
2003 8 19 21.1 25.5 38.8 -1 8 8.0 
2003 8 20 22.2 28.3 36.6 -1 0 8.9 
2003 8 21 22.7 28.3 36.6 -1 0 8.4 
2003 8 22 17.2 23.3 31.1 -1 0 4.0 
2003 8 23 17.2 26.1 35.0 -1 0 6.7 
2003 8 24 20.5 28.8 38.3 -1 0 6.2 
2003 8 25 21.1 30.5 38.8 -1 0 6.7 
2003 8 26 21.6 28.8 38.8 -1 0 5.3 
2003 8 27 21.1 28.3 36.1 -1 0 5.8 
2003 8 28 21.1 27.2 36.1 -1 0 6.2 
2003 8 29 17.7 26.1 32.2 -1 0 6.7 
2003 8 30 15.0 20.0 32.2 -1 0 6.2 
2003 8 31 15.0 19.4 23.3 -1 0 4.9 
2003 9 1 12.2 18.8 26.1 -1 0 4.0 
2003 9 2 12.2 20.5 30.0 -1 0 3.5 
2003 9 3 13.3 22.2 30.0 -1 0 6.7 
2003 9 4 7.7 17.7 26.6 -1 0 4.0 
2003 9 5 13.8 21.1 32.2 -1 0 6.7 
2003 9 6 16.1 24.4 32.7 -1 0 6.2 
2003 9 7 13.8 22.7 32.7 -1 0 5.8 
2003 9 8 10.0 21.6 31.1 -1 0 6.7 
2003 9 9 11.6 21.1 30.0 -1 3 6.7 
2003 9 10 18.8 23.8 31.1 -1 3 9.8 
2003 9 11 13.8 19.4 27.7 -1 5 9.8 
2003 9 12 10.5 16.6 26.6 -1 5 5.8 
2003 9 13 10.5 17.7 26.6 -1 0 6.7 
2003 9 14 9.4 15.5 22.7 -1 0 6.2 
2003 9 15 5.5 16.1 29.4 -1 0 6.7 
2003 9 16 15.0 22.2 31.1 -1 0 8.0 
2003 9 17 15.0 25.0 32.7 -1 0 12.0 
2003 9 18 10.5 18.3 32.7 -1 8 12.0 
2003 9 19 3.8 11.1 20.0 -1 0 6.2 
2003 9 20 7.7 14.4 22.7 -1 0 8.0 
2003 9 21 7.7 15.5 22.7 -1 0 5.8 
2003 9 22 10.0 15.0 20.5 -1 18 7.1 
2003 9 23 7.2 15.5 28.3 -1 0 7.1 
2003 9 24 7.2 18.3 27.7 -1 0 8.4 
2003 9 25 2.7 11.6 21.1 -1 0 6.2 
2003 9 26 2.7 16.6 23.8 -1 0 11.6 
2003 9 27 7.2 12.7 23.8 -1 0 9.3 
2003 9 28 3.8 10.0 18.3 -1 0 6.7 
2003 9 29 0.0 7.2 16.1 -1 0 3.5 
2003 9 30 0.0 8.8 15.5 -1 0 5.8 
2003 10 1 0.5 10.0 17.2 -1 0 4.9 
2003 10 2 1.6 9.4 19.4 -1 0 6.2 
2003 10 3 11.1 15.5 23.3 -1 0 8.0 
2003 10 4 7.2 15.5 27.2 -1 0 5.3 
2003 10 5 6.1 17.7 28.8 -1 0 3.5 
2003 10 6 9.4 19.4 28.8 -1 0 5.3 
2003 10 7 11.6 18.8 28.3 -1 0 6.7 
2003 10 8 11.6 20.0 27.7 -1 0 9.8 
2003 10 9 13.8 20.0 27.2 -1 0 6.2 
2003 10 10 13.8 18.8 26.6 -1 0 8.0 
2003 10 11 12.2 17.7 22.2 -1 15 8.4 
2003 10 12 5.5 12.2 21.6 -1 15 7.1 
2003 10 13 5.5 11.6 21.6 -1 10 8.4 
2003 10 14 5.0 11.1 19.4 -1 15 5.8 
2003 10 15 1.1 7.7 19.4 -1 0 3.5 
2003 10 16 1.6 7.2 13.8 -1 3 5.3 
2003 10 17 0.0 6.1 16.1 -1 3 7.1 
2003 10 18 7.2 13.8 27.2 -1 0 4.9 
2003 10 19 6.1 17.2 30.5 -1 0 3.5 
2003 10 20 6.6 18.8 30.5 -1 0 6.7 
2003 10 21 8.3 16.6 29.4 -1 0 6.2 
2003 10 22 6.1 15.5 28.8 -1 0 3.1 
2003 10 23 6.6 14.4 27.2 -1 0 4.0 
2003 10 24 7.2 12.2 20.0 -1 0 8.4 
2003 10 25 1.6 7.2 16.1 -1 0 7.1 
2003 10 26 1.1 5.0 12.7 -1 0 6.2 
2003 10 27 -2.2 5.5 10.0 -1 0 6.2 
2003 10 28 -1.1 8.8 12.2 -1 3 11.6 
2003 10 29 2.7 7.7 20.5 -1 0 9.3 
2003 10 30 2.7 9.4 20.5 -1 0 8.9 
2003 10 31 2.7 5.0 7.2 -1 0 6.7 
2003 11 1 -1.1 1.6 7.2 -1 0 5.8 
2003 11 2 -1.1 2.2 5.0 -1 5 3.5 
2003 11 3 2.2 4.4 6.1 -1 10 9.3 
2003 11 4 0.5 2.7 5.5 -1 41 6.7 
2003 11 5 -2.2 -1.1 3.8 -1 0 6.7 
2003 11 6 -7.2 -2.2 5.0 -1 0 4.0 
2003 11 7 -7.2 0.0 6.1 -1 0 4.0 
2003 11 8 -7.7 -2.7 6.1 -1 0 6.7 
2003 11 9 -2.2 1.1 8.8 -1 0 5.8 
2003 11 10 -1.1 6.6 10.0 -1 0 6.7 
2003 11 11 2.2 9.4 16.1 -1 0 4.0 
2003 11 12 3.8 7.2 16.1 -1 0 14.7 
2003 11 13 -2.7 2.2 9.4 -1 0 6.2 
2003 11 14 -2.7 5.5 11.1 -1 0 9.3 
2003 11 15 1.6 7.2 11.6 -1 0 5.3 
2003 11 16 -1.1 7.2 14.4 -1 0 4.0 
2003 11 17 1.1 10.5 15.0 -1 10 9.8 
2003 11 18 5.0 10.0 15.0 -1 8 9.3 
2003 11 19 1.6 8.3 19.4 -1 0 3.5 
2003 11 20 1.6 12.2 21.6 -1 0 5.8 
2003 11 21 -1.1 4.4 12.7 -1 0 7.1 
2003 11 22 -0.5 2.2 6.6 -1 0 5.8 
2003 11 23 -7.2 -1.6 0.5 -1 3 9.3 
2003 11 24 -12.2 -7.7 -1.1 -1 0 8.9 
2003 11 25 -2.2 0.5 6.6 -1 0 6.7 
2003 11 26 -6.1 0.0 7.7 -1 0 3.5 
2003 11 27 -6.1 -0.5 7.2 -1 0 8.4 
2003 11 28 -7.7 -2.7 2.2 -1 0 8.9 
2003 11 29 -7.7 -0.5 12.2 -1 0 6.7 
2003 11 30 -7.2 4.4 17.2 -1 0 8.4 
2003 12 1 -3.8 2.7 8.3 -1 0 6.7 
2003 12 2 -2.7 3.3 7.2 -1 3 7.1 
2003 12 3 -1.1 0.5 2.2 -1 8 6.7 
2003 12 4 -2.7 -0.5 1.1 -1 0 5.3 
2003 12 5 -2.7 -1.1 1.1 -1 0 11.1 
2003 12 6 -4.4 -2.7 -0.5 -1 0 6.7 
2003 12 7 -1.1 1.1 7.2 -1 0 6.7 
2003 12 8 -2.7 1.6 6.6 -1 0 6.7 
2003 12 9 -6.1 -1.1 6.6 79 5 10.2 
2003 12 10 -10.5 -7.7 0.5 130 5 11.1 
2003 12 11 -13.3 -10.5 -6.6 130 0 6.2 
2003 12 12 -12.7 -8.8 -5.5 130 0 3.5 
2003 12 13 -11.1 -6.1 -2.2 99 0 5.3 
2003 12 14 -2.7 -2.2 -1.6 79 0 8.0 
2003 12 15 -2.7 0.0 2.2 51 0 8.0 
2003 12 16 -6.1 -2.2 0.0 79 3 12.0 
2003 12 17 -8.8 -4.4 3.3 51 0 3.1 
2003 12 18 2.2 3.8 5.0 51 0 12.5 
2003 12 19 -3.8 0.0 2.2 -1 0 6.7 
2003 12 20 -5.5 -1.1 6.6 -1 0 8.4 
2003 12 21 -5.5 3.8 9.4 -1 0 6.2 
2003 12 22 -0.5 3.3 9.4 -1 0 3.5 
2003 12 23 -4.4 -0.5 6.1 -1 0 4.9 
2003 12 24 -8.8 -3.8 2.2 -1 0 4.0 
2003 12 25 -5.0 -1.1 6.1 -1 0 5.8 
2003 12 26 2.2 4.4 7.2 -1 0 8.0 
2003 12 27 2.2 10.5 14.4 -1 0 12.5 
2003 12 28 -2.2 3.8 14.4 -1 0 6.7 
2003 12 29 -2.2 0.0 6.1 -1 0 6.7 
2003 12 30 -6.1 -0.5 8.8 -1 0 6.2 
2003 12 31 -8.3 -1.1 8.8 -1 0 6.2 
