2003 1 1 3.8 11.1 19.4 -1 0 3.1 
2003 1 2 3.8 13.8 22.7 -1 0 8.4 
2003 1 3 6.6 16.1 25.0 -1 0 5.3 
2003 1 4 10.5 17.2 26.6 -1 0 3.5 
2003 1 5 9.4 17.2 26.6 -1 0 3.5 
2003 1 6 7.7 14.4 22.7 -1 0 3.5 
2003 1 7 8.3 17.7 25.0 -1 0 7.1 
2003 1 8 11.1 17.2 25.0 -1 10 4.9 
2003 1 9 11.1 13.8 18.8 -1 5 3.1 
2003 1 10 10.0 14.4 20.5 -1 0 3.1 
2003 1 11 10.0 14.4 20.5 -1 0 3.1 
2003 1 12 7.7 13.8 20.5 -1 0 3.1 
2003 1 13 8.3 15.0 23.3 -1 0 3.5 
2003 1 14 8.8 15.5 25.0 -1 0 3.1 
2003 1 15 8.8 16.1 25.0 -1 0 3.5 
2003 1 16 8.8 16.1 26.1 -1 0 3.5 
2003 1 17 8.8 17.2 26.1 -1 0 3.5 
2003 1 18 11.1 17.7 26.1 -1 0 3.5 
2003 1 19 10.0 17.2 25.5 -1 0 3.1 
2003 1 20 10.0 16.6 25.0 -1 3 5.8 
2003 1 21 8.8 14.4 20.0 -1 3 4.9 
2003 1 22 8.8 15.0 21.6 -1 0 3.5 
2003 1 23 8.8 16.1 24.4 -1 0 3.5 
2003 1 24 10.0 18.3 26.1 -1 0 3.5 
2003 1 25 10.5 17.2 26.1 -1 0 3.5 
2003 1 26 10.0 18.3 27.2 -1 0 4.0 
2003 1 27 9.4 18.8 27.7 -1 0 3.5 
2003 1 28 10.5 18.3 27.7 -1 0 3.5 
2003 1 29 10.5 17.7 26.1 -1 0 3.1 
2003 1 30 10.0 17.7 26.1 -1 0 3.1 
2003 1 31 10.0 18.8 30.0 -1 0 3.1 
2003 2 1 10.5 21.1 30.0 -1 0 3.1 
2003 2 2 12.7 18.3 28.3 -1 0 9.3 
2003 2 3 8.8 13.8 19.4 -1 0 9.8 
2003 2 4 6.6 12.7 19.4 -1 0 3.1 
2003 2 5 6.6 13.3 19.4 -1 0 7.1 
2003 2 6 3.8 10.5 18.3 -1 0 8.0 
2003 2 7 6.1 11.6 18.3 -1 0 3.1 
2003 2 8 6.1 13.3 18.8 -1 0 3.5 
2003 2 9 5.0 11.1 18.3 -1 0 3.5 
2003 2 10 5.0 11.6 19.4 -1 0 3.1 
2003 2 11 5.5 16.1 22.2 -1 0 3.5 
2003 2 12 12.2 17.7 22.2 -1 0 5.3 
2003 2 13 13.8 16.1 20.0 -1 8 5.3 
2003 2 14 12.2 14.4 18.3 -1 38 3.5 
2003 2 15 12.2 16.1 21.1 -1 0 2.6 
2003 2 16 11.6 15.0 21.1 -1 0 3.5 
2003 2 17 12.7 16.6 22.7 -1 0 4.0 
2003 2 18 12.7 18.8 23.3 -1 0 3.5 
2003 2 19 10.5 17.2 23.8 -1 0 3.5 
2003 2 20 10.5 15.5 23.8 -1 0 7.1 
2003 2 21 8.8 15.0 22.2 -1 0 7.1 
2003 2 22 8.8 15.5 23.3 -1 0 4.9 
2003 2 23 8.8 17.2 23.3 -1 0 3.5 
2003 2 24 10.0 18.3 22.7 -1 0 5.3 
2003 2 25 12.7 16.1 21.6 -1 5 5.8 
2003 2 26 10.0 11.6 18.8 -1 20 12.0 
2003 2 27 8.8 11.6 13.8 -1 5 8.0 
2003 2 28 8.8 12.2 15.0 -1 8 6.2 
2003 3 2 7.2 12.2 17.2 -1 0 4.0 
2003 3 3 7.7 12.7 18.3 -1 0 5.3 
2003 3 4 7.7 14.4 18.8 -1 0 4.9 
2003 3 5 10.0 15.0 20.0 -1 0 3.5 
2003 3 6 8.8 14.4 21.1 -1 0 3.5 
2003 3 7 11.1 16.1 23.8 -1 0 3.5 
2003 3 8 10.0 17.7 25.5 -1 0 3.5 
2003 3 9 10.0 19.4 28.3 -1 0 3.1 
2003 3 10 12.7 20.0 28.8 -1 0 3.5 
2003 3 11 12.7 20.5 28.8 -1 0 3.5 
2003 3 12 13.3 21.1 28.8 -1 0 3.5 
2003 3 13 13.8 21.6 31.1 -1 0 3.5 
2003 3 14 13.8 22.2 30.5 -1 0 3.5 
2003 3 15 14.4 20.5 27.7 -1 0 4.9 
2003 3 16 13.3 18.3 26.1 -1 8 9.8 
2003 3 17 8.8 12.2 16.1 -1 10 6.2 
2003 3 18 7.2 11.6 19.4 -1 5 10.2 
2003 3 19 7.2 14.4 21.1 -1 0 8.0 
2003 3 20 8.8 16.6 23.8 -1 0 3.5 
2003 3 21 12.7 18.8 23.8 -1 0 3.5 
2003 3 22 12.2 19.4 26.1 -1 0 5.3 
2003 3 23 12.2 20.5 28.3 -1 0 3.5 
2003 3 24 13.3 21.6 28.3 -1 0 4.9 
2003 3 25 13.8 21.6 28.8 -1 0 4.0 
2003 3 26 11.1 22.7 30.5 -1 0 4.0 
2003 3 27 15.5 22.7 30.5 -1 0 9.8 
2003 3 28 12.7 18.8 28.3 -1 0 9.8 
2003 3 29 12.7 18.3 23.3 -1 0 8.0 
2003 3 30 10.5 18.8 27.2 -1 0 4.9 
2003 3 31 10.5 22.2 32.2 -1 0 4.9 
2003 4 1 13.8 23.8 33.8 -1 0 6.2 
2003 4 2 14.4 23.3 33.8 -1 0 6.7 
2003 4 3 12.7 18.3 26.6 -1 0 6.7 
2003 4 4 10.0 16.6 23.8 -1 0 4.9 
2003 4 5 10.0 17.7 23.8 -1 0 9.3 
2003 4 6 8.8 15.5 23.3 -1 0 6.7 
2003 4 7 8.8 17.7 26.6 -1 0 3.5 
2003 4 8 10.0 22.7 31.6 -1 0 7.1 
2003 4 9 12.2 25.0 33.3 -1 0 5.8 
2003 4 10 16.1 25.5 33.3 -1 0 4.0 
2003 4 11 16.1 24.4 31.6 -1 0 4.0 
2003 4 12 16.1 24.4 30.5 -1 0 4.9 
2003 4 13 16.1 24.4 30.5 -1 0 5.3 
2003 4 14 16.1 24.4 30.5 -1 0 6.7 
2003 4 15 12.2 18.8 28.8 -1 5 8.9 
2003 4 16 11.6 18.3 27.2 -1 0 4.9 
2003 4 17 11.6 20.5 27.2 -1 0 9.3 
2003 4 18 12.2 18.3 26.1 -1 0 7.1 
2003 4 19 12.2 18.8 24.4 -1 0 4.9 
2003 4 20 13.8 21.6 31.1 -1 0 5.3 
2003 4 21 15.0 23.3 31.1 -1 0 4.9 
2003 4 22 15.5 20.5 28.3 -1 0 6.7 
2003 4 23 11.6 16.6 23.3 -1 0 6.7 
2003 4 24 11.6 20.0 28.3 -1 0 4.9 
2003 4 25 13.8 22.7 31.1 -1 0 6.7 
2003 4 26 15.5 25.0 32.2 -1 0 5.8 
2003 4 27 17.7 26.1 33.8 -1 0 6.7 
2003 4 28 17.7 26.1 33.8 -1 0 6.2 
2003 4 29 17.2 25.5 31.1 -1 0 8.9 
2003 4 30 15.5 22.7 30.5 -1 0 8.0 
2003 5 1 15.0 23.3 30.5 -1 0 5.3 
2003 5 2 15.0 25.0 33.3 -1 0 5.8 
2003 5 3 16.6 25.5 33.3 -1 0 6.7 
2003 5 4 16.1 22.7 30.5 -1 0 8.0 
2003 5 5 16.1 23.3 28.8 -1 0 5.3 
2003 5 6 16.6 23.8 31.1 -1 0 5.8 
2003 5 7 17.2 25.0 31.1 -1 0 7.1 
2003 5 8 16.6 21.6 28.8 -1 0 8.4 
2003 5 9 16.6 21.6 28.3 -1 0 6.7 
2003 5 10 12.7 22.2 27.7 -1 0 5.8 
2003 5 11 12.7 23.8 32.2 -1 0 3.5 
2003 5 12 16.1 27.2 35.5 -1 0 3.5 
2003 5 13 17.2 29.4 37.2 -1 0 3.5 
2003 5 14 22.2 30.0 37.2 -1 0 3.5 
2003 5 15 18.3 26.6 33.8 -1 0 8.0 
2003 5 16 18.3 28.3 37.7 -1 0 5.8 
2003 5 17 20.0 31.1 40.0 -1 0 4.9 
2003 5 18 22.7 32.7 40.0 -1 0 6.7 
2003 5 19 21.6 30.5 37.7 -1 0 6.7 
2003 5 20 21.6 31.1 39.4 -1 0 4.9 
2003 5 21 22.7 33.3 41.6 -1 0 4.9 
2003 5 22 24.4 33.8 41.6 -1 0 3.5 
2003 5 23 26.1 33.8 40.5 -1 0 3.5 
2003 5 24 25.0 33.3 40.5 -1 0 4.0 
2003 5 25 22.7 31.1 39.4 -1 0 6.7 
2003 5 26 22.7 31.6 39.4 -1 0 6.2 
2003 5 27 24.4 33.3 42.7 -1 0 6.7 
2003 5 28 25.0 36.1 43.8 -1 0 6.7 
2003 5 29 28.8 37.2 43.8 -1 0 5.3 
2003 5 30 27.7 33.8 42.7 -1 0 6.7 
2003 5 31 27.7 33.3 39.4 -1 0 9.8 
2003 6 1 27.7 33.8 40.5 -1 0 5.3 
2003 6 2 27.2 36.1 43.3 -1 0 5.8 
2003 6 3 26.1 34.4 42.2 -1 0 6.7 
2003 6 4 26.1 33.8 41.1 -1 0 6.7 
2003 6 5 25.5 33.8 40.5 -1 0 6.7 
2003 6 6 25.5 33.8 40.5 -1 0 6.7 
2003 6 7 26.1 33.8 41.1 -1 0 7.1 
2003 6 8 26.6 35.0 42.2 -1 0 5.8 
2003 6 9 28.3 35.0 42.2 -1 0 7.1 
2003 6 10 23.8 32.2 38.8 -1 0 6.7 
2003 6 11 22.7 30.0 38.3 -1 0 8.9 
2003 6 12 22.7 31.6 37.7 -1 0 5.3 
2003 6 13 23.8 31.6 36.6 -1 0 6.7 
2003 6 14 23.8 32.2 40.5 -1 0 4.9 
2003 6 15 23.8 33.8 42.7 -1 0 6.2 
2003 6 16 24.4 35.5 42.7 -1 0 6.2 
2003 6 17 26.1 35.0 42.2 -1 0 5.3 
2003 6 18 26.1 36.1 42.7 -1 0 6.2 
2003 6 19 25.5 34.4 42.7 -1 0 8.0 
2003 6 20 23.8 31.6 39.4 -1 0 7.1 
2003 6 21 22.2 30.5 37.7 -1 0 6.2 
2003 6 22 22.2 31.6 37.7 -1 0 6.7 
2003 6 23 22.7 31.6 38.3 -1 0 6.2 
2003 6 24 22.7 30.5 38.3 -1 0 6.7 
2003 6 25 22.7 32.2 39.4 -1 0 8.0 
2003 6 26 24.4 33.8 42.7 -1 0 3.5 
2003 6 27 27.7 36.6 44.4 -1 0 5.3 
2003 6 28 27.7 36.6 44.4 -1 0 5.3 
2003 6 29 27.7 36.1 44.4 -1 0 5.3 
2003 6 30 27.7 36.6 42.7 -1 0 6.7 
2003 7 1 28.8 36.1 42.7 -1 0 5.8 
2003 7 2 28.8 36.6 42.7 -1 0 6.7 
2003 7 3 28.8 36.6 42.7 -1 0 6.7 
2003 7 4 27.7 36.6 45.0 -1 0 6.7 
2003 7 5 27.7 38.3 45.0 -1 0 5.8 
2003 7 6 30.0 37.2 43.8 -1 0 5.8 
2003 7 7 28.8 36.6 43.3 -1 0 4.0 
2003 7 8 28.8 36.6 43.3 -1 0 6.2 
2003 7 9 28.8 37.2 45.0 -1 0 6.7 
2003 7 10 28.3 37.2 45.0 -1 0 6.7 
2003 7 11 28.3 37.2 43.3 -1 0 6.7 
2003 7 12 32.7 38.3 43.8 -1 0 5.8 
2003 7 13 32.7 38.8 45.5 -1 0 8.0 
2003 7 14 33.8 40.0 46.6 -1 0 5.8 
2003 7 15 33.8 41.1 46.6 -1 0 6.7 
2003 7 16 32.7 40.0 47.2 -1 0 9.3 
2003 7 17 32.7 39.4 47.2 -1 0 4.9 
2003 7 18 30.5 35.0 40.0 -1 0 5.8 
2003 7 19 32.7 36.6 42.2 -1 0 6.7 
2003 7 20 32.2 37.2 44.4 -1 0 6.7 
2003 7 21 30.5 36.6 44.4 -1 0 6.7 
2003 7 22 28.8 35.5 42.7 -1 0 10.2 
2003 7 23 29.4 37.7 43.3 -1 0 5.3 
2003 7 24 31.6 37.2 43.3 -1 0 7.1 
2003 7 25 31.6 37.2 42.2 -1 0 7.1 
2003 7 26 30.5 36.1 42.2 -1 0 8.9 
2003 7 27 30.5 36.1 42.2 -1 0 6.7 
2003 7 28 28.8 34.4 42.2 -1 0 6.2 
2003 7 29 26.6 31.6 38.3 -1 0 5.8 
2003 7 30 22.7 30.0 38.3 -1 15 9.3 
2003 7 31 27.7 32.7 38.8 -1 0 4.9 
2003 8 1 25.5 31.1 38.8 -1 0 6.2 
2003 8 2 25.5 32.2 38.8 -1 0 5.8 
2003 8 3 30.0 35.0 41.1 -1 0 4.9 
2003 8 4 28.8 35.5 41.6 -1 0 6.2 
2003 8 5 28.3 36.6 43.3 -1 0 5.3 
2003 8 6 30.0 37.2 43.3 -1 0 5.8 
2003 8 7 31.1 37.2 42.7 -1 0 5.3 
2003 8 8 31.6 38.3 42.7 -1 0 6.7 
2003 8 9 32.7 37.7 44.4 -1 0 6.7 
2003 8 10 32.7 39.4 46.6 -1 0 5.8 
2003 8 11 32.7 40.0 46.6 -1 0 6.7 
2003 8 12 34.4 39.4 43.8 -1 0 5.8 
2003 8 13 32.2 38.8 44.4 -1 0 5.8 
2003 8 14 28.3 34.4 45.0 -1 0 9.8 
2003 8 15 23.8 30.0 40.5 -1 5 8.4 
2003 8 16 23.8 31.1 37.7 -1 0 3.5 
2003 8 17 27.2 34.4 41.1 -1 0 4.0 
2003 8 18 31.1 37.2 43.3 -1 0 5.8 
2003 8 19 23.8 31.6 42.7 -1 3 9.8 
2003 8 20 23.8 31.1 37.7 -1 0 3.1 
2003 8 21 27.2 34.4 40.0 -1 0 5.8 
2003 8 22 30.0 35.5 40.5 -1 0 6.2 
2003 8 23 30.0 36.1 42.7 -1 0 5.8 
2003 8 24 30.0 33.8 42.7 -1 0 9.3 
2003 8 25 28.8 34.4 40.0 -1 0 5.3 
2003 8 26 27.7 33.3 40.0 -1 0 6.2 
2003 8 27 23.8 28.8 36.6 -1 5 9.8 
2003 8 28 23.8 31.1 37.2 -1 0 4.0 
2003 8 29 27.2 33.3 39.4 -1 0 3.5 
2003 8 30 28.3 35.5 40.5 -1 0 4.0 
2003 8 31 30.5 36.1 42.2 -1 0 4.0 
2003 9 1 31.1 36.6 42.2 -1 0 4.0 
2003 9 2 31.1 36.1 42.2 -1 0 8.9 
2003 9 3 31.1 37.7 43.3 -1 0 4.9 
2003 9 4 31.1 36.6 43.3 -1 0 6.7 
2003 9 5 26.6 32.2 40.5 -1 3 8.9 
2003 9 6 30.0 33.3 37.7 -1 0 6.7 
2003 9 7 27.7 32.2 38.8 -1 0 4.0 
2003 9 8 28.8 34.4 38.8 -1 0 4.9 
2003 9 9 28.3 33.3 38.8 -1 0 7.1 
2003 9 10 27.2 31.6 36.1 -1 0 6.2 
2003 9 11 25.5 31.1 37.2 -1 0 6.7 
2003 9 12 25.5 31.6 38.8 -1 0 4.0 
2003 9 13 24.4 32.2 40.5 -1 0 4.0 
2003 9 14 24.4 33.3 40.5 -1 0 4.0 
2003 9 15 25.5 33.3 41.1 -1 0 5.8 
2003 9 16 26.1 33.3 41.1 -1 0 4.9 
2003 9 17 26.1 33.3 39.4 -1 0 6.7 
2003 9 18 23.8 31.6 39.4 -1 0 6.7 
2003 9 19 23.8 32.2 39.4 -1 0 4.0 
2003 9 20 23.3 31.6 39.4 -1 0 4.0 
2003 9 21 22.7 32.2 40.5 -1 0 3.5 
2003 9 22 25.0 34.4 42.2 -1 0 3.5 
2003 9 23 24.4 34.4 41.6 -1 0 5.8 
2003 9 24 23.8 25.0 36.1 -1 0 5.3 
2003 9 25 22.7 25.5 35.0 -1 3 3.1 
2003 9 26 22.7 30.0 37.2 -1 0 6.2 
2003 9 27 24.4 31.6 38.8 -1 0 3.5 
2003 9 28 25.0 32.2 40.0 -1 0 4.0 
2003 9 29 26.1 33.3 41.6 -1 0 3.5 
2003 9 30 26.1 33.8 41.1 -1 0 4.9 
2003 10 3 25.5 31.6 37.7 -1 0 7.1 
2003 10 4 21.1 28.3 34.4 -1 0 4.9 
2003 10 5 21.1 28.8 36.1 -1 0 3.5 
2003 10 6 21.6 28.8 36.1 -1 0 3.5 
2003 10 7 22.2 28.8 35.5 -1 0 3.5 
2003 10 8 22.2 27.2 35.0 -1 0 3.5 
2003 10 9 22.2 30.0 36.1 -1 0 3.5 
2003 10 10 21.6 26.6 36.1 -1 5 5.8 
2003 10 11 21.6 26.6 33.3 -1 0 3.1 
2003 10 12 22.2 29.4 36.6 -1 0 3.1 
2003 10 13 23.8 30.0 36.6 -1 0 4.0 
2003 10 14 23.8 29.4 36.6 -1 0 3.5 
2003 10 15 21.6 28.3 36.6 -1 0 4.0 
2003 10 16 21.6 29.4 36.1 -1 0 5.8 
2003 10 17 22.2 29.4 37.2 -1 0 3.5 
2003 10 18 22.2 30.5 39.4 -1 0 3.5 
2003 10 19 22.2 30.5 38.8 -1 0 3.1 
2003 10 20 21.1 30.0 39.4 -1 0 4.0 
2003 10 21 21.1 30.5 39.4 -1 0 3.5 
2003 10 22 22.2 30.5 38.3 -1 0 3.1 
2003 10 23 21.1 29.4 38.8 -1 0 3.1 
2003 10 24 19.4 27.2 37.7 -1 0 4.0 
2003 10 25 18.3 26.1 35.0 -1 0 5.3 
2003 10 26 18.3 24.4 33.8 -1 0 8.4 
2003 10 27 14.4 21.6 28.8 -1 0 3.1 
2003 10 28 14.4 22.2 30.0 -1 0 3.1 
2003 10 29 15.5 22.2 31.1 -1 0 4.0 
2003 10 30 15.5 23.8 31.1 -1 0 7.1 
2003 10 31 17.7 23.3 30.5 -1 0 6.2 
2003 11 1 17.7 21.1 26.6 -1 0 5.3 
2003 11 2 15.0 18.8 26.1 -1 0 6.7 
2003 11 3 15.0 18.3 26.1 -1 0 7.1 
2003 11 4 10.0 15.0 21.1 -1 0 3.5 
2003 11 5 10.0 15.5 22.2 -1 0 2.6 
2003 11 6 10.0 16.1 24.4 -1 0 3.5 
2003 11 7 10.0 17.2 24.4 -1 0 3.5 
2003 11 8 11.1 17.7 25.5 -1 0 3.5 
2003 11 9 11.1 18.8 27.2 -1 0 3.5 
2003 11 10 12.2 19.4 27.2 -1 0 3.5 
2003 11 11 13.3 20.0 26.6 -1 0 3.5 
2003 11 12 17.2 19.4 24.4 -1 3 6.7 
2003 11 13 15.0 17.7 21.6 -1 15 4.9 
2003 11 14 11.6 16.6 22.2 -1 0 3.5 
2003 11 15 10.5 16.1 22.2 -1 0 3.5 
2003 11 16 10.5 15.5 22.2 -1 0 3.5 
2003 11 17 9.4 13.8 18.8 -1 0 3.1 
2003 11 18 8.8 15.0 21.6 -1 0 3.1 
2003 11 19 9.4 18.3 28.3 -1 0 6.2 
2003 11 20 10.5 19.4 28.3 -1 0 3.5 
2003 11 21 11.1 17.7 26.6 -1 0 3.5 
2003 11 22 11.1 16.6 25.5 -1 0 11.1 
2003 11 23 4.4 10.5 17.7 -1 0 7.1 
2003 11 24 4.4 11.6 20.5 -1 0 3.5 
2003 11 25 5.5 14.4 20.5 -1 0 3.1 
2003 11 26 6.6 12.7 20.0 -1 0 3.5 
2003 11 27 6.1 12.7 20.0 -1 0 4.9 
2003 11 28 6.1 15.5 21.1 -1 0 8.9 
2003 11 29 8.8 16.1 23.3 -1 0 4.0 
2003 11 30 7.7 15.5 25.0 -1 0 3.1 
2003 12 1 7.7 16.1 25.5 -1 0 3.5 
2003 12 2 8.8 17.2 25.5 -1 0 3.5 
2003 12 3 7.7 15.5 24.4 -1 0 3.1 
2003 12 4 6.6 15.5 24.4 -1 0 3.5 
2003 12 5 10.0 16.6 27.2 -1 0 2.6 
2003 12 6 9.4 20.0 26.6 -1 0 3.5 
2003 12 7 10.0 17.2 26.6 -1 0 3.5 
2003 12 8 10.0 18.3 22.2 -1 0 9.3 
2003 12 9 6.6 13.3 20.5 -1 0 6.7 
2003 12 10 7.2 12.2 18.3 -1 0 3.1 
2003 12 11 5.5 10.5 17.7 -1 0 3.1 
2003 12 12 5.0 10.0 15.5 -1 3 4.9 
2003 12 13 5.0 9.4 15.5 -1 0 3.1 
2003 12 14 6.1 11.1 18.8 -1 0 2.6 
2003 12 15 5.0 12.2 18.8 -1 0 8.0 
2003 12 16 3.3 11.1 17.2 -1 0 6.7 
2003 12 17 8.8 13.8 21.6 -1 0 5.8 
2003 12 18 7.2 12.7 23.3 -1 0 3.1 
2003 12 19 5.0 16.1 25.5 -1 0 5.3 
2003 12 20 8.3 17.7 25.5 -1 0 3.1 
2003 12 21 10.5 16.1 25.0 -1 0 6.7 
2003 12 22 7.7 14.4 22.2 -1 0 4.9 
2003 12 23 12.7 16.6 21.6 -1 0 6.2 
2003 12 24 11.1 16.1 21.1 -1 3 3.5 
2003 12 25 10.0 13.3 20.0 -1 0 3.5 
2003 12 26 10.0 13.8 19.4 -1 0 9.3 
2003 12 27 5.0 9.4 17.2 -1 0 7.1 
2003 12 28 0.0 6.6 13.3 -1 0 6.7 
2003 12 29 0.0 6.6 15.0 -1 0 3.5 
2003 12 30 0.0 11.6 18.3 -1 0 3.1 
2003 12 31 6.6 12.2 18.3 -1 0 3.5 
