2003 1 1 -5.5 0.5 3.8 -1 3 4.0 
2003 1 2 -8.3 -3.8 3.8 -1 5 8.9 
2003 1 3 -8.3 -5.5 -2.2 -1 0 6.2 
2003 1 4 -3.8 -2.7 -1.6 -1 0 9.8 
2003 1 5 -5.5 -2.2 -0.5 -1 3 6.2 
2003 1 6 -6.6 -2.7 -0.5 -1 3 2.6 
2003 1 7 -6.6 -3.8 -1.1 -1 0 5.8 
2003 1 8 -12.7 -6.6 0.0 -1 0 2.6 
2003 1 9 -12.2 -3.8 1.1 -1 3 3.5 
2003 1 10 -8.8 -6.1 -3.8 -1 3 3.5 
2003 1 11 -11.1 -7.7 -3.8 -1 0 6.7 
2003 1 12 -8.8 -5.5 -1.1 -1 0 7.1 
2003 1 14 -18.8 -7.2 -1.1 -1 0 5.8 
2003 1 15 -21.1 -13.3 -4.4 -1 0 4.0 
2003 1 16 -21.1 -11.1 -6.1 -1 0 4.9 
2003 1 17 -12.2 -8.8 -2.2 -1 0 6.7 
2003 1 18 -22.7 -14.4 -1.6 -1 0 6.7 
2003 1 19 -18.8 -12.7 -6.6 -1 0 3.5 
2003 1 20 -19.4 -9.4 -3.3 -1 0 9.3 
2003 1 21 -17.2 -12.2 -3.8 -1 0 9.3 
2003 1 22 -18.8 -15.0 -10.0 -1 0 11.1 
2003 1 23 -19.4 -14.4 -8.3 -1 0 4.0 
2003 1 24 -20.0 -10.5 -5.0 -1 0 6.2 
2003 1 25 -17.7 -11.1 -3.3 -1 0 4.9 
2003 1 26 -7.2 -4.4 -1.6 -1 0 4.0 
2003 1 27 -15.0 -7.2 -1.6 -1 0 8.0 
2003 1 28 -23.8 -15.5 -3.8 -1 0 6.7 
2003 1 29 -13.8 -8.8 -2.7 -1 0 3.1 
2003 1 30 -17.7 -8.8 -1.6 -1 0 2.6 
2003 1 31 -7.2 -2.7 0.5 -1 0 3.5 
2003 2 1 -1.1 0.0 1.6 -1 0 4.9 
2003 2 2 0.5 1.1 2.2 -1 10 8.4 
2003 2 3 0.5 2.7 5.5 -1 8 9.8 
2003 2 4 -1.1 1.6 3.8 -1 8 6.7 
2003 2 5 -5.0 -0.5 3.8 -1 8 10.2 
2003 2 6 -13.3 -7.2 2.2 -1 0 8.0 
2003 2 7 -13.3 -4.4 -2.7 -1 5 3.5 
2003 2 8 -17.2 -8.3 -2.2 -1 3 3.5 
2003 2 9 -7.7 -3.8 1.1 -1 0 6.7 
2003 2 10 -11.1 -3.8 1.1 -1 0 5.3 
2003 2 11 -11.1 -5.5 1.1 -1 0 8.9 
2003 2 12 -17.7 -11.6 -2.2 -1 3 6.7 
2003 2 13 -19.4 -13.8 -3.8 -1 0 6.7 
2003 2 14 -26.6 -17.2 -10.5 -1 0 6.7 
2003 2 15 -26.6 -16.1 -10.5 -1 0 5.8 
2003 2 16 -19.4 -16.1 -9.4 -1 0 5.8 
2003 2 17 -20.5 -11.6 -8.3 -1 0 5.3 
2003 2 18 -12.2 -8.3 -4.4 -1 0 6.7 
2003 2 19 -6.1 -3.3 1.6 -1 3 3.5 
2003 2 20 -7.2 2.7 7.2 -1 0 5.3 
2003 2 21 0.0 4.4 11.1 -1 0 6.2 
2003 2 22 -3.3 1.1 10.5 -1 0 5.8 
2003 2 23 -3.3 0.5 2.2 -1 25 6.7 
2003 2 24 -8.8 -3.3 1.1 -1 10 9.3 
2003 2 25 -12.2 -6.6 -2.7 -1 0 8.4 
2003 2 26 -20.0 -13.8 -3.3 -1 0 4.9 
2003 2 27 -20.0 -10.5 -2.2 -1 0 2.6 
2003 2 28 -1.0 -6.6 0.0 -1 0 3.5 
2003 3 2 1.1 1.6 2.2 -1 25 5.3 
2003 3 3 -16.1 -8.3 1.1 -1 20 9.8 
2003 3 4 -1.0 -10.5 1.1 -1 0 4.9 
2003 3 5 -2.2 -0.5 1.6 -1 8 4.0 
2003 3 6 -7.2 -2.7 1.1 -1 8 7.1 
2003 3 7 -16.1 -9.4 -3.3 -1 0 6.2 
2003 3 8 -5.0 -1.1 3.3 -1 0 6.7 
2003 3 9 -5.0 2.7 7.2 -1 0 8.4 
2003 3 10 -12.7 -8.3 -5.0 -1 0 9.3 
2003 3 11 -12.2 -7.7 -1.1 -1 0 6.2 
2003 3 12 -2.2 1.6 7.7 -1 0 6.7 
2003 3 13 -5.0 -1.1 5.5 -1 0 6.2 
2003 3 14 -12.7 -7.7 -2.7 -1 0 7.1 
2003 3 15 -7.2 -5.0 -1.1 -1 0 3.5 
2003 3 16 -8.8 -2.7 2.7 -1 0 4.0 
2003 3 17 -8.8 1.6 3.8 -1 0 4.0 
2003 3 18 0.0 4.4 8.8 -1 0 7.1 
2003 3 19 -5.0 -1.6 9.4 -1 0 6.7 
2003 3 20 -5.0 -1.1 2.2 -1 0 4.9 
2003 3 21 -4.4 5.5 12.7 -1 28 4.9 
2003 3 22 0.5 5.0 12.7 -1 0 2.6 
2003 3 23 0.5 6.6 11.1 -1 0 6.2 
2003 3 24 -1.1 3.8 11.1 -1 0 4.0 
2003 3 25 -1.1 2.7 8.3 -1 0 6.7 
2003 3 26 2.7 5.5 10.5 -1 0 6.2 
2003 3 27 2.7 7.2 12.7 -1 5 5.8 
2003 3 28 -2.2 4.4 12.7 -1 0 5.3 
2003 3 29 -2.2 7.7 14.4 -1 3 7.1 
2003 3 30 1.6 7.7 14.4 -1 10 6.7 
2003 3 31 -2.2 0.5 2.2 -1 13 8.0 
2003 4 1 -6.1 -1.6 4.4 -1 0 6.7 
2003 4 2 -2.2 2.2 6.6 -1 0 4.0 
2003 4 3 -2.2 2.2 6.6 -1 3 3.5 
2003 4 4 -3.3 -1.1 4.4 -1 0 4.9 
2003 4 5 -4.4 -3.3 1.1 -1 3 6.7 
2003 4 6 -4.4 -0.5 3.8 -1 5 8.0 
2003 4 7 -7.2 -1.6 3.8 -1 0 4.9 
2003 4 8 -7.2 0.0 2.7 -1 0 4.9 
2003 4 9 -1.6 1.6 3.3 -1 0 3.1 
2003 4 10 -5.0 1.6 12.2 -1 0 5.3 
2003 4 11 -5.5 2.2 11.6 -1 0 4.9 
2003 4 12 -3.3 7.7 16.1 -1 0 8.0 
2003 4 13 3.8 9.4 16.1 -1 0 5.8 
2003 4 14 -3.3 4.4 12.2 -1 0 6.7 
2003 4 15 5.0 13.3 27.7 -1 0 8.4 
2003 4 16 5.0 14.4 28.3 -1 0 9.3 
2003 4 17 -2.7 0.5 6.1 -1 0 6.7 
2003 4 18 -6.1 -0.5 5.0 -1 0 4.0 
2003 4 19 0.0 3.8 8.8 -1 0 3.5 
2003 4 20 -1.1 6.1 13.8 -1 0 4.0 
2003 4 21 -1.6 6.6 13.8 -1 0 5.3 
2003 4 22 0.5 5.0 13.3 -1 0 6.7 
2003 4 23 3.8 6.1 11.1 -1 8 3.5 
2003 4 24 3.8 5.5 7.7 -1 8 6.7 
2003 4 25 -0.5 5.5 11.1 -1 3 5.3 
2003 4 26 -0.5 5.5 11.1 -1 3 6.7 
2003 4 27 3.8 8.8 17.7 -1 33 8.9 
2003 4 28 2.7 12.2 21.1 -1 0 6.2 
2003 4 29 12.7 17.7 25.0 -1 0 7.1 
2003 4 30 6.1 11.6 25.5 -1 0 6.2 
2003 5 1 4.4 7.7 15.0 -1 0 5.8 
2003 5 2 7.7 9.4 10.5 -1 0 8.0 
2003 5 3 5.5 11.1 17.2 -1 0 8.0 
2003 5 4 0.0 10.0 17.2 -1 0 6.7 
2003 5 5 2.2 10.0 18.3 -1 0 6.2 
2003 5 6 0.5 8.8 17.7 -1 3 3.5 
2003 5 7 7.2 11.6 19.4 -1 0 5.8 
2003 5 8 7.2 11.1 20.5 -1 3 3.5 
2003 5 9 7.7 8.8 12.2 -1 3 4.0 
2003 5 10 5.0 12.7 20.0 -1 0 6.7 
2003 5 11 3.8 10.5 20.0 -1 0 5.8 
2003 5 12 3.8 7.2 16.1 -1 15 5.8 
2003 5 13 6.1 7.7 8.8 -1 3 2.6 
2003 5 14 6.1 9.4 13.3 -1 0 4.9 
2003 5 15 7.2 10.0 13.3 -1 0 6.2 
2003 5 16 5.0 7.2 13.8 -1 0 4.9 
2003 5 17 2.7 7.7 15.5 -1 0 4.9 
2003 5 18 1.6 11.1 22.7 -1 0 3.5 
2003 5 19 1.6 15.0 23.3 -1 0 3.5 
2003 5 20 6.1 15.5 27.2 -1 0 5.3 
2003 5 21 5.5 16.1 26.6 -1 8 5.3 
2003 5 22 10.5 12.7 18.8 -1 5 5.8 
2003 5 23 8.8 10.0 16.6 -1 0 4.9 
2003 5 24 6.6 7.7 10.5 -1 3 5.8 
2003 5 25 6.6 11.1 16.6 -1 8 4.9 
2003 5 26 7.7 11.1 16.6 -1 0 3.5 
2003 5 27 7.7 11.6 16.6 -1 23 3.5 
2003 5 28 10.0 13.8 18.3 -1 0 3.5 
2003 5 29 8.8 14.4 17.7 -1 0 3.5 
2003 5 30 9.4 15.5 21.1 -1 5 3.5 
2003 5 31 9.4 16.1 21.1 -1 3 4.0 
2003 6 1 11.1 13.8 20.0 -1 8 8.4 
2003 6 2 10.5 16.1 21.1 -1 5 8.9 
2003 6 3 6.1 15.5 23.3 -1 0 6.7 
2003 6 4 5.0 14.4 22.7 -1 0 3.5 
2003 6 5 6.6 11.6 18.8 -1 5 4.9 
2003 6 6 10.0 18.3 26.1 -1 5 7.1 
2003 6 7 10.0 16.6 26.1 -1 3 2.6 
2003 6 8 11.6 14.4 21.6 -1 3 3.1 
2003 6 9 11.6 13.3 18.3 -1 0 4.9 
2003 6 10 10.5 17.2 24.4 -1 0 5.8 
2003 6 11 10.5 16.1 24.4 -1 0 6.7 
2003 6 12 10.5 18.8 22.7 -1 0 4.9 
2003 6 13 11.6 14.4 22.7 -1 0 4.0 
2003 6 14 11.6 13.8 18.3 -1 15 4.9 
2003 6 15 11.1 13.3 18.3 -1 0 4.9 
2003 6 16 7.7 12.2 15.0 -1 0 4.0 
2003 6 17 7.7 12.7 18.8 -1 0 7.1 
2003 6 18 7.7 15.0 20.5 -1 3 4.0 
2003 6 19 11.1 17.7 23.3 -1 3 3.5 
2003 6 20 13.3 19.4 24.4 -1 0 4.0 
2003 6 21 11.6 17.7 24.4 -1 0 3.5 
2003 6 22 11.6 16.6 23.8 -1 3 3.1 
2003 6 23 13.8 16.6 23.3 -1 13 3.5 
2003 6 24 12.7 18.8 25.5 -1 0 3.5 
2003 6 25 12.7 22.7 31.1 -1 0 4.9 
2003 6 26 14.4 25.5 31.6 -1 0 5.3 
2003 6 27 17.7 23.3 27.7 -1 0 5.3 
2003 6 28 17.7 22.7 27.2 -1 0 4.9 
2003 6 29 15.5 21.1 27.7 -1 0 5.8 
2003 6 30 15.5 22.2 28.3 -1 0 6.7 
2003 7 1 13.3 21.1 28.3 -1 0 6.7 
2003 7 2 13.3 19.4 27.2 -1 0 4.9 
2003 7 3 13.8 20.5 28.3 -1 0 6.2 
2003 7 4 15.0 20.5 28.3 -1 0 6.2 
2003 7 5 16.6 22.7 33.3 -1 0 5.3 
2003 7 6 16.6 26.6 33.3 -1 0 3.5 
2003 7 7 16.6 22.2 31.6 -1 0 3.5 
2003 7 8 16.6 21.1 26.6 -1 0 3.5 
2003 7 9 17.2 22.2 26.6 -1 0 3.5 
2003 7 10 10.0 17.7 23.8 -1 0 3.5 
2003 7 11 10.0 15.5 23.3 -1 10 6.7 
2003 7 12 13.8 16.6 22.2 -1 0 3.5 
2003 7 13 13.8 21.1 27.2 -1 3 6.7 
2003 7 14 14.4 20.5 27.2 -1 0 5.3 
2003 7 15 14.4 18.8 25.0 -1 0 4.0 
2003 7 16 14.4 17.2 23.3 -1 15 3.5 
2003 7 17 16.1 21.1 26.6 -1 5 4.0 
2003 7 18 15.5 20.5 26.6 -1 0 5.3 
2003 7 19 15.5 20.5 25.0 -1 0 3.5 
2003 7 20 15.5 20.0 25.0 -1 0 4.9 
2003 7 21 15.5 20.5 24.4 -1 0 6.7 
2003 7 22 17.7 21.6 27.2 -1 3 11.1 
2003 7 23 18.8 22.2 27.2 -1 8 3.5 
2003 7 24 18.8 21.1 26.1 -1 0 6.7 
2003 7 25 18.8 22.7 27.7 -1 3 5.3 
2003 7 26 15.5 22.7 30.0 -1 3 6.7 
2003 7 27 15.5 23.8 30.0 -1 0 6.7 
2003 7 28 15.5 21.6 28.8 -1 0 6.7 
2003 7 29 12.7 20.0 26.1 -1 0 4.9 
2003 7 30 12.7 19.4 25.5 -1 0 6.7 
2003 7 31 12.7 19.4 25.5 -1 0 4.9 
2003 8 1 13.8 16.6 25.0 -1 18 4.9 
2003 8 2 15.0 17.7 22.2 -1 15 4.0 
2003 8 3 15.5 18.3 22.2 -1 0 3.1 
2003 8 4 17.2 20.5 22.7 -1 8 3.5 
2003 8 5 18.8 21.6 26.6 -1 5 5.3 
2003 8 6 18.8 21.6 26.6 -1 0 5.8 
2003 8 7 16.6 20.5 26.6 -1 0 3.5 
2003 8 8 16.6 20.0 24.4 -1 5 3.5 
2003 8 9 18.3 20.5 22.7 -1 5 2.2 
2003 8 10 18.8 22.7 27.2 -1 3 5.8 
2003 8 11 18.8 23.8 28.3 -1 0 4.0 
2003 8 12 17.7 21.1 22.7 -1 3 3.5 
2003 8 13 17.7 22.7 27.2 -1 0 3.5 
2003 8 14 17.7 23.8 30.5 -1 0 5.8 
2003 8 15 13.8 21.6 30.5 -1 0 4.0 
2003 8 16 13.8 22.7 31.1 -1 3 12.5 
2003 8 17 15.0 21.1 31.1 -1 3 3.5 
2003 8 18 15.0 20.0 25.5 -1 0 4.0 
2003 8 19 13.8 21.6 28.8 -1 0 3.5 
2003 8 20 14.4 24.4 31.6 -1 0 3.5 
2003 8 21 16.6 24.4 31.6 -1 0 3.5 
2003 8 22 18.8 25.0 32.7 -1 0 6.7 
2003 8 23 15.5 22.2 32.7 -1 0 7.1 
2003 8 24 7.7 16.1 26.6 -1 0 6.2 
2003 8 25 7.7 17.2 22.7 -1 0 3.1 
2003 8 26 12.7 18.3 23.8 -1 0 5.3 
2003 8 27 12.7 22.7 30.0 -1 0 6.7 
2003 8 28 11.1 18.3 30.0 -1 0 5.8 
2003 8 29 7.7 16.6 23.3 -1 0 7.1 
2003 8 30 17.7 22.2 26.6 -1 0 6.7 
2003 8 31 7.7 15.0 27.7 -1 0 5.3 
2003 9 1 12.2 16.6 23.3 -1 0 4.0 
2003 9 2 11.1 16.6 22.7 -1 0 5.8 
2003 9 3 7.7 13.8 20.0 -1 0 4.0 
2003 9 4 7.7 16.1 20.0 -1 36 5.8 
2003 9 5 16.1 20.0 26.1 -1 5 4.0 
2003 9 6 11.1 17.7 25.5 -1 0 4.0 
2003 9 7 10.0 17.2 25.0 -1 0 4.9 
2003 9 8 10.0 17.2 25.0 -1 0 3.5 
2003 9 9 8.3 13.8 21.6 -1 0 3.5 
2003 9 10 5.0 11.6 22.7 -1 0 3.5 
2003 9 11 5.0 16.6 22.7 -1 0 3.5 
2003 9 12 11.1 15.5 20.5 -1 0 2.2 
2003 9 13 6.6 14.4 22.2 -1 0 3.5 
2003 9 14 6.6 17.7 23.8 -1 0 12.5 
2003 9 15 13.8 18.8 23.8 -1 0 2.6 
2003 9 16 15.0 18.8 22.7 -1 13 3.5 
2003 9 17 10.0 17.2 24.4 -1 15 3.5 
2003 9 18 10.0 15.5 24.4 -1 0 5.3 
2003 9 19 10.5 15.0 21.6 -1 15 6.2 
2003 9 20 11.6 20.0 24.4 -1 18 5.3 
2003 9 21 13.8 18.8 24.4 -1 0 5.8 
2003 9 22 13.8 17.2 23.3 -1 0 3.5 
2003 9 23 13.3 16.6 21.6 -1 15 8.9 
2003 9 24 10.5 16.6 22.2 -1 15 4.9 
2003 9 25 10.5 16.1 22.2 -1 0 8.0 
2003 9 26 11.1 15.0 20.0 -1 3 3.5 
2003 9 27 13.8 15.5 20.0 -1 13 3.1 
2003 9 28 13.8 17.2 20.0 -1 3 3.5 
2003 9 29 13.8 17.2 21.6 -1 3 3.5 
2003 9 30 6.6 12.2 21.6 -1 0 4.9 
2003 10 1 3.8 9.4 17.7 -1 0 3.1 
2003 10 2 3.8 10.5 15.0 -1 0 5.8 
2003 10 3 2.7 7.2 15.0 -1 0 5.3 
2003 10 4 5.0 10.5 13.8 -1 13 6.7 
2003 10 5 3.3 9.4 13.8 -1 15 5.3 
2003 10 6 1.1 7.2 13.8 -1 0 3.1 
2003 10 7 -1.1 6.6 13.8 -1 0 5.3 
2003 10 8 -1.1 10.5 20.5 -1 0 3.5 
2003 10 9 7.7 13.8 21.6 -1 0 4.9 
2003 10 10 6.6 11.6 21.6 -1 0 3.1 
2003 10 11 6.1 13.3 21.1 -1 0 2.6 
2003 10 12 5.0 10.5 20.5 -1 15 4.0 
2003 10 13 11.1 15.5 21.1 -1 20 5.8 
2003 10 14 2.7 10.0 20.5 -1 0 3.5 
2003 10 15 11.6 13.3 17.2 -1 30 11.1 
2003 10 16 5.5 10.5 17.7 -1 13 8.9 
2003 10 17 1.1 7.7 13.8 -1 0 4.9 
2003 10 18 1.1 7.7 13.3 -1 0 3.1 
2003 10 19 1.1 6.1 8.3 -1 0 4.9 
2003 10 20 -2.7 3.8 11.1 -1 0 6.2 
2003 10 21 6.1 9.4 13.8 -1 3 6.7 
2003 10 22 2.7 4.4 7.7 -1 0 5.8 
2003 10 23 0.5 2.2 5.5 -1 0 6.7 
2003 10 24 -1.1 2.7 7.2 -1 3 3.5 
2003 10 25 -3.3 2.7 10.0 -1 0 5.3 
2003 10 26 8.8 11.1 13.8 -1 0 7.1 
2003 10 27 9.4 13.3 14.4 -1 10 6.7 
2003 10 28 7.2 11.6 15.0 -1 13 6.7 
2003 10 29 7.2 10.5 16.1 -1 15 8.0 
2003 10 30 6.6 10.5 16.1 -1 23 8.4 
2003 10 31 0.5 7.7 13.8 -1 0 4.9 
2003 11 1 11.1 15.5 23.3 -1 0 5.3 
2003 11 2 7.2 10.5 23.3 -1 0 3.5 
2003 11 3 7.2 8.3 12.7 -1 8 3.5 
2003 11 4 2.2 6.1 9.4 -1 5 6.2 
2003 11 5 0.0 1.6 8.8 -1 8 4.0 
2003 11 6 0.0 8.8 12.2 -1 8 2.2 
2003 11 7 5.5 7.2 12.2 -1 0 3.5 
2003 11 8 -3.8 2.7 10.5 -1 0 8.9 
2003 11 9 -7.2 -2.7 7.2 -1 0 4.9 
2003 11 10 -7.2 -0.5 8.8 -1 0 3.1 
2003 11 11 -7.7 1.1 8.8 -1 0 2.6 
2003 11 12 -4.4 5.5 13.3 -1 3 4.0 
2003 11 13 2.2 8.3 13.3 -1 5 10.2 
2003 11 14 -1.1 1.1 12.2 -1 0 10.2 
2003 11 15 -3.8 -1.1 3.3 -1 0 9.3 
2003 11 16 -7.2 -0.5 8.3 -1 0 4.0 
2003 11 17 -7.2 1.6 8.3 -1 0 2.6 
2003 11 18 -3.8 1.1 8.8 -1 0 4.9 
2003 11 19 2.2 7.7 12.2 -1 0 5.8 
2003 11 20 2.7 11.1 13.8 -1 3 8.4 
2003 11 21 6.6 7.7 13.8 -1 20 6.7 
2003 11 22 1.1 5.5 11.1 -1 3 5.8 
2003 11 23 -0.5 3.8 11.1 -1 0 4.0 
2003 11 24 -2.7 2.7 9.4 -1 0 3.5 
2003 11 25 -2.7 6.6 8.8 -1 0 6.2 
2003 11 26 -3.8 0.5 5.0 -1 0 5.8 
2003 11 27 -3.8 3.3 8.3 -1 0 3.5 
2003 11 28 3.8 6.1 11.1 -1 8 4.0 
2003 11 29 1.1 9.4 13.3 -1 25 12.0 
2003 11 30 0.5 3.3 13.8 -1 0 9.8 
2003 12 1 -0.5 4.4 9.4 -1 0 10.2 
2003 12 2 -7.7 -2.7 0.0 -1 0 8.0 
2003 12 3 -10.0 -7.2 -1.6 -1 0 9.3 
2003 12 4 -11.1 -6.1 -0.5 -1 0 4.9 
2003 12 5 -13.3 -8.3 -0.5 -1 0 4.9 
2003 12 6 -8.8 -6.6 -3.8 -1 5 9.8 
2003 12 7 -4.4 -3.3 -2.2 -1 5 11.1 
2003 12 8 -4.4 -1.1 1.6 -1 0 7.1 
2003 12 9 -11.1 -4.4 1.6 -1 0 2.6 
2003 12 10 -13.3 -6.6 2.7 -1 0 2.2 
2003 12 11 -1.1 4.4 11.1 -1 25 11.1 
2003 12 12 -1.1 4.4 10.5 -1 23 8.9 
2003 12 13 -8.8 -4.4 -0.5 -1 0 8.0 
2003 12 14 -13.8 -10.0 -2.7 -1 0 3.5 
2003 12 15 -13.8 -3.3 -0.5 -1 30 11.6 
2003 12 16 -6.1 -1.6 3.8 -1 3 10.2 
2003 12 17 -8.8 0.0 9.4 -1 5 8.4 
2003 12 18 1.1 5.0 10.0 -1 18 12.5 
2003 12 19 -3.8 -1.1 2.2 -1 0 6.7 
2003 12 20 -6.1 -2.2 2.2 -1 0 2.2 
2003 12 21 -12.2 -6.1 1.1 -1 0 3.5 
2003 12 22 -2.2 0.5 5.0 -1 0 4.0 
2003 12 23 -2.7 1.1 5.5 -1 0 2.6 
2003 12 24 -3.3 3.3 11.1 -1 0 8.9 
2003 12 25 6.6 8.3 11.1 -1 8 8.4 
2003 12 26 0.0 2.2 8.3 -1 5 7.1 
2003 12 27 -2.7 1.6 7.2 -1 0 6.2 
2003 12 28 -6.1 0.5 8.3 -1 0 3.1 
2003 12 29 -6.1 0.5 11.1 -1 0 2.6 
2003 12 30 -6.1 5.5 11.1 -1 0 7.1 
2003 12 31 -0.5 3.8 10.0 -1 0 6.2 
