2003 1 1 -0.5 6.1 11.6 -1 0 5.3 
2003 1 2 -3.3 -0.5 11.1 -1 20 11.6 
2003 1 3 -3.3 -1.1 3.8 30 3 6.2 
2003 1 4 -1.1 1.1 2.7 30 25 9.8 
2003 1 5 -3.8 -1.1 2.7 -1 0 4.0 
2003 1 6 -3.8 -1.6 0.5 51 3 5.8 
2003 1 7 -5.0 -2.7 -1.1 51 0 5.8 
2003 1 8 -7.7 -1.6 4.4 51 0 6.7 
2003 1 9 -6.6 3.8 8.3 -1 0 9.3 
2003 1 10 -2.2 2.2 8.3 -1 0 6.7 
2003 1 11 -6.1 -2.7 6.1 -1 0 8.0 
2003 1 12 -6.1 -1.6 2.2 -1 0 8.9 
2003 1 13 -6.1 -1.6 3.3 -1 0 8.0 
2003 1 14 -8.3 -4.4 3.3 -1 0 7.1 
2003 1 15 -8.8 -6.1 -1.6 -1 0 5.8 
2003 1 16 -8.8 -5.0 -1.6 -1 0 8.4 
2003 1 17 -8.3 -3.8 -0.5 30 0 6.2 
2003 1 18 -16.1 -10.0 -0.5 -1 0 6.2 
2003 1 19 -16.1 -9.4 -3.3 -1 0 5.3 
2003 1 20 -13.3 -4.4 0.5 -1 0 9.8 
2003 1 21 -11.1 -8.3 0.5 -1 0 9.8 
2003 1 22 -13.3 -10.5 -5.5 -1 0 9.8 
2003 1 23 -15.0 -11.6 -7.2 -1 0 9.8 
2003 1 24 -15.0 -8.8 -1.6 -1 0 7.1 
2003 1 25 -13.3 -3.8 7.2 -1 0 5.3 
2003 1 26 -7.2 -2.2 10.5 -1 0 5.8 
2003 1 27 -10.0 -3.3 2.2 30 0 7.1 
2003 1 28 -12.2 -8.3 -1.6 -1 0 7.1 
2003 1 29 -7.2 -5.0 -2.2 30 0 3.5 
2003 1 30 -7.2 -2.7 1.1 30 0 3.5 
2003 1 31 -7.2 0.5 3.8 -1 0 6.2 
2003 2 1 -1.6 1.1 3.8 -1 0 7.1 
2003 2 2 0.0 2.2 5.0 -1 8 9.8 
2003 2 3 0.5 4.4 8.8 -1 3 9.8 
2003 2 4 2.2 5.0 9.4 -1 5 7.1 
2003 2 5 -2.7 2.2 6.1 -1 3 8.4 
2003 2 6 -7.7 -4.4 3.3 -1 0 6.2 
2003 2 7 -7.7 -3.3 -0.5 180 0 4.9 
2003 2 8 -11.6 -5.5 -1.6 99 10 5.8 
2003 2 9 -11.6 -3.8 2.2 79 0 5.8 
2003 2 10 -7.7 -2.7 2.7 130 3 4.0 
2003 2 11 -9.4 -5.0 2.7 99 5 7.1 
2003 2 12 -11.6 -5.5 1.1 79 0 9.8 
2003 2 13 -16.1 -9.4 1.1 79 0 6.2 
2003 2 14 -16.1 -10.5 -5.5 79 0 6.2 
2003 2 15 -16.1 -10.0 -5.5 79 0 6.7 
2003 2 16 -16.1 -13.8 -7.7 79 0 5.8 
2003 2 17 -16.1 -8.3 -3.3 249 8 9.8 
2003 2 18 -9.4 -4.4 -1.6 330 5 9.3 
2003 2 19 -8.8 -2.2 3.8 279 0 4.0 
2003 2 20 -8.8 3.3 10.0 231 0 3.5 
2003 2 21 -5.0 2.7 10.5 130 0 3.5 
2003 2 22 -4.4 2.7 10.5 99 5 5.8 
2003 2 23 1.1 3.3 6.1 51 36 8.4 
2003 2 24 -5.0 -1.6 6.1 51 5 9.3 
2003 2 25 -7.2 -3.3 -0.5 -1 0 9.8 
2003 2 26 -13.3 -9.4 -2.2 -1 0 5.3 
2003 2 27 -13.3 -7.2 -0.5 -1 0 3.5 
2003 2 28 -12.2 -2.7 0.0 -1 0 5.3 
2003 3 2 -7.7 2.2 7.2 30 0 6.7 
2003 3 3 -9.4 -3.8 7.2 -1 30 10.2 
2003 3 4 -13.3 -7.7 2.7 -1 0 6.7 
2003 3 5 -1.1 2.2 6.6 -1 5 4.0 
2003 3 6 -6.1 1.6 6.6 130 5 7.1 
2003 3 7 -12.7 -7.2 5.0 51 10 6.7 
2003 3 8 -4.4 -0.5 5.0 51 0 5.3 
2003 3 9 -1.1 5.0 11.1 -1 0 7.1 
2003 3 10 -9.4 -5.5 -0.5 -1 0 8.0 
2003 3 11 -9.4 -4.4 2.2 -1 0 6.7 
2003 3 12 -8.8 3.8 11.6 -1 0 6.2 
2003 3 13 -1.1 1.6 11.6 51 5 6.2 
2003 3 14 -8.3 -3.8 2.7 30 3 8.0 
2003 3 15 -8.3 0.5 6.1 30 0 6.2 
2003 3 16 -1.1 6.6 17.7 -1 0 5.3 
2003 3 17 -1.6 9.4 20.0 -1 0 6.2 
2003 3 18 1.1 7.2 20.0 -1 0 5.3 
2003 3 19 -1.1 1.6 3.8 -1 0 6.7 
2003 3 20 -2.7 1.1 6.1 -1 0 4.0 
2003 3 21 6.1 10.0 13.3 -1 23 9.3 
2003 3 22 7.2 11.6 18.8 -1 3 6.7 
2003 3 23 3.8 8.8 11.6 -1 0 6.7 
2003 3 24 1.1 7.7 13.8 -1 0 6.7 
2003 3 25 0.5 3.8 14.4 -1 0 6.2 
2003 3 26 0.5 8.8 17.2 -1 0 6.2 
2003 3 27 5.0 10.5 17.2 -1 3 6.2 
2003 3 28 2.2 8.8 14.4 -1 0 6.7 
2003 3 29 2.2 11.6 18.3 -1 0 9.8 
2003 3 30 3.8 10.0 18.3 -1 36 9.3 
2003 3 31 -1.1 1.6 3.8 -1 20 8.4 
2003 4 1 -2.7 1.1 5.0 -1 0 6.7 
2003 4 2 1.1 5.0 12.2 -1 0 4.0 
2003 4 3 1.1 5.0 11.6 -1 0 5.3 
2003 4 4 0.0 1.6 6.6 -1 5 6.7 
2003 4 5 -1.1 0.5 2.7 -1 3 6.2 
2003 4 6 -1.1 2.7 7.2 -1 3 9.8 
2003 4 7 -1.1 0.5 7.2 30 0 6.7 
2003 4 8 -2.2 0.0 1.6 51 5 8.0 
2003 4 9 -1.6 1.6 3.3 -1 3 5.8 
2003 4 10 -1.1 4.4 11.1 -1 0 6.7 
2003 4 11 -1.1 3.3 10.5 -1 23 8.0 
2003 4 12 3.8 7.7 16.6 -1 25 8.4 
2003 4 13 5.0 10.5 16.6 -1 5 6.7 
2003 4 14 2.7 6.6 15.0 -1 0 7.1 
2003 4 15 2.7 14.4 25.0 -1 0 8.4 
2003 4 16 7.2 20.0 31.1 -1 0 12.5 
2003 4 17 0.0 3.8 10.0 -1 0 8.4 
2003 4 18 -2.2 2.7 10.0 -1 0 5.8 
2003 4 19 -1.6 7.2 14.4 -1 0 5.8 
2003 4 20 2.2 9.4 17.2 -1 0 5.8 
2003 4 21 2.7 10.0 17.2 -1 0 6.2 
2003 4 22 3.8 7.7 16.1 -1 3 3.5 
2003 4 23 6.6 8.8 12.7 -1 25 6.2 
2003 4 24 3.8 7.2 12.7 -1 0 8.0 
2003 4 25 0.0 7.7 16.1 -1 0 8.4 
2003 4 26 8.8 10.0 11.6 -1 0 8.0 
2003 4 27 6.6 11.1 20.0 -1 28 6.7 
2003 4 28 5.0 14.4 24.4 -1 0 6.7 
2003 4 29 5.0 17.2 25.5 -1 0 5.8 
2003 4 30 9.4 15.0 25.5 -1 0 6.7 
2003 5 1 7.2 11.1 15.0 -1 5 6.7 
2003 5 2 12.2 16.1 23.3 -1 0 8.4 
2003 5 3 7.7 12.2 22.7 -1 0 8.4 
2003 5 4 3.8 11.1 17.7 -1 0 5.3 
2003 5 5 3.8 10.5 17.7 -1 0 4.9 
2003 5 6 3.8 10.0 16.1 -1 0 4.0 
2003 5 7 7.7 15.5 22.2 -1 3 5.3 
2003 5 8 7.7 10.5 15.0 -1 3 6.2 
2003 5 9 7.7 12.2 18.8 -1 0 5.3 
2003 5 10 6.1 14.4 21.1 -1 0 4.9 
2003 5 11 6.1 12.7 21.1 -1 0 6.2 
2003 5 12 7.7 10.5 17.2 -1 8 8.0 
2003 5 13 7.7 12.7 17.7 -1 0 6.2 
2003 5 14 8.8 13.3 20.0 -1 0 3.5 
2003 5 15 8.8 13.8 20.0 -1 0 5.8 
2003 5 16 7.7 10.0 18.8 -1 0 8.0 
2003 5 17 6.1 9.4 15.0 -1 0 6.7 
2003 5 18 2.2 10.0 21.1 -1 0 4.0 
2003 5 19 2.2 16.1 27.2 -1 0 5.8 
2003 5 20 6.1 16.1 27.2 -1 0 6.7 
2003 5 21 7.2 13.8 22.7 -1 3 4.0 
2003 5 22 8.8 12.2 18.3 -1 3 6.2 
2003 5 23 8.8 10.0 13.3 -1 8 4.9 
2003 5 24 7.7 8.8 11.1 -1 8 6.7 
2003 5 25 8.8 11.1 13.8 -1 3 6.7 
2003 5 26 7.7 10.5 12.7 -1 0 6.2 
2003 5 27 7.7 11.6 16.1 -1 36 6.7 
2003 5 28 8.8 14.4 20.0 -1 0 5.8 
2003 5 29 10.0 16.6 24.4 -1 0 6.7 
2003 5 30 11.1 17.2 24.4 -1 0 4.9 
2003 5 31 11.1 17.2 22.7 -1 3 4.0 
2003 6 1 12.2 15.0 21.6 -1 18 8.4 
2003 6 2 10.0 16.1 22.2 -1 15 7.1 
2003 6 3 8.8 16.6 22.7 -1 0 6.2 
2003 6 4 8.8 13.8 22.7 -1 3 6.7 
2003 6 5 12.2 13.8 17.2 -1 13 4.9 
2003 6 6 12.2 19.4 26.1 -1 3 6.2 
2003 6 7 12.7 16.1 26.1 -1 0 3.5 
2003 6 8 12.7 16.1 20.5 -1 13 4.9 
2003 6 9 13.8 15.0 20.5 -1 0 4.0 
2003 6 10 12.7 18.8 25.5 -1 0 4.0 
2003 6 11 12.7 18.3 23.8 -1 0 6.7 
2003 6 12 13.3 18.8 24.4 -1 3 3.5 
2003 6 13 13.8 15.5 21.6 -1 18 4.0 
2003 6 14 13.8 17.7 26.1 -1 8 4.0 
2003 6 15 13.8 19.4 26.1 -1 0 5.8 
2003 6 16 11.1 15.0 23.8 -1 0 5.3 
2003 6 17 10.0 13.8 18.8 -1 0 6.2 
2003 6 18 10.0 15.0 18.8 -1 3 6.7 
2003 6 19 16.6 18.8 22.7 -1 13 3.1 
2003 6 20 15.0 19.4 23.3 -1 0 6.7 
2003 6 21 13.8 17.2 23.3 -1 0 4.9 
2003 6 22 13.3 14.4 20.5 -1 18 7.1 
2003 6 23 13.3 17.7 25.0 -1 25 4.9 
2003 6 24 14.4 20.5 27.2 -1 0 3.5 
2003 6 25 15.5 25.0 33.3 -1 0 3.5 
2003 6 26 16.6 27.2 33.3 -1 0 3.5 
2003 6 27 21.1 25.0 32.2 -1 0 4.9 
2003 6 28 19.4 24.4 31.6 -1 0 5.3 
2003 6 29 16.6 20.5 27.7 -1 0 4.9 
2003 6 30 16.6 22.7 29.4 -1 0 5.8 
2003 7 1 17.7 23.3 29.4 -1 0 5.3 
2003 7 2 16.1 22.2 28.3 -1 0 4.9 
2003 7 3 16.1 21.1 28.3 -1 13 6.2 
2003 7 4 17.7 22.7 30.5 -1 13 5.3 
2003 7 5 19.4 27.7 33.3 -1 0 6.7 
2003 7 6 22.2 27.7 33.3 -1 0 5.8 
2003 7 7 19.4 25.5 31.6 -1 0 4.0 
2003 7 8 19.4 25.5 32.2 -1 0 5.3 
2003 7 9 17.7 23.3 32.2 -1 3 6.2 
2003 7 10 13.8 20.0 27.2 -1 3 3.5 
2003 7 11 13.8 20.0 26.1 -1 3 3.5 
2003 7 12 16.6 22.2 27.7 -1 20 7.1 
2003 7 13 16.6 23.3 28.8 -1 0 5.8 
2003 7 14 17.2 21.1 24.4 -1 0 4.0 
2003 7 15 16.6 20.5 27.2 -1 0 5.8 
2003 7 16 15.0 20.0 27.2 -1 5 5.8 
2003 7 17 15.0 23.3 28.3 -1 0 5.8 
2003 7 18 16.6 22.7 29.4 -1 0 4.9 
2003 7 19 16.6 22.7 29.4 -1 3 4.9 
2003 7 20 16.1 22.7 28.3 -1 0 3.5 
2003 7 21 16.1 22.2 28.3 -1 0 6.7 
2003 7 22 17.2 23.8 27.2 -1 0 6.7 
2003 7 23 21.6 23.8 27.2 -1 25 9.3 
2003 7 24 21.1 23.3 26.1 -1 3 9.3 
2003 7 25 20.0 23.3 29.4 -1 13 5.3 
2003 7 26 18.8 24.4 30.0 -1 0 5.8 
2003 7 27 18.8 25.5 30.5 -1 0 8.9 
2003 7 28 21.6 26.1 30.5 -1 0 6.2 
2003 7 29 17.2 22.2 25.0 -1 5 4.9 
2003 7 30 16.1 20.5 25.0 -1 0 5.8 
2003 7 31 14.4 20.5 26.6 -1 0 4.0 
2003 8 1 14.4 21.1 26.6 -1 13 3.5 
2003 8 2 18.3 25.0 30.0 -1 18 5.3 
2003 8 3 22.7 25.0 30.0 -1 0 6.7 
2003 8 4 22.7 24.4 26.6 -1 0 7.1 
2003 8 5 22.7 23.8 25.5 -1 3 4.9 
2003 8 6 21.6 24.4 28.3 -1 0 8.0 
2003 8 7 21.1 23.8 26.1 -1 0 3.5 
2003 8 8 20.5 23.8 28.3 -1 84 6.7 
2003 8 9 20.5 23.8 28.3 -1 5 4.0 
2003 8 10 22.2 25.5 28.8 -1 0 6.7 
2003 8 11 22.2 25.0 29.4 -1 0 5.3 
2003 8 12 22.2 24.4 28.8 -1 0 5.8 
2003 8 13 22.2 25.0 30.0 -1 5 4.0 
2003 8 14 21.1 25.5 31.1 -1 13 5.3 
2003 8 15 20.5 25.5 31.1 -1 0 4.9 
2003 8 16 20.5 25.5 31.1 -1 0 5.3 
2003 8 17 18.8 22.7 27.2 -1 0 3.5 
2003 8 18 17.2 20.5 25.0 -1 5 6.7 
2003 8 19 16.6 22.2 29.4 -1 0 5.3 
2003 8 20 16.6 24.4 30.5 -1 0 4.0 
2003 8 21 19.4 25.5 31.1 -1 0 3.5 
2003 8 22 20.0 26.1 32.2 -1 0 5.8 
2003 8 23 18.8 24.4 32.2 -1 5 6.7 
2003 8 24 13.8 18.8 27.7 -1 0 6.7 
2003 8 25 13.8 20.0 27.2 -1 0 4.0 
2003 8 26 18.8 22.7 27.7 -1 0 5.3 
2003 8 27 18.8 24.4 30.5 -1 0 6.2 
2003 8 28 16.6 21.6 30.5 -1 0 5.8 
2003 8 29 12.7 20.5 27.2 -1 0 6.7 
2003 8 30 22.7 24.4 28.8 -1 0 4.9 
2003 8 31 12.7 18.8 22.7 -1 0 6.7 
2003 9 1 13.3 16.6 22.2 -1 0 2.6 
2003 9 2 12.7 15.5 17.7 -1 36 4.9 
2003 9 3 13.3 17.2 22.7 -1 13 3.5 
2003 9 4 14.4 21.1 25.0 -1 8 4.9 
2003 9 5 18.3 22.2 26.1 -1 3 3.5 
2003 9 6 13.8 19.4 23.8 -1 0 3.5 
2003 9 7 12.7 19.4 26.1 -1 0 3.5 
2003 9 8 13.3 19.4 26.1 -1 0 4.9 
2003 9 9 12.2 15.5 20.0 -1 0 6.2 
2003 9 10 7.7 14.4 23.3 -1 0 4.0 
2003 9 11 7.7 18.3 25.0 -1 0 5.3 
2003 9 12 12.2 16.6 25.0 -1 0 5.3 
2003 9 13 12.2 18.3 23.8 -1 0 5.3 
2003 9 14 15.0 21.6 26.1 -1 0 4.9 
2003 9 15 17.7 21.1 25.0 -1 0 3.5 
2003 9 16 18.3 22.7 27.2 -1 10 5.3 
2003 9 17 13.8 19.4 27.2 -1 0 5.3 
2003 9 18 13.8 18.8 25.0 -1 0 6.7 
2003 9 19 17.2 20.5 24.4 -1 5 8.0 
2003 9 20 18.3 23.3 28.3 -1 8 4.9 
2003 9 21 15.0 20.5 28.3 -1 0 3.5 
2003 9 22 14.4 18.8 25.0 -1 0 3.5 
2003 9 23 14.4 20.0 23.3 -1 3 9.3 
2003 9 24 11.6 17.7 23.3 -1 3 4.0 
2003 9 25 11.6 17.7 24.4 -1 0 6.7 
2003 9 26 11.6 18.8 24.4 -1 0 4.9 
2003 9 27 15.5 19.4 25.5 -1 0 4.9 
2003 9 28 15.5 20.0 25.5 -1 0 3.5 
2003 9 29 12.2 17.2 21.6 -1 3 6.7 
2003 9 30 8.8 12.7 21.6 -1 0 5.3 
2003 10 1 5.5 11.6 18.8 -1 0 3.5 
2003 10 2 5.5 12.7 18.8 -1 0 4.9 
2003 10 3 2.7 7.7 18.3 -1 0 6.2 
2003 10 4 2.7 10.5 17.2 -1 3 8.4 
2003 10 5 5.0 11.6 17.2 -1 3 6.7 
2003 10 6 2.2 8.8 16.1 -1 0 3.5 
2003 10 7 2.7 8.8 16.6 -1 0 3.5 
2003 10 8 2.2 13.8 22.7 -1 0 6.2 
2003 10 9 5.5 17.2 23.3 -1 0 3.5 
2003 10 10 10.5 14.4 23.3 -1 0 4.0 
2003 10 11 10.5 13.8 20.0 -1 0 5.8 
2003 10 12 10.5 13.3 20.0 -1 0 6.7 
2003 10 13 11.6 16.6 21.6 -1 10 6.7 
2003 10 14 5.5 12.7 21.6 -1 0 4.0 
2003 10 15 13.8 16.1 17.7 -1 36 12.9 
2003 10 16 5.5 12.2 18.3 -1 0 8.4 
2003 10 17 3.8 10.0 14.4 -1 0 3.5 
2003 10 18 3.8 9.4 15.0 -1 8 3.5 
2003 10 19 3.3 5.5 13.3 -1 5 4.0 
2003 10 20 -1.6 5.5 12.7 -1 3 4.9 
2003 10 21 -1.6 13.8 20.0 -1 0 9.3 
2003 10 22 5.0 9.4 20.0 -1 3 5.3 
2003 10 23 1.6 3.8 12.2 -1 0 6.2 
2003 10 24 0.0 3.8 8.8 -1 0 6.7 
2003 10 25 -2.7 4.4 13.3 -1 0 6.2 
2003 10 26 8.8 13.3 17.2 -1 3 8.0 
2003 10 27 15.0 16.6 18.8 -1 13 8.4 
2003 10 28 8.3 12.7 18.8 -1 20 6.7 
2003 10 29 7.7 13.8 19.4 -1 25 10.2 
2003 10 30 6.1 11.1 15.0 -1 15 5.8 
2003 10 31 3.3 10.5 18.3 -1 0 6.7 
2003 11 1 3.3 16.1 25.0 -1 0 4.0 
2003 11 2 10.5 16.1 25.0 -1 0 4.9 
2003 11 3 12.2 16.6 23.3 -1 0 4.9 
2003 11 4 7.2 11.1 17.2 -1 0 6.2 
2003 11 5 6.1 7.7 11.1 -1 3 4.9 
2003 11 6 6.1 13.3 16.6 -1 8 4.0 
2003 11 7 7.7 11.1 13.8 -1 3 4.9 
2003 11 8 1.1 6.6 8.8 -1 0 8.4 
2003 11 9 -4.4 0.5 9.4 -1 0 5.8 
2003 11 10 -5.0 1.1 9.4 -1 0 4.0 
2003 11 11 -5.0 2.7 10.0 -1 3 3.1 
2003 11 12 7.7 10.5 12.7 -1 5 3.1 
2003 11 13 7.2 12.2 16.1 -1 8 13.4 
2003 11 14 1.1 3.8 6.6 -1 0 12.9 
2003 11 15 0.0 3.3 7.2 -1 0 9.3 
2003 11 16 -5.0 3.3 8.8 -1 0 5.8 
2003 11 17 3.8 5.5 7.2 -1 0 3.1 
2003 11 18 1.1 6.1 12.2 -1 3 3.5 
2003 11 19 1.1 10.5 14.4 -1 0 7.1 
2003 11 20 6.6 12.2 16.1 -1 5 8.4 
2003 11 21 5.5 8.3 16.1 -1 8 6.7 
2003 11 22 3.8 8.3 13.8 -1 3 5.3 
2003 11 23 2.2 6.6 12.2 -1 0 3.5 
2003 11 24 0.0 5.0 12.2 -1 0 3.5 
2003 11 25 3.8 7.7 11.1 -1 5 6.7 
2003 11 26 -3.3 2.7 10.5 -1 0 4.9 
2003 11 27 2.2 7.2 12.2 -1 0 2.2 
2003 11 28 6.1 7.7 13.3 -1 0 6.2 
2003 11 29 5.0 11.1 17.2 -1 8 12.0 
2003 11 30 2.7 5.5 17.2 -1 0 9.8 
2003 12 1 2.2 7.2 11.6 -1 0 9.8 
2003 12 2 -6.1 0.0 3.8 -1 0 8.9 
2003 12 3 -8.8 -5.5 -1.1 -1 0 6.7 
2003 12 4 -8.8 -2.2 6.1 -1 0 5.8 
2003 12 5 -7.2 -3.3 6.1 -1 0 5.3 
2003 12 6 -6.6 -0.5 0.5 201 8 12.0 
2003 12 7 -3.3 -2.2 0.5 361 3 12.0 
2003 12 8 -3.8 -1.1 3.3 279 3 5.8 
2003 12 9 -8.3 -2.2 3.3 279 0 2.6 
2003 12 10 0.0 2.2 6.1 201 0 3.5 
2003 12 11 -1.1 8.3 12.2 99 25 11.1 
2003 12 12 1.6 4.4 12.2 -1 13 8.9 
2003 12 13 -3.3 -1.1 5.5 -1 0 5.8 
2003 12 14 -7.2 -5.0 1.1 79 5 6.7 
2003 12 15 -7.2 2.2 5.0 79 48 9.3 
2003 12 16 -4.4 0.5 6.6 -1 0 8.0 
2003 12 17 -4.4 5.5 12.2 -1 0 8.9 
2003 12 18 -1.1 3.8 12.2 -1 25 9.8 
2003 12 19 -3.8 1.1 5.0 -1 0 5.3 
2003 12 20 -5.0 0.5 5.5 -1 0 3.5 
2003 12 21 -6.1 -1.6 5.5 -1 0 5.8 
2003 12 22 1.6 5.5 12.7 -1 0 6.7 
2003 12 23 1.6 8.3 13.3 -1 0 4.9 
2003 12 24 4.4 10.0 13.3 -1 10 8.0 
2003 12 25 4.4 10.0 13.3 -1 13 8.0 
2003 12 26 -0.5 2.2 11.6 -1 0 8.4 
2003 12 27 1.1 5.0 11.1 -1 0 5.8 
2003 12 28 -2.7 3.8 13.3 -1 0 3.5 
2003 12 29 -3.8 5.0 14.4 -1 0 6.7 
2003 12 30 -3.8 7.2 14.4 -1 3 7.1 
2003 12 31 1.1 6.1 13.3 -1 0 7.1 
