2003 1 1 -5.0 -0.5 7.2 -1 0 5.3 
2003 1 2 -5.0 3.3 10.5 -1 0 2.6 
2003 1 3 -1.1 5.0 14.4 -1 0 3.1 
2003 1 4 -1.1 7.7 17.2 -1 0 4.9 
2003 1 5 0.0 7.2 17.2 -1 0 5.3 
2003 1 6 -3.8 3.3 13.3 -1 0 4.9 
2003 1 7 -5.0 2.2 11.1 -1 0 4.9 
2003 1 8 -5.0 3.3 12.2 -1 0 3.5 
2003 1 9 -4.4 6.1 12.2 -1 0 4.9 
2003 1 10 1.1 5.0 8.3 -1 3 3.5 
2003 1 11 -1.1 4.4 8.3 -1 0 2.6 
2003 1 12 -1.1 5.5 13.8 -1 0 3.1 
2003 1 13 -0.5 7.2 14.4 -1 0 5.3 
2003 1 14 -2.2 4.4 14.4 -1 0 3.5 
2003 1 15 -3.3 4.4 12.7 -1 0 5.3 
2003 1 16 -3.8 2.7 12.2 -1 0 2.2 
2003 1 17 -3.8 3.8 12.2 -1 0 2.2 
2003 1 18 -2.7 4.4 14.4 -1 0 2.2 
2003 1 19 -3.3 5.5 14.4 -1 0 2.2 
2003 1 20 -3.3 5.0 16.6 -1 0 2.2 
2003 1 21 -3.3 7.2 16.6 -1 0 3.1 
2003 1 22 0.5 6.6 16.6 -1 0 9.3 
2003 1 23 3.3 9.4 16.6 -1 0 8.4 
2003 1 24 0.0 5.0 13.8 -1 0 4.0 
2003 1 25 0.0 8.3 15.5 -1 0 3.1 
2003 1 26 1.6 7.2 15.5 -1 0 2.2 
2003 1 27 1.6 10.0 15.5 -1 0 7.1 
2003 1 28 1.1 6.6 12.2 -1 0 6.2 
2003 1 29 -2.2 5.5 14.4 -1 0 2.6 
2003 1 30 -2.2 8.8 18.3 -1 0 2.6 
2003 1 31 0.5 8.8 21.6 -1 0 4.9 
2003 2 1 0.5 13.3 21.6 -1 0 12.0 
2003 2 2 -1.1 1.6 6.1 -1 3 12.0 
2003 2 3 -5.5 0.5 9.4 -1 0 3.1 
2003 2 4 -6.6 0.5 11.1 -1 0 6.7 
2003 2 5 -8.8 -1.6 6.1 -1 0 6.7 
2003 2 6 -8.8 -1.6 6.1 -1 0 5.8 
2003 2 7 -8.8 -2.2 3.3 -1 0 6.2 
2003 2 8 -10.5 -3.3 6.1 -1 0 4.0 
2003 2 9 -10.5 -0.5 11.1 -1 0 2.6 
2003 2 10 -8.8 2.2 15.0 -1 0 4.0 
2003 2 11 -7.2 3.8 15.0 -1 0 4.0 
2003 2 12 -3.8 2.7 11.6 -1 0 3.5 
2003 2 13 -3.8 5.5 13.3 -1 0 4.9 
2003 2 14 -1.1 6.6 12.7 -1 0 3.5 
2003 2 15 2.2 6.6 16.1 -1 0 6.7 
2003 2 16 1.6 7.2 15.5 -1 3 12.5 
2003 2 17 -2.7 2.2 8.3 -1 0 5.8 
2003 2 18 -5.0 3.3 11.6 -1 0 6.7 
2003 2 19 -5.0 3.3 11.6 -1 0 6.2 
2003 2 20 -1.6 4.4 10.5 -1 0 5.3 
2003 2 21 -5.0 4.4 15.0 -1 0 4.9 
2003 2 22 -5.0 6.1 15.0 -1 0 6.2 
2003 2 23 -5.5 4.4 13.3 -1 0 3.5 
2003 2 24 2.7 6.1 12.7 -1 0 3.5 
2003 2 25 0.5 3.3 10.5 -1 0 4.0 
2003 2 26 -5.0 1.6 11.6 -1 0 8.9 
2003 2 27 -5.0 2.7 11.6 -1 0 8.4 
2003 2 28 -4.4 1.6 7.2 -1 0 6.7 
2003 3 2 -6.1 1.6 12.7 -1 0 5.3 
2003 3 3 -2.2 5.0 12.7 -1 0 8.9 
2003 3 4 -5.0 2.2 11.1 -1 0 8.9 
2003 3 5 -2.7 6.1 17.2 -1 0 8.0 
2003 3 6 -3.8 8.8 16.6 -1 0 8.0 
2003 3 7 -2.2 7.2 16.1 -1 0 8.4 
2003 3 8 -2.2 7.2 18.8 -1 0 5.8 
2003 3 9 1.1 10.5 18.8 -1 0 6.2 
2003 3 10 0.0 10.5 18.8 -1 0 6.7 
2003 3 11 -1.1 7.7 17.7 -1 0 5.8 
2003 3 12 -0.5 10.0 21.6 -1 0 6.7 
2003 3 13 1.6 15.0 21.6 -1 0 12.0 
2003 3 14 6.1 11.6 17.7 -1 0 13.4 
2003 3 15 3.8 9.4 16.1 -1 5 12.0 
2003 3 16 -2.2 3.8 11.1 -1 5 6.7 
2003 3 17 -2.2 5.0 10.0 -1 0 7.1 
2003 3 18 -2.7 3.8 11.1 -1 0 6.7 
2003 3 19 -3.8 5.0 17.7 -1 0 3.5 
2003 3 20 -3.8 8.3 17.7 -1 0 6.7 
2003 3 21 2.2 8.8 18.3 -1 0 5.8 
2003 3 22 0.5 11.1 18.3 -1 0 7.1 
2003 3 23 3.8 10.5 18.3 -1 3 14.3 
2003 3 24 2.7 7.7 15.5 -1 3 5.3 
2003 3 25 1.6 9.4 19.4 -1 0 8.4 
2003 3 26 11.1 12.7 16.6 -1 0 12.5 
2003 3 27 2.7 7.2 14.4 -1 0 6.7 
2003 3 28 -2.2 5.5 12.2 -1 0 6.2 
2003 3 29 -2.2 7.7 20.0 -1 0 4.9 
2003 3 30 -1.1 11.6 23.8 -1 0 4.0 
2003 3 31 1.6 14.4 23.8 -1 0 8.4 
2003 4 1 7.7 13.8 23.3 -1 0 12.5 
2003 4 2 0.0 4.4 15.0 -1 0 11.1 
2003 4 3 -5.0 0.5 7.7 -1 0 8.9 
2003 4 4 -5.0 3.8 7.7 -1 0 10.2 
2003 4 5 -1.6 2.2 10.5 -1 0 8.9 
2003 4 6 -1.6 5.0 11.1 -1 0 8.0 
2003 4 7 -1.6 6.6 17.2 -1 0 6.7 
2003 4 8 -1.6 11.6 22.7 -1 0 6.2 
2003 4 9 1.1 13.3 22.7 -1 0 5.3 
2003 4 10 2.7 13.8 22.2 -1 0 8.0 
2003 4 11 3.8 12.7 21.1 -1 0 8.4 
2003 4 12 3.8 12.2 20.5 -1 0 12.9 
2003 4 13 2.2 5.0 11.1 -1 5 9.3 
2003 4 14 1.1 5.0 8.3 -1 5 7.1 
2003 4 15 -2.7 5.0 12.2 -1 0 8.0 
2003 4 16 -2.7 5.0 12.2 -1 0 5.8 
2003 4 17 3.8 6.1 12.7 -1 3 6.7 
2003 4 18 0.5 6.1 12.7 -1 3 6.7 
2003 4 19 -1.1 6.1 15.0 -1 0 5.8 
2003 4 20 -1.1 9.4 16.1 -1 0 3.5 
2003 4 21 0.5 8.8 16.1 -1 3 8.4 
2003 4 22 2.7 6.1 13.3 -1 0 8.9 
2003 4 23 2.7 9.4 17.7 -1 0 7.1 
2003 4 24 4.4 11.1 17.7 -1 0 12.9 
2003 4 25 3.8 7.2 11.6 -1 0 11.1 
2003 4 26 1.1 5.5 12.2 -1 0 9.8 
2003 4 27 1.1 6.6 15.5 -1 0 6.7 
2003 4 28 1.6 8.8 15.5 -1 3 9.3 
2003 4 29 0.0 6.6 13.8 -1 0 7.1 
2003 4 30 -1.1 6.1 13.8 -1 0 8.0 
2003 5 1 -1.1 8.3 16.6 -1 0 3.5 
2003 5 2 1.1 11.1 16.6 -1 0 6.7 
2003 5 3 3.8 8.8 15.5 -1 -1 8.9 
2003 5 4 3.8 9.4 15.5 -1 0 8.9 
2003 5 5 1.6 8.8 17.7 -1 0 6.7 
2003 5 6 1.6 10.0 17.7 -1 0 12.5 
2003 5 7 2.2 8.8 16.1 -1 0 6.7 
2003 5 8 2.7 7.7 15.0 -1 0 10.2 
2003 5 9 3.8 6.1 10.5 -1 0 8.4 
2003 5 10 3.8 8.3 13.8 -1 0 5.8 
2003 5 11 2.7 10.0 20.5 -1 0 8.0 
2003 5 12 3.3 15.5 24.4 -1 0 6.7 
2003 5 13 6.6 17.2 26.6 -1 0 6.2 
2003 5 14 7.7 18.3 26.6 -1 0 6.7 
2003 5 15 6.6 17.2 25.5 -1 0 8.4 
2003 5 16 3.8 15.5 25.0 -1 0 9.3 
2003 5 17 3.8 16.1 25.0 -1 0 9.3 
2003 5 18 2.7 11.6 22.7 -1 0 7.1 
2003 5 19 3.3 12.2 20.5 -1 0 6.7 
2003 5 20 3.8 15.5 27.7 -1 0 2.6 
2003 5 21 6.6 20.0 31.1 -1 0 6.7 
2003 5 22 10.5 22.2 33.3 -1 0 6.7 
2003 5 23 12.7 23.8 32.7 -1 0 6.7 
2003 5 24 13.8 24.4 32.2 -1 0 8.4 
2003 5 25 12.7 21.1 32.2 -1 0 9.3 
2003 5 26 11.1 19.4 29.4 -1 0 8.0 
2003 5 27 11.1 22.2 35.0 -1 0 6.7 
2003 5 28 12.2 26.1 36.1 -1 0 8.4 
2003 5 29 15.0 26.1 36.1 -1 0 9.3 
2003 5 30 17.2 25.0 34.4 -1 0 8.9 
2003 5 31 12.2 21.6 31.1 -1 0 7.1 
2003 6 1 12.2 22.2 32.2 -1 0 8.0 
2003 6 2 12.7 25.0 32.7 -1 0 5.8 
2003 6 3 13.3 23.8 33.3 -1 0 5.8 
2003 6 4 13.3 25.5 33.8 -1 0 4.9 
2003 6 5 12.7 23.8 32.2 -1 0 6.2 
2003 6 6 12.7 24.4 33.8 -1 0 3.5 
2003 6 7 12.7 26.1 35.0 -1 0 8.0 
2003 6 8 16.6 26.6 35.0 -1 0 8.0 
2003 6 9 12.7 23.8 32.2 -1 0 8.4 
2003 6 10 11.6 22.2 31.6 -1 0 8.9 
2003 6 11 11.6 21.1 30.5 -1 0 7.1 
2003 6 12 12.2 21.1 29.4 -1 0 8.9 
2003 6 13 12.2 21.1 29.4 -1 0 9.3 
2003 6 14 10.0 20.5 32.2 -1 0 9.3 
2003 6 15 10.0 21.1 32.2 -1 0 8.4 
2003 6 16 10.0 25.0 34.4 -1 0 5.8 
2003 6 17 14.4 27.7 36.6 -1 0 6.7 
2003 6 18 17.2 27.2 36.6 -1 0 8.9 
2003 6 19 11.6 21.6 34.4 -1 0 9.8 
2003 6 20 11.6 19.4 29.4 -1 0 11.6 
2003 6 21 9.4 18.8 26.6 -1 0 8.4 
2003 6 22 9.4 18.3 26.6 -1 0 6.7 
2003 6 23 7.2 15.0 25.5 -1 10 7.1 
2003 6 24 6.6 12.2 23.8 -1 10 6.2 
2003 6 25 6.6 18.8 28.3 -1 0 5.8 
2003 6 26 9.4 22.2 32.7 -1 0 3.5 
2003 6 27 10.5 25.0 36.1 -1 0 3.5 
2003 6 28 13.3 27.2 36.1 -1 0 5.3 
2003 6 29 16.6 26.6 36.1 -1 0 8.4 
2003 6 30 11.6 21.6 32.7 -1 0 8.0 
2003 7 1 11.6 22.2 32.2 -1 0 8.0 
2003 7 2 11.1 21.6 31.1 -1 0 6.7 
2003 7 3 11.6 23.3 31.6 -1 0 6.7 
2003 7 4 12.2 22.7 33.3 -1 0 8.0 
2003 7 5 12.2 24.4 34.4 -1 0 6.7 
2003 7 6 12.2 24.4 35.5 -1 0 8.4 
2003 7 7 12.2 23.8 33.3 -1 0 9.3 
2003 7 8 12.2 22.7 34.4 -1 0 11.1 
2003 7 9 12.7 25.5 37.7 -1 0 5.3 
2003 7 10 13.3 27.2 38.3 -1 0 8.4 
2003 7 11 14.4 26.1 37.2 -1 0 7.1 
2003 7 12 14.4 26.1 37.2 -1 0 8.0 
2003 7 13 14.4 26.1 35.0 -1 0 7.1 
2003 7 14 13.3 25.0 36.1 -1 0 7.1 
2003 7 15 13.3 26.6 36.1 -1 0 8.0 
2003 7 16 13.8 26.6 36.6 -1 0 7.1 
2003 7 17 15.5 28.3 37.7 -1 0 6.7 
2003 7 18 17.7 28.8 37.7 -1 0 6.7 
2003 7 19 19.4 30.5 37.7 -1 0 6.7 
2003 7 20 22.2 30.5 39.4 -1 0 6.2 
2003 7 21 20.0 29.4 40.0 -1 0 5.8 
2003 7 22 20.0 30.5 40.0 -1 0 8.0 
2003 7 23 20.5 29.4 40.0 -1 0 9.8 
2003 7 24 22.2 27.7 36.1 -1 0 8.0 
2003 7 25 19.4 27.2 35.5 -1 0 6.7 
2003 7 26 17.7 25.5 34.4 -1 0 8.4 
2003 7 27 17.7 26.6 35.0 -1 3 9.8 
2003 7 28 17.7 26.1 37.2 -1 3 8.0 
2003 7 29 17.2 28.3 38.3 -1 3 5.3 
2003 7 30 17.7 31.1 40.0 -1 0 4.9 
2003 7 31 20.0 28.8 40.0 -1 0 5.8 
2003 8 1 17.7 22.2 36.6 -1 3 6.7 
2003 8 2 16.6 19.4 30.0 -1 13 6.7 
2003 8 3 12.7 20.0 27.7 -1 3 6.2 
2003 8 4 17.2 23.8 32.2 -1 0 6.2 
2003 8 5 15.0 22.2 31.6 -1 0 8.4 
2003 8 6 12.7 21.6 30.5 -1 0 9.3 
2003 8 7 12.7 21.1 32.2 -1 0 9.3 
2003 8 8 12.7 22.2 32.7 -1 0 8.9 
2003 8 9 11.1 22.7 33.8 -1 0 9.3 
2003 8 10 11.1 23.8 35.0 -1 0 8.9 
2003 8 11 12.7 24.4 35.0 -1 0 6.7 
2003 8 12 11.6 23.3 34.4 -1 0 8.4 
2003 8 13 11.6 23.3 34.4 -1 0 6.2 
2003 8 14 13.3 25.5 35.0 -1 0 8.0 
2003 8 15 14.4 26.1 35.0 -1 0 6.2 
2003 8 16 15.5 25.5 38.8 -1 0 8.0 
2003 8 17 13.8 25.0 35.5 -1 0 6.7 
2003 8 18 13.8 28.3 37.2 -1 0 5.3 
2003 8 19 16.6 28.3 37.2 -1 0 7.1 
2003 8 20 17.7 26.6 37.2 -1 0 7.1 
2003 8 21 17.7 22.7 35.0 -1 0 7.1 
2003 8 22 15.5 18.8 26.1 -1 5 9.8 
2003 8 23 12.7 20.0 31.1 -1 0 6.7 
2003 8 24 12.7 23.3 33.8 -1 0 6.2 
2003 8 25 13.8 24.4 36.1 -1 0 6.7 
2003 8 26 13.8 25.5 35.5 -1 0 6.7 
2003 8 27 15.0 23.8 32.7 -1 0 7.1 
2003 8 28 13.8 23.3 32.7 -1 0 7.1 
2003 8 29 12.2 22.2 32.2 -1 0 6.7 
2003 8 30 12.2 22.2 33.3 -1 0 5.3 
2003 8 31 11.1 22.7 32.7 -1 0 5.8 
2003 9 1 11.6 20.5 31.6 -1 0 5.8 
2003 9 2 13.8 23.8 33.8 -1 0 3.5 
2003 9 3 16.1 25.0 33.8 -1 0 8.4 
2003 9 4 15.0 22.7 32.7 -1 0 10.2 
2003 9 5 13.3 21.1 32.7 -1 0 6.2 
2003 9 6 12.2 22.7 31.1 -1 0 6.7 
2003 9 7 12.2 20.5 32.2 -1 0 9.8 
2003 9 8 12.2 18.8 27.2 -1 0 9.8 
2003 9 9 12.7 18.3 25.0 -1 0 8.0 
2003 9 10 7.7 16.1 23.8 -1 0 6.2 
2003 9 11 7.7 18.3 28.3 -1 0 3.1 
2003 9 12 10.0 20.5 29.4 -1 0 3.5 
2003 9 13 10.0 19.4 29.4 -1 0 5.8 
2003 9 14 8.3 18.3 31.6 -1 0 8.0 
2003 9 15 8.3 21.1 31.6 -1 0 8.0 
2003 9 16 11.1 20.0 27.2 -1 0 8.0 
2003 9 17 8.3 15.0 26.1 -1 0 8.0 
2003 9 18 5.0 14.4 24.4 -1 0 3.5 
2003 9 19 5.0 16.6 30.0 -1 0 3.5 
2003 9 20 6.6 19.4 30.0 -1 0 4.0 
2003 9 21 7.7 19.4 31.6 -1 0 3.5 
2003 9 22 8.8 21.6 32.7 -1 0 4.0 
2003 9 23 8.3 21.1 33.8 -1 0 3.1 
2003 9 24 9.4 22.2 34.4 -1 0 3.1 
2003 9 25 10.0 21.6 34.4 -1 0 4.0 
2003 9 26 7.2 20.0 33.3 -1 0 4.9 
2003 9 27 7.2 20.5 33.3 -1 0 2.6 
2003 9 28 9.4 22.2 34.4 -1 0 3.1 
2003 9 29 10.5 22.2 34.4 -1 0 9.3 
2003 9 30 9.4 20.5 31.1 -1 0 5.8 
2003 10 1 9.4 22.7 31.1 -1 0 6.2 
2003 10 2 10.0 18.3 29.4 -1 0 6.7 
2003 10 3 8.8 16.6 26.6 -1 0 8.0 
2003 10 4 8.8 18.3 26.6 -1 0 4.9 
2003 10 5 9.4 18.3 26.6 -1 0 5.8 
2003 10 6 8.8 17.7 28.8 -1 0 3.5 
2003 10 7 8.8 19.4 28.8 -1 0 6.7 
2003 10 8 8.8 18.3 30.0 -1 0 8.0 
2003 10 9 8.8 19.4 30.0 -1 0 9.8 
2003 10 10 5.0 12.2 27.7 -1 0 8.9 
2003 10 11 2.2 11.6 24.4 -1 0 3.5 
2003 10 12 2.2 16.6 25.0 -1 0 5.3 
2003 10 13 0.5 11.1 23.3 -1 0 5.3 
2003 10 14 0.5 12.7 26.6 -1 0 5.8 
2003 10 15 1.6 13.8 26.6 -1 0 8.4 
2003 10 16 1.6 14.4 26.1 -1 0 5.3 
2003 10 17 4.4 16.1 27.2 -1 0 4.9 
2003 10 18 5.5 16.1 29.4 -1 0 6.7 
2003 10 19 6.1 17.7 29.4 -1 0 5.3 
2003 10 20 6.6 16.6 29.4 -1 0 2.6 
2003 10 21 5.0 16.6 29.4 -1 0 2.6 
2003 10 22 5.0 16.6 28.8 -1 0 3.5 
2003 10 23 6.1 17.2 28.3 -1 0 5.3 
2003 10 24 2.7 11.6 22.7 -1 0 5.3 
2003 10 25 2.7 12.7 21.6 -1 0 5.3 
2003 10 26 2.7 12.2 23.8 -1 0 3.5 
2003 10 27 2.7 12.7 25.0 -1 0 3.1 
2003 10 28 2.7 13.8 26.6 -1 0 2.2 
2003 10 29 4.4 16.6 26.6 -1 0 11.1 
2003 10 30 1.1 8.3 18.8 -1 0 11.1 
2003 10 31 -1.1 2.2 7.7 -1 0 4.9 
2003 11 1 -1.1 1.1 7.2 -1 0 3.1 
2003 11 2 -5.0 0.5 7.2 -1 0 3.1 
2003 11 3 -5.0 3.3 8.3 -1 0 5.3 
2003 11 4 -5.0 1.6 9.4 -1 0 5.3 
2003 11 5 -5.0 5.5 10.0 -1 0 4.0 
2003 11 6 -3.8 3.3 11.1 -1 0 3.1 
2003 11 7 -4.4 6.1 10.5 -1 0 3.1 
2003 11 8 0.5 6.1 13.8 -1 0 5.8 
2003 11 9 0.5 6.6 13.8 -1 3 5.8 
2003 11 10 -2.7 3.8 11.1 -1 0 4.0 
2003 11 11 -3.8 3.8 13.3 -1 0 3.1 
2003 11 12 -3.8 5.0 13.3 -1 0 4.9 
2003 11 13 1.1 6.6 13.3 -1 0 8.4 
2003 11 14 -2.7 3.8 12.2 -1 0 6.7 
2003 11 15 -2.7 6.1 12.2 -1 0 7.1 
2003 11 16 -2.7 2.7 10.5 -1 0 5.8 
2003 11 17 7.7 9.4 12.7 -1 0 9.8 
2003 11 18 -2.2 5.5 17.7 -1 0 4.9 
2003 11 19 -2.2 7.7 21.1 -1 0 12.5 
2003 11 20 11.6 13.8 17.7 -1 0 11.1 
2003 11 21 2.2 6.1 17.7 -1 0 8.4 
2003 11 22 -7.2 -1.6 8.3 -1 0 5.8 
2003 11 23 -7.7 -1.6 7.2 -1 0 2.2 
2003 11 24 -8.8 1.1 13.8 -1 0 9.3 
2003 11 25 -6.6 2.7 13.8 -1 0 8.4 
2003 11 26 -5.0 4.4 10.5 -1 0 8.4 
2003 11 27 -6.6 0.5 9.4 -1 0 3.5 
2003 11 28 2.2 4.4 8.3 -1 0 3.5 
2003 11 29 1.1 6.1 13.8 -1 0 3.5 
2003 11 30 2.2 6.1 11.1 -1 0 3.5 
2003 12 1 -2.7 3.8 12.2 -1 0 3.5 
2003 12 2 -2.7 6.1 13.8 -1 0 5.8 
2003 12 3 -0.5 6.6 14.4 -1 0 3.1 
2003 12 4 -3.3 3.8 14.4 -1 0 6.2 
2003 12 5 7.2 11.1 17.2 -1 0 11.6 
2003 12 6 7.2 11.6 17.2 -1 0 11.6 
2003 12 7 5.0 7.7 15.0 -1 3 8.9 
2003 12 8 -4.4 1.1 10.0 -1 0 6.2 
2003 12 9 -4.4 0.5 8.3 -1 0 3.1 
2003 12 10 -3.8 4.4 9.4 -1 3 11.1 
2003 12 11 -3.3 1.6 8.8 -1 3 6.2 
2003 12 12 -3.3 1.1 7.7 -1 0 2.6 
2003 12 13 3.8 7.2 12.2 -1 0 4.0 
2003 12 14 -1.1 5.5 10.5 -1 10 14.3 
2003 12 15 -6.1 -0.5 10.0 -1 0 5.3 
2003 12 16 -5.0 -1.1 3.8 -1 0 2.2 
2003 12 17 -5.0 -0.5 4.4 -1 0 2.2 
2003 12 18 -3.8 -0.5 6.1 -1 0 2.2 
2003 12 19 -5.0 1.6 8.8 -1 0 2.2 
2003 12 20 -1.6 5.0 9.4 -1 0 3.1 
2003 12 21 2.2 4.4 9.4 -1 8 2.6 
2003 12 22 -0.5 3.8 8.3 -1 0 3.5 
2003 12 23 -0.5 2.7 7.7 -1 0 2.6 
2003 12 24 1.1 6.1 8.8 -1 5 9.8 
2003 12 25 0.5 3.3 8.8 -1 5 8.0 
2003 12 26 -2.7 -0.5 2.2 -1 0 6.2 
2003 12 27 -9.4 -4.4 3.3 -1 0 4.0 
2003 12 28 -9.4 -3.3 3.3 -1 0 5.3 
2003 12 29 0.5 3.3 7.2 -1 0 11.6 
2003 12 30 1.6 2.7 6.6 -1 3 11.6 
2003 12 31 -1.1 2.2 6.6 -1 0 3.1 
