2003 1 1 -5.0 7.2 15.5 -1 0 12.5 
2003 1 2 -3.8 3.8 13.3 -1 0 5.8 
2003 1 3 -2.2 3.8 15.5 -1 0 3.5 
2003 1 4 -5.0 6.6 19.4 -1 0 5.3 
2003 1 5 -2.2 6.6 17.7 -1 0 3.5 
2003 1 6 -1.6 7.2 18.3 -1 0 8.0 
2003 1 7 -2.7 5.0 13.8 -1 0 3.5 
2003 1 8 -2.7 6.6 17.2 -1 0 3.5 
2003 1 9 7.2 13.3 16.1 -1 0 8.9 
2003 1 10 -3.8 4.4 17.2 -1 0 7.1 
2003 1 11 -2.7 3.3 12.2 -1 0 5.3 
2003 1 12 -3.3 6.1 13.8 -1 3 4.0 
2003 1 13 -4.4 4.4 17.2 -1 0 4.0 
2003 1 14 -4.4 6.6 17.7 -1 0 4.9 
2003 1 15 -2.2 5.5 20.5 -1 0 9.8 
2003 1 16 -3.8 5.0 18.8 -1 0 6.2 
2003 1 17 -6.1 0.5 8.8 -1 0 8.4 
2003 1 18 -6.1 1.1 12.7 -1 0 4.9 
2003 1 19 -6.1 4.4 20.0 -1 0 3.5 
2003 1 20 -5.5 10.5 23.8 -1 0 6.7 
2003 1 21 -1.6 11.6 23.8 -1 0 6.7 
2003 1 22 0.5 8.3 21.1 -1 0 3.5 
2003 1 23 -7.7 0.5 16.1 -1 0 6.7 
2003 1 24 -7.7 0.5 8.3 -1 0 5.3 
2003 1 25 -3.8 3.3 13.3 -1 0 3.5 
2003 1 26 -3.8 7.7 16.1 -1 0 4.9 
2003 1 27 -3.3 7.7 21.6 -1 0 5.8 
2003 1 28 -1.6 10.0 22.2 -1 0 3.5 
2003 1 29 -1.6 8.8 22.2 -1 0 5.8 
2003 1 30 -4.4 6.6 22.7 -1 0 5.3 
2003 1 31 -4.4 10.5 22.7 -1 0 5.8 
2003 2 1 -2.2 8.8 25.0 -1 0 4.9 
2003 2 2 -2.2 13.3 25.0 -1 0 12.0 
2003 2 3 1.6 12.2 26.1 -1 0 9.8 
2003 2 4 -5.0 3.8 16.6 -1 0 6.2 
2003 2 5 -5.0 5.5 16.1 -1 0 6.2 
2003 2 6 -2.2 3.3 10.0 -1 0 7.1 
2003 2 7 -3.3 -0.5 9.4 -1 0 5.8 
2003 2 8 -3.3 -0.5 7.2 -1 0 5.3 
2003 2 9 -5.0 5.0 13.8 -1 0 8.9 
2003 2 10 -5.5 6.1 18.8 -1 0 8.0 
2003 2 11 -5.5 8.3 18.8 -1 0 4.0 
2003 2 12 -3.8 10.5 18.8 -1 0 4.0 
2003 2 13 2.7 12.2 22.2 -1 0 9.8 
2003 2 14 12.7 18.8 23.8 -1 0 9.8 
2003 2 15 7.7 12.2 20.0 -1 0 8.0 
2003 2 16 1.1 7.7 15.0 -1 0 5.3 
2003 2 17 0.0 9.4 24.4 -1 0 4.0 
2003 2 18 0.0 15.0 26.6 -1 0 12.5 
2003 2 19 5.0 11.1 26.6 -1 0 8.9 
2003 2 20 1.6 6.6 13.8 -1 0 6.2 
2003 2 21 1.6 9.4 19.4 -1 10 6.2 
2003 2 22 2.2 12.2 21.6 -1 0 6.7 
2003 2 23 2.2 13.3 21.6 -1 0 9.8 
2003 2 24 -2.7 3.8 17.2 -1 0 8.0 
2003 2 25 -6.1 -1.6 8.3 -1 0 5.8 
2003 2 26 -6.1 2.2 15.5 -1 0 6.2 
2003 2 27 -3.3 8.3 18.3 -1 0 5.3 
2003 2 28 -1.1 10.5 18.8 -1 0 7.1 
2003 3 2 0.5 8.3 17.2 -1 0 3.5 
2003 3 3 2.2 10.5 21.1 -1 0 6.2 
2003 3 4 2.2 14.4 22.2 -1 0 14.7 
2003 3 5 -1.1 10.5 22.2 -1 0 11.1 
2003 3 6 -1.1 11.1 22.2 -1 0 7.1 
2003 3 7 0.0 14.4 25.0 -1 0 6.7 
2003 3 8 5.0 16.1 27.2 -1 0 6.7 
2003 3 9 1.6 15.5 26.6 -1 0 5.3 
2003 3 10 3.8 14.4 27.2 -1 0 6.2 
2003 3 11 3.3 16.6 28.3 -1 0 6.2 
2003 3 12 5.0 16.6 28.3 -1 0 4.0 
2003 3 13 4.4 17.2 27.7 -1 0 5.3 
2003 3 14 3.8 15.5 26.1 -1 0 8.4 
2003 3 15 4.4 17.2 26.6 -1 0 6.2 
2003 3 16 7.2 17.7 26.6 -1 0 11.1 
2003 3 17 8.8 15.5 26.6 -1 0 12.5 
2003 3 18 2.7 11.1 20.0 -1 0 12.5 
2003 3 19 2.7 9.4 15.5 -1 0 10.2 
2003 3 20 3.8 9.4 17.7 -1 3 8.4 
2003 3 21 4.4 12.2 18.3 -1 0 11.1 
2003 3 22 3.8 10.0 19.4 -1 0 3.1 
2003 3 23 2.2 13.8 28.3 -1 0 7.1 
2003 3 24 2.2 18.3 28.3 -1 0 8.4 
2003 3 25 7.7 15.5 28.3 -1 0 8.9 
2003 3 26 0.5 12.7 27.2 -1 0 6.7 
2003 3 27 12.2 20.0 27.2 -1 0 13.4 
2003 3 28 1.1 6.1 13.3 -1 3 13.4 
2003 3 29 -2.2 3.8 11.6 -1 0 4.9 
2003 3 30 -3.3 6.6 19.4 -1 0 5.3 
2003 3 31 -3.3 12.2 27.2 -1 0 9.8 
2003 4 1 2.2 17.7 31.1 -1 0 9.8 
2003 4 2 10.0 20.0 29.4 -1 0 11.6 
2003 4 3 8.8 21.1 30.0 -1 0 11.6 
2003 4 4 9.4 16.6 26.6 -1 0 9.8 
2003 4 5 5.0 14.4 26.1 -1 0 11.1 
2003 4 6 3.3 15.0 25.5 -1 0 9.8 
2003 4 7 1.6 12.2 21.6 -1 0 5.3 
2003 4 8 0.0 8.8 20.5 -1 0 8.4 
2003 4 9 0.0 11.1 23.3 -1 0 7.1 
2003 4 10 0.0 12.7 23.8 -1 0 7.1 
2003 4 11 2.2 17.2 28.8 -1 0 6.2 
2003 4 12 7.2 18.8 29.4 -1 0 6.7 
2003 4 13 7.2 20.5 32.2 -1 0 8.9 
2003 4 14 8.3 21.1 33.3 -1 0 11.6 
2003 4 15 8.3 22.2 33.3 -1 0 19.2 
2003 4 16 8.8 16.6 27.7 -1 0 14.7 
2003 4 17 8.8 18.3 29.4 -1 0 9.8 
2003 4 18 9.4 20.0 29.4 -1 0 10.2 
2003 4 19 10.0 17.7 27.2 -1 0 9.8 
2003 4 20 4.4 13.3 22.7 -1 0 8.9 
2003 4 21 4.4 15.5 23.3 -1 0 9.3 
2003 4 22 7.7 18.8 29.4 -1 0 9.3 
2003 4 23 11.1 20.0 28.3 -1 0 14.7 
2003 4 24 6.6 17.7 28.8 -1 0 14.7 
2003 4 25 7.2 18.8 29.4 -1 0 5.8 
2003 4 26 8.8 21.1 31.6 -1 0 5.8 
2003 4 27 7.2 22.7 31.6 -1 0 6.7 
2003 4 28 8.8 21.1 32.7 -1 0 9.3 
2003 4 29 8.8 22.2 32.7 -1 0 9.8 
2003 4 30 12.7 22.7 31.6 -1 0 9.8 
2003 5 1 7.2 21.6 31.6 -1 0 8.0 
2003 5 2 7.2 22.2 31.1 -1 0 6.7 
2003 5 3 11.6 22.7 36.1 -1 0 9.8 
2003 5 4 12.7 23.8 36.1 -1 0 11.6 
2003 5 5 12.7 21.6 30.0 -1 0 9.3 
2003 5 6 10.0 20.5 30.5 -1 0 11.1 
2003 5 7 10.0 21.6 33.3 -1 0 12.0 
2003 5 8 11.6 22.7 33.3 -1 0 9.8 
2003 5 9 6.1 21.1 35.5 -1 0 9.8 
2003 5 10 12.7 23.8 31.6 -1 0 9.8 
2003 5 11 8.8 17.2 30.5 -1 0 5.8 
2003 5 12 8.8 20.0 32.2 -1 0 6.7 
2003 5 13 11.1 25.0 37.2 -1 0 8.0 
2003 5 14 16.6 27.7 37.2 -1 0 4.0 
2003 5 15 16.6 27.2 37.2 -1 0 15.6 
2003 5 16 16.6 26.6 37.2 -1 0 13.8 
2003 5 17 12.2 23.3 34.4 -1 0 8.0 
2003 5 18 12.2 27.2 41.1 -1 0 9.8 
2003 5 19 14.4 27.7 41.1 -1 0 11.1 
2003 5 20 11.6 16.1 28.8 -1 0 11.1 
2003 5 21 11.6 15.5 26.1 -1 0 5.3 
2003 5 22 10.0 18.3 31.1 -1 0 8.4 
2003 5 23 10.0 23.8 35.0 -1 0 10.2 
2003 5 24 14.4 25.0 35.0 -1 0 10.2 
2003 5 25 13.8 21.6 33.3 -1 10 9.3 
2003 5 26 13.8 17.7 28.3 -1 10 11.1 
2003 5 27 15.0 19.4 27.2 -1 0 6.7 
2003 5 28 13.8 21.6 28.8 -1 0 5.3 
2003 5 29 13.3 24.4 33.3 -1 0 4.9 
2003 5 30 13.3 25.0 36.1 -1 0 5.8 
2003 5 31 13.3 26.6 36.1 -1 0 6.7 
2003 6 1 16.1 27.2 37.2 -1 0 6.2 
2003 6 2 15.5 26.6 37.2 -1 0 20.5 
2003 6 3 15.5 27.2 35.5 -1 0 12.0 
2003 6 4 16.6 24.4 33.8 -1 0 7.1 
2003 6 5 16.6 23.3 33.3 -1 0 10.2 
2003 6 6 12.2 19.4 27.2 -1 0 14.7 
2003 6 7 16.1 22.7 31.1 -1 0 8.0 
2003 6 8 16.1 21.6 28.8 -1 0 11.1 
2003 6 9 16.1 22.2 28.8 -1 5 12.5 
2003 6 10 28.8 32.2 33.8 -1 8 12.0 
2003 6 11 15.0 27.2 36.1 -1 0 8.0 
2003 6 12 15.0 27.7 36.1 -1 0 7.1 
2003 6 13 13.8 25.0 34.4 -1 0 5.8 
2003 6 14 13.8 22.7 32.7 -1 0 15.6 
2003 6 15 13.8 24.4 32.7 -1 0 6.7 
2003 6 16 17.2 25.0 31.1 -1 0 6.2 
2003 6 17 16.6 22.2 31.1 -1 0 8.4 
2003 6 18 16.6 22.7 31.1 -1 0 8.4 
2003 6 19 16.1 22.7 31.1 -1 8 7.1 
2003 6 20 16.1 25.0 33.3 -1 0 7.1 
2003 6 21 17.2 27.2 36.6 -1 0 9.3 
2003 6 22 17.7 28.3 37.7 -1 0 11.1 
2003 6 23 16.1 29.4 39.4 -1 0 12.5 
2003 6 24 20.5 28.8 39.4 -1 0 12.5 
2003 6 25 20.5 30.0 38.3 -1 0 9.3 
2003 6 26 19.4 25.0 37.2 -1 0 7.1 
2003 6 27 16.6 21.6 30.0 -1 0 6.7 
2003 6 28 17.2 26.1 36.1 -1 0 6.7 
2003 6 29 16.6 26.6 35.5 -1 0 8.0 
2003 6 30 16.6 23.8 35.0 -1 0 7.1 
2003 7 1 16.6 26.6 35.5 -1 0 6.2 
2003 7 2 17.2 27.7 36.6 -1 0 6.2 
2003 7 3 17.2 28.8 37.2 -1 0 6.7 
2003 7 4 17.7 28.3 37.2 -1 0 5.8 
2003 7 5 17.7 28.3 36.6 -1 0 6.2 
2003 7 6 18.3 27.7 36.6 -1 0 6.2 
2003 7 7 20.0 25.5 35.0 -1 0 8.4 
2003 7 8 18.8 25.5 32.7 -1 0 8.0 
2003 7 9 19.4 27.7 37.7 -1 0 7.1 
2003 7 10 20.0 30.0 38.3 -1 0 6.2 
2003 7 11 21.1 31.1 38.3 -1 0 7.1 
2003 7 12 20.5 30.5 38.3 -1 0 8.0 
2003 7 13 20.5 30.0 41.1 -1 0 8.0 
2003 7 14 20.5 32.2 41.1 -1 0 8.4 
2003 7 15 20.0 30.5 41.1 -1 0 6.7 
2003 7 16 20.0 28.8 38.8 -1 0 6.7 
2003 7 17 20.0 26.1 35.5 -1 0 9.8 
2003 7 18 18.8 27.2 36.1 -1 0 5.8 
2003 7 19 19.4 29.4 37.2 -1 0 6.2 
2003 7 20 18.3 28.8 38.3 -1 0 7.1 
2003 7 21 18.3 30.0 38.3 -1 0 7.1 
2003 7 22 21.1 30.5 39.4 -1 0 4.9 
2003 7 23 21.1 30.5 39.4 -1 0 4.0 
2003 7 24 18.8 23.8 37.7 -1 3 11.1 
2003 7 25 36.1 36.1 37.2 -1 0 6.7 
2003 7 26 21.1 28.3 35.5 -1 0 6.7 
2003 7 27 18.8 26.1 34.4 -1 0 5.3 
2003 7 28 17.2 26.1 33.3 -1 0 6.2 
2003 7 29 20.0 26.6 33.8 -1 0 5.8 
2003 7 30 19.4 26.6 33.8 -1 0 6.2 
2003 7 31 23.8 30.0 33.8 -1 3 6.2 
2003 8 1 21.1 28.8 37.7 -1 3 5.3 
2003 8 2 21.1 30.0 38.3 -1 0 4.9 
2003 8 3 21.6 30.5 38.8 -1 0 8.4 
2003 8 4 22.2 30.5 39.4 -1 0 5.3 
2003 8 5 22.2 30.0 39.4 -1 0 9.8 
2003 8 6 21.1 26.6 35.5 -1 0 9.8 
2003 8 7 20.5 28.8 37.7 -1 0 6.7 
2003 8 8 16.6 29.4 39.4 -1 0 6.7 
2003 8 9 16.6 30.5 39.4 -1 0 6.2 
2003 8 10 20.5 26.6 38.8 -1 8 15.6 
2003 8 11 21.6 27.7 36.1 -1 0 12.9 
2003 8 12 21.1 28.8 36.6 -1 0 5.3 
2003 8 13 18.8 25.0 33.8 -1 0 6.7 
2003 8 14 17.7 23.3 30.0 -1 0 9.8 
2003 8 15 15.5 21.1 28.3 -1 0 6.7 
2003 8 16 15.5 22.7 31.1 -1 0 6.7 
2003 8 17 16.6 25.5 32.7 -1 0 6.7 
2003 8 18 16.6 27.7 35.0 -1 0 4.9 
2003 8 19 18.8 27.7 37.2 -1 0 5.3 
2003 8 20 18.8 28.3 37.2 -1 0 5.8 
2003 8 21 18.8 32.7 36.6 -1 0 6.7 
2003 8 22 19.4 27.7 36.1 -1 0 5.8 
2003 8 23 17.2 24.4 32.7 -1 0 8.4 
2003 8 24 18.8 25.5 32.2 -1 0 5.8 
2003 8 25 17.7 25.5 32.7 -1 0 6.7 
2003 8 26 18.3 26.6 33.3 -1 0 6.7 
2003 8 27 20.0 26.6 33.8 -1 0 5.8 
2003 8 28 18.8 28.8 37.2 -1 0 9.3 
2003 8 29 20.0 26.6 37.2 -1 0 9.8 
2003 8 30 19.4 22.2 32.7 -1 0 9.3 
2003 8 31 16.6 20.0 26.1 -1 0 6.2 
2003 9 1 15.5 21.6 30.0 -1 0 4.9 
2003 9 2 15.5 23.3 31.6 -1 0 3.5 
2003 9 3 16.1 24.4 31.6 -1 0 4.0 
2003 9 4 16.6 23.8 31.6 -1 0 3.5 
2003 9 5 17.2 24.4 32.2 -1 0 4.0 
2003 9 6 16.6 25.5 33.3 -1 0 8.0 
2003 9 7 17.2 24.4 32.2 -1 0 5.8 
2003 9 8 16.6 24.4 34.4 -1 0 8.0 
2003 9 9 16.6 26.6 34.4 -1 0 5.8 
2003 9 10 18.8 26.6 35.5 -1 0 9.8 
2003 9 11 17.2 23.3 33.3 -1 0 8.0 
2003 9 12 13.3 21.1 29.4 -1 0 5.3 
2003 9 13 12.2 21.1 29.4 -1 0 12.5 
2003 9 14 12.2 19.4 26.1 -1 0 5.3 
2003 9 15 15.0 21.1 32.2 -1 0 6.7 
2003 9 16 14.4 25.5 37.2 -1 0 8.0 
2003 9 17 15.5 25.5 37.2 -1 0 8.0 
2003 9 18 15.5 22.7 36.1 -1 0 11.6 
2003 9 19 8.8 17.2 26.1 -1 0 6.7 
2003 9 20 9.4 21.1 30.5 -1 0 8.0 
2003 9 21 13.8 21.6 30.5 -1 0 6.7 
2003 9 22 12.2 22.2 31.1 -1 0 5.3 
2003 9 23 12.2 23.8 31.1 -1 0 6.7 
2003 9 24 17.2 23.8 33.3 -1 0 7.1 
2003 9 25 17.2 21.6 32.2 -1 0 8.4 
2003 9 26 11.1 21.1 33.3 -1 0 3.5 
2003 9 27 10.0 21.6 32.7 -1 0 5.8 
2003 9 28 14.4 22.2 28.8 -1 0 6.7 
2003 9 29 15.5 23.8 35.0 -1 0 8.0 
2003 9 30 15.0 24.4 35.0 -1 0 7.1 
2003 10 1 11.6 17.7 32.7 -1 0 8.4 
2003 10 2 10.0 17.7 28.8 -1 0 6.7 
2003 10 3 10.0 20.5 28.8 -1 0 6.7 
2003 10 4 13.8 18.3 23.8 -1 0 6.7 
2003 10 5 12.7 20.0 28.3 -1 0 5.3 
2003 10 6 12.7 20.5 28.3 -1 0 4.0 
2003 10 7 13.8 20.0 27.7 -1 0 8.0 
2003 10 8 13.8 19.4 23.8 -1 3 5.8 
2003 10 9 16.1 19.4 23.8 -1 0 3.5 
2003 10 10 16.1 19.4 24.4 -1 0 5.3 
2003 10 11 12.2 18.3 23.8 -1 0 8.9 
2003 10 12 10.5 14.4 23.8 -1 0 6.7 
2003 10 13 9.4 21.1 32.7 -1 0 7.1 
2003 10 14 6.6 17.2 32.7 -1 0 9.8 
2003 10 15 7.7 16.1 30.0 -1 0 5.8 
2003 10 16 13.8 27.2 32.2 -1 0 5.8 
2003 10 17 8.8 18.8 30.0 -1 0 4.9 
2003 10 18 8.3 17.2 30.5 -1 0 3.5 
2003 10 19 8.3 20.0 31.1 -1 0 3.5 
2003 10 20 10.0 20.0 31.6 -1 0 4.9 
2003 10 21 8.8 20.0 31.6 -1 0 4.0 
2003 10 22 8.8 20.0 31.6 -1 0 3.5 
2003 10 23 8.8 20.5 32.2 -1 0 5.3 
2003 10 24 8.8 19.4 32.2 -1 0 8.0 
2003 10 25 7.7 13.3 23.8 -1 0 9.3 
2003 10 26 1.6 8.3 15.5 -1 0 9.3 
2003 10 27 1.6 11.1 24.4 -1 0 4.9 
2003 10 28 2.2 15.0 24.4 -1 0 8.9 
2003 10 29 5.0 15.5 31.6 -1 0 5.3 
2003 10 30 12.7 22.2 29.4 -1 0 8.4 
2003 10 31 11.1 19.4 28.3 -1 0 7.1 
2003 11 1 11.1 17.7 26.6 -1 0 8.0 
2003 11 2 12.7 21.6 29.4 -1 0 9.8 
2003 11 3 12.7 20.5 27.7 -1 0 13.4 
2003 11 4 10.0 16.6 27.7 -1 0 10.2 
2003 11 5 3.8 11.6 22.7 -1 0 6.7 
2003 11 6 3.8 11.1 22.7 -1 0 6.7 
2003 11 7 5.0 7.2 15.5 -1 0 7.1 
2003 11 8 6.1 7.7 8.8 -1 0 3.5 
2003 11 9 7.2 8.8 11.1 -1 0 4.0 
2003 11 10 6.6 10.5 23.3 -1 0 5.3 
2003 11 11 7.2 16.1 24.4 -1 0 5.3 
2003 11 12 10.0 16.1 24.4 -1 0 6.7 
2003 11 13 3.8 8.8 16.1 -1 0 6.7 
2003 11 14 3.8 5.5 11.1 -1 3 4.0 
2003 11 15 2.2 10.5 18.3 -1 3 3.5 
2003 11 16 2.7 10.5 22.2 -1 0 6.7 
2003 11 17 2.2 12.7 21.6 -1 0 11.1 
2003 11 18 4.4 13.3 21.1 -1 0 15.1 
2003 11 19 3.8 13.3 21.1 -1 0 4.9 
2003 11 20 -0.5 9.4 24.4 -1 0 3.5 
2003 11 21 -0.5 13.3 27.2 -1 0 8.9 
2003 11 22 0.5 16.6 27.2 -1 0 12.9 
2003 11 23 1.1 7.7 21.1 -1 0 9.8 
2003 11 24 -6.1 0.5 11.1 -1 0 6.2 
2003 11 25 0.0 6.6 17.7 -1 0 8.0 
2003 11 26 -0.5 11.6 19.4 -1 0 5.3 
2003 11 27 3.8 8.3 19.4 -1 0 10.2 
2003 11 28 -5.5 2.2 12.2 -1 0 5.3 
2003 11 29 -5.5 4.4 17.2 -1 0 4.9 
2003 11 30 -1.1 10.0 140.5 -1 0 6.2 
2003 12 1 -1.1 11.6 27.2 -1 0 6.2 
2003 12 2 1.1 7.2 17.2 -1 0 5.8 
2003 12 3 1.1 9.4 17.2 -1 0 4.9 
2003 12 4 -3.3 6.1 20.0 -1 0 5.8 
2003 12 5 -3.3 5.0 20.0 -1 0 6.7 
2003 12 6 -3.8 1.6 11.1 -1 0 4.9 
2003 12 7 -1.1 7.2 140.5 -1 0 3.1 
2003 12 8 7.2 14.4 23.3 -1 0 12.5 
2003 12 9 5.5 8.8 23.3 -1 0 12.5 
2003 12 10 -6.6 2.7 11.1 -1 0 6.7 
2003 12 11 -6.6 3.3 16.1 -1 0 4.0 
2003 12 12 -4.4 2.7 16.1 -1 0 6.2 
2003 12 13 -8.3 2.7 17.2 -1 0 8.4 
2003 12 14 -8.3 6.6 21.6 -1 0 5.3 
2003 12 15 6.1 10.5 16.6 -1 0 15.1 
2003 12 16 1.1 6.1 13.8 -1 0 8.9 
2003 12 17 -7.7 2.2 17.2 -1 0 4.0 
2003 12 18 -7.7 5.5 17.2 -1 0 4.9 
2003 12 19 -5.5 3.3 12.2 -1 0 4.9 
2003 12 20 -6.1 3.3 17.2 -1 0 3.5 
2003 12 21 -2.2 7.7 139.4 -1 0 6.7 
2003 12 22 6.1 11.1 18.8 -1 0 11.6 
2003 12 23 -5.5 4.4 14.4 -1 0 5.3 
2003 12 24 -5.5 2.2 14.4 -1 0 3.5 
2003 12 25 -5.0 2.7 13.8 -1 0 2.6 
2003 12 26 -2.7 10.0 22.2 -1 0 12.9 
2003 12 27 -3.8 8.3 21.6 -1 0 9.3 
2003 12 28 -5.5 1.6 12.2 -1 0 8.4 
2003 12 29 -10.5 -0.5 10.5 -1 0 8.0 
2003 12 30 -10.5 1.1 13.3 -1 0 4.0 
2003 12 31 -6.6 4.4 13.3 -1 0 3.5 
