2003 1 1 -1.1 1.6 5.0 30 5 3.5 
2003 1 2 -3.8 0.0 6.6 -1 0 4.9 
2003 1 3 -3.8 3.3 10.0 -1 0 4.9 
2003 1 4 -3.3 1.6 10.0 -1 0 3.5 
2003 1 5 -3.3 1.6 6.6 -1 0 5.8 
2003 1 6 -3.3 2.2 7.2 -1 0 5.8 
2003 1 7 -4.4 0.0 7.2 -1 0 3.1 
2003 1 8 -6.1 -1.1 3.8 -1 0 3.5 
2003 1 9 -8.3 -3.3 5.0 -1 0 3.5 
2003 1 10 -8.3 1.1 4.4 -1 3 2.6 
2003 1 11 -1.1 1.1 4.4 -1 0 3.1 
2003 1 12 -1.1 2.7 8.8 -1 0 6.7 
2003 1 13 -2.2 3.8 10.5 -1 0 4.9 
2003 1 14 -2.2 3.8 11.1 -1 0 3.5 
2003 1 15 -1.1 3.3 11.1 -1 0 5.8 
2003 1 16 -4.4 0.5 8.3 -1 0 3.5 
2003 1 17 -4.4 1.1 8.3 -1 0 3.1 
2003 1 18 -3.8 0.5 7.2 -1 0 3.5 
2003 1 19 -5.0 1.1 9.4 -1 0 4.0 
2003 1 20 -5.0 2.2 9.4 -1 0 3.5 
2003 1 21 -3.8 2.7 13.3 -1 0 4.0 
2003 1 22 -3.3 4.4 13.3 -1 0 3.5 
2003 1 23 -1.1 7.7 13.3 -1 0 5.3 
2003 1 24 1.6 5.0 13.3 -1 0 3.5 
2003 1 25 0.5 4.4 9.4 -1 0 3.1 
2003 1 26 1.1 6.1 13.3 -1 0 5.8 
2003 1 27 0.5 7.2 12.7 -1 3 5.8 
2003 1 28 2.2 6.6 12.2 -1 13 3.5 
2003 1 29 -2.2 3.3 10.5 -1 3 3.5 
2003 1 30 -1.6 6.1 14.4 -1 0 4.9 
2003 1 31 2.2 10.0 17.2 -1 0 8.4 
2003 2 1 3.8 13.8 17.2 -1 0 9.3 
2003 2 2 0.0 5.5 17.2 99 10 9.8 
2003 2 3 -5.5 0.0 7.7 51 3 8.4 
2003 2 4 -5.5 -1.1 2.2 79 0 5.3 
2003 2 5 -8.3 -3.8 0.0 99 3 5.3 
2003 2 6 -10.0 -5.5 -1.1 51 0 3.5 
2003 2 7 -11.6 -7.2 -2.7 51 0 3.1 
2003 2 8 -11.6 -6.6 -1.6 51 0 3.5 
2003 2 9 -11.6 -2.7 1.6 30 0 3.5 
2003 2 10 -6.6 -0.5 7.2 30 0 5.3 
2003 2 11 -4.4 0.5 8.3 30 0 4.0 
2003 2 12 -4.4 1.6 8.3 30 0 3.5 
2003 2 13 -3.8 5.0 8.3 -1 0 4.9 
2003 2 14 2.2 6.6 10.0 -1 0 4.0 
2003 2 15 2.2 6.1 11.1 -1 3 3.5 
2003 2 16 3.8 6.6 11.6 -1 0 9.8 
2003 2 17 -1.6 3.3 12.7 -1 3 4.0 
2003 2 18 -2.7 2.7 8.8 -1 0 3.5 
2003 2 19 -3.3 2.7 10.0 -1 0 6.7 
2003 2 20 -3.3 3.8 10.0 -1 0 4.9 
2003 2 21 -0.5 5.5 10.5 -1 0 4.9 
2003 2 22 1.6 5.5 10.5 -1 0 12.0 
2003 2 23 -1.1 2.7 7.2 -1 0 8.9 
2003 2 24 -5.5 -1.1 6.1 -1 0 5.8 
2003 2 25 -5.5 -1.6 1.6 30 3 3.1 
2003 2 26 -2.7 0.0 3.3 30 0 2.6 
2003 2 27 -3.3 1.6 7.2 -1 0 3.5 
2003 2 28 -3.3 2.2 7.2 -1 0 5.3 
2003 3 2 -3.8 0.5 5.0 -1 3 3.5 
2003 3 3 -3.8 4.4 10.0 -1 0 8.4 
2003 3 4 -1.1 2.7 10.0 -1 5 7.1 
2003 3 5 -2.7 1.1 6.1 30 5 8.4 
2003 3 6 -4.4 6.1 11.6 -1 0 9.8 
2003 3 7 3.8 8.3 13.3 -1 0 6.7 
2003 3 8 -1.1 6.6 14.4 -1 0 3.5 
2003 3 9 -1.1 7.7 17.2 -1 0 8.0 
2003 3 10 1.1 9.4 17.2 -1 0 5.8 
2003 3 11 2.7 10.5 16.6 -1 0 3.1 
2003 3 12 3.8 10.5 17.2 -1 0 4.9 
2003 3 13 7.7 13.3 22.7 -1 0 10.2 
2003 3 14 7.7 16.1 22.7 -1 0 8.9 
2003 3 15 5.5 9.4 17.7 -1 0 11.1 
2003 3 16 3.3 7.7 15.0 -1 10 9.8 
2003 3 17 3.3 6.6 10.5 -1 0 9.3 
2003 3 18 2.7 3.8 7.2 -1 0 9.8 
2003 3 19 0.0 3.8 9.4 -1 0 7.1 
2003 3 20 0.0 6.6 12.7 -1 0 5.3 
2003 3 21 0.5 7.7 12.7 -1 0 5.3 
2003 3 22 1.6 10.0 18.3 -1 0 8.4 
2003 3 23 5.0 13.3 18.3 -1 0 8.4 
2003 3 24 1.6 6.6 15.0 -1 0 5.8 
2003 3 25 1.1 7.7 16.1 -1 0 5.3 
2003 3 26 2.7 11.6 15.5 -1 8 9.3 
2003 3 27 0.0 3.3 7.2 -1 10 8.9 
2003 3 28 -3.3 1.6 8.3 -1 0 5.3 
2003 3 29 -3.3 3.8 10.5 -1 0 5.3 
2003 3 30 -2.2 7.2 15.5 -1 0 4.0 
2003 3 31 0.0 12.7 22.7 -1 0 8.9 
2003 4 1 16.1 18.8 22.2 -1 0 11.6 
2003 4 2 3.8 15.5 21.6 -1 0 18.3 
2003 4 3 0.0 2.2 5.0 30 3 6.7 
2003 4 4 -2.7 1.6 8.8 -1 3 6.7 
2003 4 5 -2.7 3.3 8.8 -1 5 4.9 
2003 4 6 0.5 2.2 7.2 -1 5 3.5 
2003 4 7 -0.5 3.8 9.4 30 5 4.0 
2003 4 8 -1.1 5.5 15.0 -1 0 5.3 
2003 4 9 -1.1 11.6 22.2 -1 0 6.2 
2003 4 10 7.2 15.0 24.4 -1 0 5.8 
2003 4 11 6.6 16.1 24.4 -1 0 8.9 
2003 4 12 8.3 17.2 24.4 -1 0 10.2 
2003 4 13 11.6 18.8 25.0 -1 0 12.9 
2003 4 14 13.3 18.3 25.0 -1 0 11.1 
2003 4 15 3.8 8.3 21.6 -1 3 9.8 
2003 4 16 1.6 7.2 15.5 -1 5 4.0 
2003 4 17 1.6 10.5 16.1 -1 0 6.7 
2003 4 18 2.7 6.6 14.4 -1 13 11.1 
2003 4 19 3.3 7.2 13.3 -1 3 6.7 
2003 4 20 3.3 10.5 20.0 -1 0 6.7 
2003 4 21 3.8 15.0 21.6 -1 0 11.1 
2003 4 22 7.2 10.5 21.6 -1 3 8.0 
2003 4 23 3.3 7.7 12.2 -1 0 8.9 
2003 4 24 3.3 11.1 20.5 -1 0 6.7 
2003 4 25 3.8 16.6 23.3 -1 0 11.1 
2003 4 26 3.3 10.0 23.3 -1 0 9.3 
2003 4 27 1.6 7.2 15.0 -1 0 4.9 
2003 4 28 1.6 12.7 21.1 -1 0 9.3 
2003 4 29 4.4 12.2 21.1 -1 0 7.1 
2003 4 30 3.8 8.8 13.8 -1 0 7.1 
2003 5 1 3.8 8.8 14.4 -1 3 6.7 
2003 5 2 3.8 11.1 20.0 -1 3 6.7 
2003 5 3 4.4 13.8 20.0 -1 3 12.5 
2003 5 4 6.1 8.8 13.8 -1 10 6.7 
2003 5 5 3.8 7.2 13.8 -1 5 6.7 
2003 5 6 1.6 8.8 17.2 -1 5 5.3 
2003 5 7 1.6 11.1 17.2 -1 3 6.2 
2003 5 8 5.5 8.8 16.1 -1 8 7.1 
2003 5 9 5.0 7.2 16.1 -1 3 6.7 
2003 5 10 3.8 6.6 11.1 -1 8 4.0 
2003 5 11 2.7 10.5 19.4 -1 3 4.0 
2003 5 12 7.7 15.0 22.7 -1 0 3.5 
2003 5 13 7.2 16.6 22.7 -1 0 6.2 
2003 5 14 10.5 18.3 26.1 -1 0 6.7 
2003 5 15 10.5 19.4 26.1 -1 0 6.7 
2003 5 16 11.6 18.3 24.4 -1 0 4.9 
2003 5 17 12.2 17.2 23.3 -1 0 5.3 
2003 5 18 7.2 13.3 20.0 -1 0 9.3 
2003 5 19 1.6 8.8 16.1 -1 0 5.8 
2003 5 20 1.6 12.2 21.1 -1 0 3.5 
2003 5 21 3.8 16.6 26.6 -1 0 4.0 
2003 5 22 7.7 20.5 30.0 -1 0 3.5 
2003 5 23 11.6 22.7 33.3 -1 0 3.5 
2003 5 24 12.2 23.8 33.8 -1 0 8.4 
2003 5 25 13.8 22.7 33.8 -1 0 9.3 
2003 5 26 13.8 26.1 32.7 -1 0 7.1 
2003 5 27 15.5 23.8 32.7 -1 0 6.2 
2003 5 28 15.5 26.1 37.2 -1 0 3.5 
2003 5 29 16.6 29.4 37.2 -1 0 6.2 
2003 5 30 21.6 29.4 37.2 -1 0 6.7 
2003 5 31 18.3 25.5 36.1 -1 0 8.0 
2003 6 1 17.2 23.3 30.0 -1 0 5.3 
2003 6 2 13.8 22.7 28.8 -1 0 5.3 
2003 6 3 11.1 20.5 28.8 -1 0 5.8 
2003 6 4 11.1 20.0 27.2 -1 0 5.8 
2003 6 5 10.5 18.3 25.5 -1 0 4.9 
2003 6 6 12.2 20.5 28.3 -1 0 5.3 
2003 6 7 11.1 21.6 28.3 -1 0 5.3 
2003 6 8 12.7 21.1 31.1 -1 0 4.9 
2003 6 9 12.7 26.1 31.1 -1 0 11.6 
2003 6 10 18.8 23.3 30.5 -1 0 11.6 
2003 6 11 15.0 23.3 30.0 -1 0 9.3 
2003 6 12 15.0 23.8 30.0 -1 0 6.7 
2003 6 13 14.4 21.6 28.8 -1 0 8.9 
2003 6 14 14.4 23.3 33.3 -1 0 5.3 
2003 6 15 14.4 27.7 36.6 -1 0 6.7 
2003 6 16 16.6 26.1 36.6 -1 0 6.2 
2003 6 17 16.1 26.6 33.3 -1 0 9.8 
2003 6 18 15.0 26.1 33.8 -1 0 9.8 
2003 6 19 18.3 27.2 33.3 -1 0 9.8 
2003 6 20 18.8 25.5 31.6 -1 0 9.8 
2003 6 21 11.1 17.2 25.0 -1 0 7.1 
2003 6 22 12.7 17.7 21.6 -1 3 6.7 
2003 6 23 8.8 14.4 23.3 -1 3 7.1 
2003 6 24 8.8 11.6 17.7 -1 13 5.8 
2003 6 25 10.5 15.5 22.7 -1 5 4.0 
2003 6 26 10.5 18.3 26.6 -1 0 4.0 
2003 6 27 11.1 21.6 30.5 -1 0 5.3 
2003 6 28 13.3 24.4 32.2 -1 0 5.3 
2003 6 29 17.2 26.1 36.1 -1 0 4.9 
2003 6 30 15.0 30.0 37.7 -1 0 8.0 
2003 7 1 21.6 29.4 37.7 -1 0 11.6 
2003 7 2 17.7 27.7 35.5 -1 0 6.2 
2003 7 3 17.2 26.6 34.4 -1 0 4.0 
2003 7 4 14.4 26.1 33.8 -1 0 4.9 
2003 7 5 14.4 26.1 34.4 -1 0 4.0 
2003 7 6 16.6 26.6 35.0 -1 0 5.3 
2003 7 7 16.6 28.3 35.5 -1 0 5.8 
2003 7 8 17.7 28.3 35.5 -1 0 8.4 
2003 7 9 16.1 25.0 34.4 -1 0 3.5 
2003 7 10 17.2 27.7 39.4 -1 0 5.3 
2003 7 11 15.5 30.5 39.4 -1 0 4.9 
2003 7 12 20.5 30.0 40.5 -1 0 4.0 
2003 7 13 20.5 30.5 40.5 -1 0 5.3 
2003 7 14 18.8 28.3 37.2 -1 0 5.3 
2003 7 15 18.8 31.1 40.5 -1 0 7.1 
2003 7 16 22.7 32.7 40.5 -1 0 7.1 
2003 7 17 26.1 32.7 38.8 -1 0 4.9 
2003 7 18 23.8 31.1 38.8 -1 0 6.7 
2003 7 19 23.8 30.5 37.7 -1 0 5.8 
2003 7 20 25.5 31.1 37.2 -1 0 6.7 
2003 7 21 22.7 31.1 38.3 -1 0 6.2 
2003 7 22 21.1 31.6 40.0 -1 0 6.2 
2003 7 23 23.8 31.6 40.0 -1 0 5.3 
2003 7 24 23.8 31.6 40.0 -1 0 6.7 
2003 7 25 22.7 28.3 38.3 -1 0 6.2 
2003 7 26 19.4 25.5 34.4 -1 8 8.4 
2003 7 27 18.8 26.6 34.4 -1 0 6.7 
2003 7 28 18.3 27.2 35.0 -1 0 6.2 
2003 7 29 18.3 28.8 37.2 -1 0 6.7 
2003 7 30 20.0 30.0 38.3 -1 0 5.8 
2003 7 31 20.0 29.4 38.3 -1 0 7.1 
2003 8 1 21.1 28.3 36.1 -1 0 10.2 
2003 8 2 21.1 28.3 35.5 -1 0 6.7 
2003 8 3 19.4 25.0 33.8 -1 5 8.9 
2003 8 4 17.7 23.3 32.2 -1 0 5.8 
2003 8 5 17.2 27.2 36.6 -1 0 8.0 
2003 8 6 18.3 28.8 36.6 -1 0 6.7 
2003 8 7 22.7 29.4 36.6 -1 0 8.4 
2003 8 8 22.7 28.8 36.6 -1 0 7.1 
2003 8 9 23.3 30.0 36.6 -1 0 8.9 
2003 8 10 23.8 30.0 36.6 -1 0 6.2 
2003 8 11 23.8 30.5 38.8 -1 0 7.1 
2003 8 12 23.8 30.5 38.8 -1 0 6.7 
2003 8 13 24.4 31.1 37.7 -1 0 8.0 
2003 8 14 21.1 29.4 37.7 -1 0 5.8 
2003 8 15 26.1 30.0 36.1 -1 0 8.9 
2003 8 16 21.6 26.1 36.6 -1 0 9.8 
2003 8 17 20.5 25.5 31.1 -1 0 5.3 
2003 8 18 15.5 23.3 30.5 -1 0 4.0 
2003 8 19 15.5 23.8 34.4 -1 0 3.5 
2003 8 20 16.6 27.7 35.0 -1 0 5.3 
2003 8 21 20.5 28.3 35.0 -1 0 5.8 
2003 8 22 18.3 24.4 33.8 -1 3 13.4 
2003 8 23 15.5 22.2 32.7 -1 8 6.2 
2003 8 24 15.5 26.1 33.3 -1 0 5.8 
2003 8 25 18.8 26.6 33.8 -1 0 6.7 
2003 8 26 15.5 26.1 36.1 -1 0 6.7 
2003 8 27 15.5 25.5 36.1 -1 3 6.7 
2003 8 28 16.6 23.8 32.7 -1 0 4.9 
2003 8 29 16.6 24.4 32.7 -1 0 9.8 
2003 8 30 14.4 19.4 27.2 -1 0 5.8 
2003 8 31 13.8 21.6 30.0 -1 0 3.5 
2003 9 1 13.8 22.7 31.6 -1 0 5.3 
2003 9 2 15.0 23.8 31.6 -1 0 9.3 
2003 9 3 13.8 23.3 31.1 -1 0 6.2 
2003 9 4 13.8 24.4 33.3 -1 0 4.0 
2003 9 5 17.2 25.5 33.3 -1 0 4.9 
2003 9 6 20.0 23.3 29.4 -1 0 8.0 
2003 9 7 15.0 22.7 30.5 -1 5 6.2 
2003 9 8 15.0 23.8 30.5 -1 0 8.0 
2003 9 9 12.7 16.6 24.4 -1 3 7.1 
2003 9 10 8.8 12.2 21.6 -1 25 6.2 
2003 9 11 8.8 13.3 20.5 -1 5 3.5 
2003 9 12 12.7 17.7 23.8 -1 0 6.7 
2003 9 13 7.7 14.4 23.8 -1 0 8.9 
2003 9 14 5.5 13.8 23.3 -1 0 4.0 
2003 9 15 5.5 18.3 30.0 -1 0 6.7 
2003 9 16 11.1 23.3 30.0 -1 0 6.7 
2003 9 17 3.8 13.8 25.5 -1 5 11.6 
2003 9 18 3.3 10.0 17.7 -1 0 6.7 
2003 9 19 6.1 12.7 22.2 -1 0 3.5 
2003 9 20 8.8 16.1 23.8 -1 0 3.5 
2003 9 21 8.3 16.6 25.0 -1 0 4.9 
2003 9 22 8.8 18.3 27.2 -1 0 4.0 
2003 9 23 12.2 19.4 29.4 -1 0 4.0 
2003 9 24 10.5 19.4 28.8 -1 0 3.5 
2003 9 25 10.0 17.7 27.7 -1 0 4.0 
2003 9 26 10.0 18.3 27.2 -1 0 3.5 
2003 9 27 10.0 19.4 28.3 -1 0 4.0 
2003 9 28 10.0 20.0 30.0 -1 0 4.0 
2003 9 29 12.2 21.6 31.1 -1 0 4.9 
2003 9 30 10.5 21.1 31.1 -1 0 3.5 
2003 10 1 10.5 22.2 30.0 -1 0 5.3 
2003 10 2 13.8 20.5 28.3 -1 0 11.1 
2003 10 3 13.8 19.4 23.8 -1 0 8.4 
2003 10 4 11.1 16.6 23.8 -1 0 8.4 
2003 10 5 11.1 18.3 25.5 -1 0 4.0 
2003 10 6 11.6 17.7 25.5 -1 0 3.5 
2003 10 7 11.6 18.3 26.6 -1 0 8.9 
2003 10 8 11.6 20.0 27.7 -1 0 7.1 
2003 10 9 11.6 21.6 31.1 -1 0 9.8 
2003 10 10 9.4 17.7 31.1 -1 0 9.3 
2003 10 11 2.7 9.4 23.8 -1 0 4.0 
2003 10 12 6.1 12.7 22.2 -1 0 6.7 
2003 10 13 1.1 10.5 21.6 -1 0 5.3 
2003 10 14 1.1 10.5 21.1 -1 0 4.0 
2003 10 15 3.8 11.6 21.1 -1 0 4.9 
2003 10 16 3.8 12.7 21.6 -1 0 4.0 
2003 10 17 4.4 15.0 25.0 -1 0 3.5 
2003 10 18 7.7 15.5 27.2 -1 0 4.0 
2003 10 19 7.7 18.8 27.2 -1 0 6.7 
2003 10 20 8.8 16.6 26.6 -1 0 4.0 
2003 10 21 7.7 15.5 26.6 -1 0 3.5 
2003 10 22 7.7 15.5 26.1 -1 0 4.9 
2003 10 23 6.1 15.0 26.1 -1 0 6.2 
2003 10 24 2.2 10.5 22.2 -1 0 4.9 
2003 10 25 0.5 7.2 15.5 -1 0 5.3 
2003 10 26 0.0 7.2 14.4 -1 0 3.5 
2003 10 27 0.0 9.4 18.3 -1 0 4.0 
2003 10 28 3.8 13.8 20.5 -1 0 6.7 
2003 10 29 7.7 15.0 22.7 -1 0 8.9 
2003 10 30 -1.1 4.4 10.5 -1 3 8.4 
2003 10 31 -3.3 -1.1 7.7 -1 0 5.8 
2003 11 1 -3.3 0.5 1.6 30 0 2.6 
2003 11 2 -0.5 2.2 6.1 -1 3 3.1 
2003 11 3 0.0 2.2 6.1 30 0 4.0 
2003 11 4 0.0 1.1 3.3 30 10 5.3 
2003 11 5 -1.1 0.5 2.2 -1 3 4.9 
2003 11 6 -2.2 1.1 5.5 -1 0 3.1 
2003 11 7 -2.7 2.2 8.3 -1 0 3.5 
2003 11 8 -3.8 5.5 12.7 -1 0 3.5 
2003 11 9 0.5 7.7 12.7 -1 0 9.3 
2003 11 10 3.8 6.6 12.2 -1 3 6.7 
2003 11 11 2.7 6.1 11.6 -1 0 6.7 
2003 11 12 0.5 6.1 11.6 -1 0 4.0 
2003 11 13 0.5 7.7 11.1 -1 5 6.7 
2003 11 14 2.7 6.1 11.1 -1 3 4.9 
2003 11 15 2.2 6.1 10.0 -1 0 5.3 
2003 11 16 2.2 5.5 10.0 -1 0 4.0 
2003 11 17 0.5 5.5 7.2 -1 3 8.9 
2003 11 18 0.0 5.5 11.1 -1 3 5.3 
2003 11 19 3.8 7.7 16.6 -1 0 6.7 
2003 11 20 3.3 11.6 16.6 -1 0 9.8 
2003 11 21 -1.1 1.6 5.5 -1 3 5.8 
2003 11 22 -5.5 -2.2 3.3 -1 0 9.8 
2003 11 23 -9.4 -6.1 -0.5 -1 0 4.9 
2003 11 24 -9.4 -3.8 0.5 -1 0 4.9 
2003 11 25 -3.8 -1.6 1.1 -1 0 3.5 
2003 11 26 -5.0 -0.5 2.2 79 5 4.0 
2003 11 27 -6.1 -1.6 2.7 30 0 4.9 
2003 11 28 -6.1 -2.2 2.7 30 0 5.3 
2003 11 29 -2.2 0.5 6.6 -1 0 4.0 
2003 11 30 -2.2 4.4 9.4 -1 0 4.0 
2003 12 1 -0.5 3.3 9.4 -1 0 4.0 
2003 12 2 -2.2 2.2 7.2 -1 0 3.1 
2003 12 3 -3.8 2.7 8.8 -1 0 3.5 
2003 12 4 -3.8 1.6 8.8 -1 0 4.0 
2003 12 5 -1.1 3.8 11.1 -1 0 5.8 
2003 12 6 -1.1 8.8 12.7 -1 0 9.8 
2003 12 7 2.2 9.4 12.7 -1 8 9.3 
2003 12 8 0.5 1.6 12.2 30 10 8.4 
2003 12 9 -3.3 0.0 3.3 -1 0 4.0 
2003 12 10 -3.3 1.6 6.1 -1 0 6.7 
2003 12 11 0.0 2.7 6.1 -1 0 4.0 
2003 12 12 -0.5 1.6 5.0 -1 0 3.5 
2003 12 13 -0.5 4.4 8.3 -1 0 8.0 
2003 12 14 1.6 8.8 11.1 -1 0 13.4 
2003 12 15 -2.7 -1.1 2.2 51 3 8.0 
2003 12 16 -6.1 -2.7 1.1 30 0 5.8 
2003 12 17 -7.7 -2.2 2.2 30 0 3.5 
2003 12 18 -6.1 -2.2 2.7 30 0 2.6 
2003 12 19 -5.5 -0.5 4.4 -1 0 2.6 
2003 12 20 -3.8 0.5 7.7 -1 0 4.0 
2003 12 21 -3.3 1.1 7.7 30 3 3.1 
2003 12 22 -1.1 0.5 2.7 79 13 3.1 
2003 12 23 -10.0 -5.0 2.2 51 0 3.1 
2003 12 24 -10.0 0.5 9.4 51 0 6.7 
2003 12 25 -2.7 4.4 9.4 -1 3 8.0 
2003 12 26 0.0 0.5 7.2 150 28 6.7 
2003 12 27 -6.1 -4.4 -1.1 279 0 5.3 
2003 12 28 -10.5 -5.5 -2.7 330 3 6.7 
2003 12 29 -6.1 -2.7 1.6 361 0 12.5 
2003 12 30 -6.6 1.6 2.7 249 0 11.6 
2003 12 31 -2.7 0.5 3.8 201 0 7.1 
