2003 1 1 6.1 12.2 21.1 -1 0 3.1 
2003 1 2 7.7 15.0 23.8 -1 0 3.1 
2003 1 3 8.8 16.6 27.7 -1 0 6.2 
2003 1 4 8.8 17.2 28.3 -1 0 3.5 
2003 1 5 8.8 16.6 25.0 -1 0 3.5 
2003 1 6 9.4 16.6 25.5 -1 0 3.5 
2003 1 7 17.2 21.6 26.1 -1 -1 12.9 
2003 1 8 11.6 16.1 26.6 -1 -1 9.3 
2003 1 9 6.6 12.7 20.0 -1 3 3.5 
2003 1 10 7.2 12.7 18.3 -1 0 3.5 
2003 1 11 5.0 12.2 18.3 -1 0 4.9 
2003 1 12 8.8 12.2 17.7 -1 0 3.5 
2003 1 13 7.2 11.6 19.4 -1 0 3.5 
2003 1 14 5.5 11.1 19.4 -1 0 3.1 
2003 1 15 5.0 12.7 23.8 -1 0 3.5 
2003 1 16 12.2 20.5 28.3 -1 0 6.7 
2003 1 17 9.4 17.7 28.8 -1 0 3.5 
2003 1 18 7.7 15.0 26.6 -1 0 3.5 
2003 1 19 4.4 13.3 23.3 -1 0 3.5 
2003 1 20 11.6 14.4 19.4 -1 -1 3.1 
2003 1 21 7.7 12.7 18.8 -1 0 3.5 
2003 1 22 7.2 12.7 20.0 -1 0 4.0 
2003 1 23 8.8 13.8 21.1 -1 0 3.5 
2003 1 24 7.7 14.4 21.6 -1 0 3.5 
2003 1 25 8.8 17.2 26.1 -1 0 4.9 
2003 1 26 12.7 19.4 30.0 -1 0 6.2 
2003 1 27 11.1 20.5 30.5 -1 0 4.0 
2003 1 28 8.8 15.0 27.7 -1 0 4.0 
2003 1 29 10.0 15.0 27.2 -1 0 6.2 
2003 1 30 7.7 15.0 26.6 -1 0 4.9 
2003 1 31 12.7 20.5 30.5 -1 0 3.5 
2003 2 1 11.1 19.4 31.6 -1 0 4.9 
2003 2 2 9.4 15.0 27.2 -1 0 4.0 
2003 2 3 10.0 15.5 22.7 -1 0 6.7 
2003 2 4 5.0 13.8 21.1 -1 0 4.0 
2003 2 5 3.3 12.2 22.2 -1 0 3.5 
2003 2 6 7.2 12.2 19.4 -1 0 5.3 
2003 2 7 7.2 13.3 18.3 -1 0 6.2 
2003 2 8 7.7 12.7 15.5 -1 3 4.9 
2003 2 9 7.2 10.5 15.0 -1 0 4.0 
2003 2 12 13.8 16.6 18.8 -1 3 7.1 
2003 2 13 13.8 15.5 18.8 -1 25 8.0 
2003 2 14 12.7 15.0 18.8 -1 10 4.0 
2003 2 15 10.5 13.8 17.2 -1 0 5.3 
2003 2 16 10.5 13.8 17.2 -1 0 3.1 
2003 2 17 12.2 14.4 18.3 -1 0 4.9 
2003 2 18 10.0 13.8 18.8 -1 0 4.0 
2003 2 19 6.1 12.7 20.0 -1 0 3.5 
2003 2 20 8.8 13.3 16.6 -1 0 6.2 
2003 2 21 7.2 13.3 21.1 -1 0 4.0 
2003 2 22 6.1 12.2 21.1 -1 0 3.5 
2003 2 23 6.1 12.7 19.4 -1 0 6.2 
2003 2 24 8.3 13.8 16.6 -1 -1 6.7 
2003 2 25 10.0 12.7 13.8 -1 3 6.7 
2003 2 26 8.8 11.6 13.8 -1 18 5.8 
2003 2 27 7.7 10.5 13.8 -1 0 6.7 
2003 2 28 8.8 11.6 13.8 -1 8 5.3 
2003 3 2 8.8 12.2 16.6 -1 -1 4.9 
2003 3 3 6.6 11.1 17.2 -1 0 4.0 
2003 3 4 6.6 11.1 14.4 -1 3 4.0 
2003 3 5 8.8 11.6 16.1 -1 8 5.3 
2003 3 6 6.1 11.6 17.2 -1 0 3.5 
2003 3 7 4.4 11.1 18.3 -1 0 3.5 
2003 3 8 11.1 12.7 17.2 -1 0 3.5 
2003 3 9 7.7 12.7 20.0 -1 0 5.3 
2003 3 10 7.7 13.8 21.6 -1 0 4.0 
2003 3 11 7.2 13.8 22.7 -1 0 3.5 
2003 3 12 7.2 15.0 20.0 -1 0 3.1 
2003 3 13 10.5 14.4 20.0 -1 0 3.5 
2003 3 14 11.1 15.0 19.4 -1 0 4.0 
2003 3 15 11.6 14.4 20.0 -1 -1 5.8 
2003 3 16 11.1 13.3 13.8 -1 36 9.3 
2003 3 17 10.5 12.7 14.4 -1 5 6.2 
2003 3 18 7.7 12.2 15.5 -1 0 5.8 
2003 3 19 6.1 11.6 17.2 -1 0 4.0 
2003 3 20 6.1 11.6 18.3 -1 0 5.3 
2003 3 21 7.7 13.3 18.8 -1 0 4.0 
2003 3 22 8.8 14.4 21.6 -1 0 3.5 
2003 3 23 7.7 13.8 21.6 -1 0 3.5 
2003 3 24 7.7 13.3 18.3 -1 0 4.0 
2003 3 25 12.2 15.0 21.1 -1 0 4.0 
2003 3 26 10.0 16.1 23.8 -1 0 3.5 
2003 3 27 9.4 15.5 25.0 -1 0 3.5 
2003 3 28 12.7 17.7 25.0 -1 0 7.1 
2003 3 29 10.0 17.7 25.5 -1 0 5.3 
2003 3 30 11.1 20.0 30.0 -1 0 8.4 
2003 3 31 10.0 20.5 30.5 -1 0 3.5 
2003 4 1 7.7 16.1 28.8 -1 0 4.0 
2003 4 2 7.7 14.4 23.8 -1 0 4.9 
2003 4 3 8.3 13.3 17.7 -1 0 4.9 
2003 4 4 5.5 11.1 17.2 -1 0 4.9 
2003 4 5 8.8 12.7 16.6 -1 0 6.2 
2003 4 6 5.0 10.5 17.7 -1 0 4.9 
2003 4 7 6.1 13.8 23.8 -1 0 4.0 
2003 4 8 8.8 17.2 27.7 -1 0 4.0 
2003 4 9 8.8 17.7 29.4 -1 0 4.9 
2003 4 10 8.3 15.5 25.5 -1 0 4.0 
2003 4 11 8.3 13.8 21.6 -1 0 4.0 
2003 4 12 12.2 16.1 22.2 -1 0 4.9 
2003 4 13 12.2 16.1 22.2 -1 0 5.3 
2003 4 14 12.7 15.5 20.5 -1 20 9.8 
2003 4 15 8.8 11.6 20.0 -1 18 5.8 
2003 4 16 6.1 12.2 18.8 -1 0 5.3 
2003 4 17 5.5 11.1 20.0 -1 3 5.3 
2003 4 18 7.7 11.6 16.6 -1 0 5.8 
2003 4 19 7.7 12.7 18.8 -1 0 4.9 
2003 4 20 8.8 14.4 21.1 -1 0 4.9 
2003 4 21 7.7 14.4 23.8 -1 0 4.9 
2003 4 22 8.8 12.7 18.3 -1 0 6.2 
2003 4 23 7.7 11.6 16.6 -1 3 4.0 
2003 4 24 7.2 13.3 18.3 -1 0 4.0 
2003 4 25 8.8 13.3 18.8 -1 0 5.8 
2003 4 26 8.8 14.4 19.4 -1 0 4.9 
2003 4 27 10.0 13.8 18.8 -1 0 3.5 
2003 4 28 8.8 13.8 18.8 -1 0 5.3 
2003 4 29 10.0 14.4 19.4 -1 0 5.3 
2003 4 30 7.7 13.3 18.3 -1 0 5.3 
2003 5 1 6.6 13.8 18.8 -1 0 4.0 
2003 5 2 11.1 13.8 18.8 -1 0 3.5 
2003 5 3 11.6 13.8 18.8 -1 0 6.2 
2003 5 4 12.2 15.0 18.3 -1 5 5.3 
2003 5 5 10.0 13.8 18.8 -1 0 4.9 
2003 5 6 10.0 14.4 20.0 -1 0 4.9 
2003 5 7 11.1 13.8 18.3 -1 0 4.9 
2003 5 8 10.5 12.7 18.3 -1 3 5.3 
2003 5 9 10.0 13.3 17.7 -1 0 5.3 
2003 5 10 6.1 13.8 20.0 -1 0 4.0 
2003 5 11 7.7 13.8 20.5 -1 0 4.0 
2003 5 12 7.7 15.5 21.6 -1 0 3.5 
2003 5 13 7.7 16.1 22.7 -1 0 5.8 
2003 5 14 12.2 15.0 21.6 -1 0 4.0 
2003 5 15 10.0 14.4 20.0 -1 0 5.8 
2003 5 16 7.7 15.0 21.6 -1 0 3.5 
2003 5 17 8.3 15.5 22.2 -1 0 3.5 
2003 5 18 12.2 15.5 22.2 -1 0 4.0 
2003 5 19 11.1 15.5 22.2 -1 0 4.0 
2003 5 20 12.7 17.2 22.7 -1 0 4.9 
2003 5 21 11.6 19.4 26.1 -1 0 3.5 
2003 5 22 15.0 18.8 27.2 -1 0 4.9 
2003 5 23 13.3 16.1 23.3 -1 0 4.0 
2003 5 24 13.8 15.5 20.5 -1 0 4.0 
2003 5 25 13.8 15.5 19.4 -1 0 4.9 
2003 5 26 13.8 16.6 21.1 -1 0 4.0 
2003 5 27 13.8 17.2 21.6 -1 0 4.0 
2003 5 28 12.7 17.7 28.8 -1 0 4.0 
2003 5 29 13.8 18.3 23.3 -1 0 3.5 
2003 5 30 13.8 17.7 21.1 -1 0 3.5 
2003 5 31 15.0 16.6 21.1 -1 0 4.0 
2003 6 1 13.8 16.1 21.1 -1 0 4.0 
2003 6 2 13.8 16.1 18.8 -1 0 3.5 
2003 6 3 14.4 16.1 20.0 -1 0 3.5 
2003 6 4 13.8 16.6 21.1 -1 0 3.5 
2003 6 5 14.4 17.2 21.6 -1 0 4.9 
2003 6 6 15.0 16.1 20.5 -1 0 3.5 
2003 6 7 13.8 15.5 16.6 -1 0 3.5 
2003 6 8 13.8 15.5 17.7 -1 0 3.5 
2003 6 9 13.8 16.1 18.8 -1 0 4.9 
2003 6 10 14.4 16.6 20.0 -1 0 4.0 
2003 6 11 13.8 16.6 21.6 -1 0 5.3 
2003 6 12 13.8 17.2 22.2 -1 0 4.9 
2003 6 13 13.8 16.6 21.1 -1 0 5.8 
2003 6 14 15.0 17.7 22.2 -1 0 4.9 
2003 6 15 15.0 17.7 22.7 -1 0 3.5 
2003 6 16 13.8 17.2 22.7 -1 0 3.5 
2003 6 17 13.8 17.2 22.2 -1 0 4.0 
2003 6 18 14.4 16.6 21.1 -1 0 5.3 
2003 6 19 13.8 16.1 18.8 -1 0 4.9 
2003 6 20 12.7 15.0 17.7 -1 0 4.9 
2003 6 21 11.6 15.0 18.8 -1 0 5.3 
2003 6 22 13.8 15.5 17.7 -1 0 3.5 
2003 6 23 13.8 15.5 18.8 -1 0 4.0 
2003 6 24 13.8 16.1 21.1 -1 0 4.0 
2003 6 25 16.1 20.0 23.3 -1 0 4.0 
2003 6 26 17.7 21.6 23.8 -1 0 3.5 
2003 6 27 14.4 18.8 25.0 -1 0 4.0 
2003 6 28 15.0 18.3 23.8 -1 0 3.5 
2003 6 29 15.0 18.3 25.0 -1 0 3.5 
2003 6 30 15.0 19.4 25.0 -1 0 3.5 
2003 7 1 13.3 20.0 25.5 -1 0 4.9 
2003 7 2 13.3 20.0 24.4 -1 0 3.5 
2003 7 3 16.1 22.2 31.1 -1 0 4.9 
2003 7 4 14.4 22.7 31.1 -1 0 4.0 
2003 7 5 16.1 21.6 26.1 -1 0 3.5 
2003 7 6 15.0 20.0 25.5 -1 0 4.9 
2003 7 7 15.0 18.3 25.0 -1 0 5.3 
2003 7 8 15.0 18.3 23.8 -1 0 3.5 
2003 7 9 13.8 17.7 22.7 -1 0 3.5 
2003 7 10 16.1 19.4 23.8 -1 0 4.0 
2003 7 11 17.2 21.1 32.2 -1 0 4.0 
2003 7 12 15.0 20.0 32.2 -1 0 3.5 
2003 7 13 16.1 21.1 26.1 -1 0 3.5 
2003 7 14 15.5 20.5 26.1 -1 0 4.0 
2003 7 15 16.1 20.5 25.5 -1 0 3.5 
2003 7 16 17.2 20.5 29.4 -1 0 3.5 
2003 7 17 16.6 21.1 31.1 -1 0 5.3 
2003 7 18 17.2 20.0 24.4 -1 0 3.5 
2003 7 19 17.7 20.5 25.5 -1 0 3.5 
2003 7 20 17.7 21.6 27.7 -1 0 4.0 
2003 7 21 16.6 21.1 28.3 -1 0 3.5 
2003 7 22 16.6 20.0 26.6 -1 0 3.5 
2003 7 23 17.2 18.8 24.4 -1 0 3.5 
2003 7 24 16.1 19.4 25.0 -1 0 3.5 
2003 7 25 16.1 19.4 23.8 -1 0 4.9 
2003 7 26 17.2 20.5 25.0 -1 0 4.0 
2003 7 27 16.6 20.0 25.0 -1 0 4.9 
2003 7 28 16.6 19.4 25.0 -1 -1 4.0 
2003 7 29 17.7 20.0 25.5 -1 0 4.9 
2003 7 30 17.2 20.5 27.2 -1 -1 4.9 
2003 7 31 17.2 20.5 27.7 -1 0 4.0 
2003 8 1 17.7 20.5 25.5 -1 0 4.0 
2003 8 2 17.7 21.1 26.1 -1 0 4.9 
2003 8 3 16.6 20.0 25.5 -1 0 5.3 
2003 8 4 17.2 20.0 26.1 -1 0 4.9 
2003 8 5 16.1 20.5 26.1 -1 0 5.3 
2003 8 6 13.8 20.0 26.1 -1 0 3.5 
2003 8 7 16.1 20.5 26.1 -1 0 4.0 
2003 8 8 16.1 21.6 28.3 -1 0 4.9 
2003 8 9 17.7 22.2 28.8 -1 0 3.5 
2003 8 10 18.8 25.0 31.6 -1 0 4.0 
2003 8 11 17.7 25.0 32.2 -1 0 3.5 
2003 8 12 18.8 23.8 31.1 -1 0 3.5 
2003 8 13 17.2 23.3 29.4 -1 0 4.9 
2003 8 14 17.2 22.7 30.0 -1 0 4.0 
2003 8 15 20.0 25.0 31.1 -1 0 3.5 
2003 8 16 18.3 23.3 31.1 -1 0 4.0 
2003 8 17 18.3 23.8 29.4 -1 0 3.5 
2003 8 18 18.8 21.6 28.8 -1 0 4.0 
2003 8 19 16.1 20.0 26.1 -1 0 4.0 
2003 8 20 16.6 20.0 26.1 -1 0 3.5 
2003 8 21 17.2 21.1 26.1 -1 0 5.3 
2003 8 22 17.7 20.5 23.8 -1 0 4.9 
2003 8 23 17.7 20.5 23.8 -1 0 5.3 
2003 8 24 17.7 21.1 25.5 -1 0 4.9 
2003 8 25 17.2 21.6 27.2 -1 0 4.0 
2003 8 26 17.7 21.1 26.6 -1 0 4.0 
2003 8 27 17.7 20.5 26.6 -1 0 4.9 
2003 8 28 18.3 21.6 27.2 -1 0 4.0 
2003 8 29 17.2 20.5 27.7 -1 0 4.0 
2003 8 30 17.2 20.0 24.4 -1 0 3.5 
2003 8 31 17.2 20.0 24.4 -1 0 3.5 
2003 9 1 17.2 20.0 25.5 -1 0 3.5 
2003 9 2 17.2 20.5 26.1 -1 0 4.9 
2003 9 3 17.7 20.5 25.5 -1 0 4.9 
2003 9 4 17.7 21.6 26.6 -1 0 4.9 
2003 9 5 18.8 23.8 31.6 -1 0 3.5 
2003 9 6 18.3 24.4 32.7 -1 0 4.0 
2003 9 7 17.2 23.8 29.4 -1 0 4.9 
2003 9 8 17.2 21.6 30.0 -1 0 4.0 
2003 9 9 15.5 19.4 25.5 -1 0 5.3 
2003 9 10 15.0 19.4 26.1 -1 0 4.0 
2003 9 11 13.8 19.4 25.5 -1 0 3.5 
2003 9 12 13.8 20.0 25.0 -1 0 3.5 
2003 9 13 13.8 19.4 25.0 -1 0 3.5 
2003 9 14 13.8 20.0 25.5 -1 0 3.5 
2003 9 15 17.7 20.0 25.0 -1 0 4.0 
2003 9 16 16.6 18.8 24.4 -1 0 4.0 
2003 9 17 16.1 18.8 23.8 -1 0 3.5 
2003 9 18 12.7 17.7 23.8 -1 0 4.0 
2003 9 19 11.6 18.8 25.5 -1 0 4.0 
2003 9 20 14.4 20.5 26.1 -1 0 3.5 
2003 9 21 13.8 19.4 26.1 -1 0 3.5 
2003 9 22 13.8 20.0 25.0 -1 0 3.5 
2003 9 23 16.1 18.8 25.5 -1 0 3.5 
2003 9 24 16.1 17.7 22.2 -1 0 4.0 
2003 9 25 17.7 18.8 22.7 -1 0 4.9 
2003 9 26 16.6 18.3 23.3 -1 0 4.0 
2003 9 27 17.2 18.8 23.3 -1 0 3.5 
2003 9 28 15.5 17.7 22.7 -1 0 4.0 
2003 9 29 15.5 18.3 22.7 -1 0 3.5 
2003 9 30 16.1 18.3 22.2 -1 0 3.5 
2003 10 1 17.2 19.4 23.3 -1 0 4.9 
2003 10 2 15.0 17.7 23.3 -1 0 4.0 
2003 10 3 15.5 17.2 21.1 -1 0 4.0 
2003 10 4 15.0 17.2 21.1 -1 0 3.5 
2003 10 5 12.7 17.7 21.6 -1 0 4.0 
2003 10 6 16.1 17.7 21.6 -1 0 3.5 
2003 10 7 15.0 17.7 22.2 -1 0 3.5 
2003 10 8 13.8 17.7 22.7 -1 0 4.0 
2003 10 9 14.4 18.3 23.3 -1 0 3.5 
2003 10 10 16.1 18.3 23.8 -1 0 4.9 
2003 10 11 17.2 18.3 22.2 -1 0 3.5 
2003 10 12 13.8 18.8 23.8 -1 0 4.0 
2003 10 13 12.7 19.4 26.6 -1 0 3.5 
2003 10 14 14.4 20.5 26.6 -1 0 3.5 
2003 10 15 14.4 18.8 24.4 -1 0 4.0 
2003 10 16 13.8 17.7 23.8 -1 0 3.5 
2003 10 17 12.7 19.4 27.7 -1 0 3.5 
2003 10 18 13.3 20.0 30.5 -1 0 4.9 
2003 10 19 17.2 21.1 27.2 -1 0 2.6 
2003 10 20 16.1 22.2 31.1 -1 0 3.5 
2003 10 21 17.2 23.8 34.4 -1 0 3.5 
2003 10 22 15.5 21.1 34.4 -1 0 3.5 
2003 10 23 13.3 20.5 31.1 -1 0 3.1 
2003 10 24 13.8 20.5 27.7 -1 0 3.5 
2003 10 25 12.2 17.7 24.4 -1 0 3.5 
2003 10 26 17.2 24.4 33.3 -1 0 6.7 
2003 10 27 13.8 22.2 28.8 -1 0 3.5 
2003 10 28 15.0 21.6 30.0 -1 0 3.5 
2003 10 29 10.0 17.7 30.0 -1 0 4.9 
2003 10 30 10.0 17.7 26.1 -1 -1 7.1 
2003 10 31 13.3 15.5 21.6 -1 0 4.9 
2003 11 1 8.8 13.3 18.8 -1 3 4.0 
2003 11 2 9.4 14.4 18.3 -1 3 4.9 
2003 11 3 7.7 13.3 18.3 -1 0 4.9 
2003 11 4 7.7 13.3 17.7 -1 0 3.5 
2003 11 5 7.2 11.6 18.3 -1 0 4.9 
2003 11 6 7.7 13.3 18.8 -1 0 3.5 
2003 11 7 8.8 14.4 21.1 -1 0 3.5 
2003 11 8 7.2 15.0 24.4 -1 0 4.0 
2003 11 9 7.2 15.0 25.5 -1 0 3.5 
2003 11 10 15.0 17.2 21.1 -1 0 4.0 
2003 11 11 13.3 16.1 21.1 -1 -1 4.0 
2003 11 12 13.3 15.5 20.0 -1 3 4.9 
2003 11 13 11.1 14.4 18.8 -1 10 3.5 
2003 11 14 8.8 13.8 19.4 -1 0 5.3 
2003 11 15 8.8 13.3 18.8 -1 0 5.3 
2003 11 16 8.3 13.8 18.8 -1 0 5.8 
2003 11 17 8.8 12.7 17.7 -1 0 3.5 
2003 11 18 7.7 14.4 25.5 -1 0 4.9 
2003 11 19 12.2 18.8 27.2 -1 0 3.5 
2003 11 20 8.3 14.4 27.2 -1 0 3.1 
2003 11 21 8.3 14.4 19.4 -1 0 3.5 
2003 11 22 8.8 13.3 17.7 -1 0 4.9 
2003 11 23 8.8 13.8 21.1 -1 0 5.8 
2003 11 24 4.4 12.2 21.1 -1 0 6.2 
2003 11 25 4.4 13.3 18.8 -1 0 3.5 
2003 11 26 7.2 12.2 17.2 -1 0 3.5 
2003 11 27 7.7 13.8 22.7 -1 0 9.3 
2003 11 28 13.8 18.3 26.6 -1 0 8.4 
2003 11 29 8.3 16.1 26.6 -1 0 3.5 
2003 11 30 5.5 13.3 24.4 -1 0 4.0 
2003 12 1 5.5 13.8 23.8 -1 0 3.5 
2003 12 2 5.0 12.2 20.5 -1 0 4.0 
2003 12 3 3.8 11.1 17.7 -1 0 3.1 
2003 12 4 4.4 12.2 18.3 -1 0 3.1 
2003 12 5 7.2 12.2 20.0 -1 0 3.1 
2003 12 6 4.4 12.7 20.5 -1 0 4.0 
2003 12 7 10.5 13.3 20.5 -1 0 4.0 
2003 12 8 12.2 14.4 17.2 -1 0 4.0 
2003 12 9 7.2 13.8 22.2 -1 0 6.7 
2003 12 10 7.2 12.2 22.7 -1 0 3.5 
2003 12 11 7.7 12.2 17.2 -1 0 6.7 
2003 12 12 6.1 11.1 16.1 -1 0 6.7 
2003 12 13 3.8 10.5 16.6 -1 0 3.5 
2003 12 14 3.8 10.0 17.7 -1 0 3.5 
2003 12 15 6.1 11.6 18.3 -1 0 4.0 
2003 12 16 7.7 13.8 21.6 -1 0 6.7 
2003 12 17 8.8 15.5 23.8 -1 0 6.7 
2003 12 18 5.0 15.0 24.4 -1 0 3.5 
2003 12 19 6.6 13.8 25.0 -1 0 3.5 
2003 12 20 6.6 13.8 24.4 -1 0 3.5 
2003 12 21 7.7 13.8 21.6 -1 0 3.5 
2003 12 22 6.1 13.8 23.8 -1 0 6.7 
2003 12 23 13.8 17.2 21.1 -1 -1 6.7 
2003 12 24 7.7 12.7 20.0 -1 0 4.0 
2003 12 25 7.7 13.8 18.8 -1 0 5.8 
2003 12 26 8.8 11.6 12.7 -1 8 9.3 
2003 12 27 3.8 9.4 13.8 -1 0 4.9 
2003 12 28 2.2 8.8 16.1 -1 0 3.5 
2003 12 29 0.5 8.3 16.6 -1 0 3.1 
2003 12 30 7.2 10.5 16.1 -1 0 3.1 
2003 12 31 5.0 11.1 18.8 -1 0 4.0 
