2003 1 1 13.8 16.6 21.1 -1 8 6.7 
2003 1 2 8.3 12.2 18.8 -1 0 3.5 
2003 1 3 6.6 10.5 16.1 -1 0 6.7 
2003 1 4 -1.1 4.4 10.0 -1 0 5.8 
2003 1 5 -2.2 4.4 16.1 -1 0 3.1 
2003 1 6 -2.2 8.8 16.6 -1 0 7.1 
2003 1 7 -2.2 5.0 10.5 -1 0 6.7 
2003 1 8 -1.6 8.8 18.3 -1 0 6.2 
2003 1 9 2.2 14.4 22.7 -1 0 5.8 
2003 1 10 8.3 17.2 22.7 -1 0 5.3 
2003 1 11 1.1 7.7 20.5 -1 0 4.0 
2003 1 12 1.1 4.4 12.7 -1 0 6.7 
2003 1 13 2.7 5.0 8.8 -1 0 3.1 
2003 1 14 -2.2 5.5 15.5 -1 0 2.6 
2003 1 15 -2.2 6.6 15.5 -1 0 4.0 
2003 1 16 -2.7 4.4 13.3 -1 0 5.3 
2003 1 17 -2.7 7.2 13.3 -1 0 8.0 
2003 1 18 -5.5 0.0 11.1 -1 0 3.1 
2003 1 19 -5.5 1.6 10.0 -1 0 6.7 
2003 1 20 -3.3 7.7 18.3 -1 0 6.7 
2003 1 21 10.0 14.4 21.1 -1 0 6.7 
2003 1 22 6.1 10.5 17.7 -1 18 5.3 
2003 1 23 -1.1 3.3 6.1 -1 0 8.9 
2003 1 24 -8.3 -2.7 2.7 -1 0 6.2 
2003 1 25 -8.3 -1.1 8.8 -1 0 2.6 
2003 1 26 -7.2 5.5 13.3 -1 0 4.9 
2003 1 27 0.5 5.5 13.3 -1 0 4.9 
2003 1 28 -3.8 4.4 13.3 -1 0 3.1 
2003 1 29 0.0 9.4 22.2 -1 0 4.0 
2003 1 30 10.0 15.0 22.2 -1 0 3.5 
2003 1 31 6.1 10.0 17.7 -1 0 4.9 
2003 2 1 6.1 10.5 16.1 -1 0 5.8 
2003 2 2 1.1 10.0 22.2 -1 0 3.5 
2003 2 3 0.5 12.2 22.2 -1 0 3.5 
2003 2 4 13.8 16.1 21.1 -1 0 4.9 
2003 2 5 1.6 9.4 21.6 -1 3 4.0 
2003 2 6 1.6 8.8 16.6 -1 0 4.9 
2003 2 7 5.0 7.7 12.7 -1 13 4.9 
2003 2 8 3.8 7.2 11.1 -1 0 3.5 
2003 2 9 0.5 6.1 13.3 -1 0 3.1 
2003 2 10 7.2 11.6 18.3 -1 3 6.2 
2003 2 11 -1.1 7.7 17.7 -1 5 3.5 
2003 2 12 -1.1 9.4 19.4 -1 0 5.8 
2003 2 13 0.0 10.0 19.4 -1 0 4.0 
2003 2 14 0.0 8.3 19.4 -1 0 5.3 
2003 2 15 11.1 16.6 26.1 -1 0 5.8 
2003 2 16 10.5 15.0 26.1 -1 10 4.9 
2003 2 17 2.7 5.5 16.6 -1 23 5.3 
2003 2 18 6.1 7.7 13.8 -1 0 3.5 
2003 2 19 0.0 7.7 18.3 -1 0 3.5 
2003 2 20 0.0 12.7 20.5 -1 0 4.0 
2003 2 21 6.6 14.4 20.5 -1 3 3.1 
2003 2 22 15.0 17.7 22.2 -1 3 8.4 
2003 2 23 7.7 15.0 20.0 -1 18 6.7 
2003 2 24 1.6 10.5 22.2 -1 0 3.5 
2003 2 25 1.6 14.4 23.3 -1 0 3.5 
2003 2 26 7.7 13.3 23.3 -1 0 4.9 
2003 2 27 6.1 9.4 11.6 -1 15 5.8 
2003 2 28 5.0 7.2 14.4 -1 0 4.9 
2003 3 1 7.7 11.6 15.5 -1 8 3.5 
2003 3 2 12.7 15.5 18.8 -1 23 5.3 
2003 3 3 7.2 12.2 18.8 -1 0 3.5 
2003 3 4 7.2 11.6 15.5 -1 10 4.9 
2003 3 5 9.4 17.2 23.3 -1 3 3.5 
2003 3 6 12.7 20.0 26.1 -1 23 8.4 
2003 3 7 11.1 15.0 17.2 -1 58 5.3 
2003 3 8 6.1 11.1 16.1 -1 18 5.3 
2003 3 9 12.7 15.0 18.8 -1 0 3.5 
2003 3 10 10.0 16.1 23.8 -1 0 5.8 
2003 3 11 8.8 16.6 25.5 -1 0 3.5 
2003 3 12 8.8 17.7 26.6 -1 0 6.2 
2003 3 13 10.0 17.2 26.6 -1 8 3.5 
2003 3 14 12.2 17.2 20.0 -1 0 6.7 
2003 3 15 8.8 11.1 12.2 -1 0 5.8 
2003 3 16 9.4 12.7 18.3 -1 0 3.5 
2003 3 17 10.5 14.4 18.3 -1 13 3.5 
2003 3 18 15.5 17.2 21.1 -1 0 3.5 
2003 3 19 14.4 17.7 22.2 -1 8 5.3 
2003 3 20 14.4 20.0 24.4 -1 23 8.0 
2003 3 21 17.7 21.6 27.7 -1 20 4.9 
2003 3 22 11.1 18.8 26.1 -1 0 4.9 
2003 3 23 11.1 16.6 26.6 -1 0 3.1 
2003 3 24 10.0 17.7 25.0 -1 0 4.9 
2003 3 25 8.3 16.1 25.5 -1 0 5.3 
2003 3 26 8.3 18.3 27.2 -1 0 5.3 
2003 3 27 12.2 19.4 27.2 -1 3 8.9 
2003 3 28 16.1 19.4 25.0 -1 3 5.3 
2003 3 29 15.5 22.2 28.8 -1 0 3.5 
2003 3 30 7.7 14.4 22.7 -1 0 8.0 
2003 3 31 2.2 7.7 13.3 -1 8 6.7 
2003 4 1 0.5 9.4 21.1 -1 0 5.3 
2003 4 2 8.8 16.1 23.8 -1 0 4.0 
2003 4 3 9.4 18.3 28.3 -1 0 3.5 
2003 4 4 9.4 20.5 28.3 -1 0 5.3 
2003 4 5 13.3 23.3 31.1 -1 0 5.3 
2003 4 6 17.7 22.2 31.1 -1 0 6.2 
2003 4 7 17.7 23.3 28.3 -1 3 6.7 
2003 4 8 12.7 17.7 22.2 -1 74 4.9 
2003 4 9 11.6 13.3 21.6 -1 23 4.9 
2003 4 10 7.7 9.4 16.1 -1 28 6.2 
2003 4 11 6.1 9.4 16.1 -1 5 6.7 
2003 4 12 6.1 15.0 25.0 -1 0 2.6 
2003 4 13 6.6 17.7 28.3 -1 0 4.0 
2003 4 14 8.8 18.8 28.3 -1 0 5.3 
2003 4 15 11.1 19.4 26.1 -1 0 4.0 
2003 4 16 11.1 18.3 26.1 -1 0 4.0 
2003 4 17 12.7 19.4 26.6 -1 0 5.8 
2003 4 18 12.2 21.6 26.6 -1 3 5.8 
2003 4 19 18.8 20.5 26.1 -1 0 4.9 
2003 4 20 15.5 19.4 23.8 -1 0 3.5 
2003 4 21 13.8 20.0 25.0 -1 0 3.5 
2003 4 22 13.8 22.2 26.6 -1 0 4.9 
2003 4 23 10.0 16.6 26.6 -1 0 5.3 
2003 4 24 7.7 15.5 22.7 -1 0 4.0 
2003 4 25 8.3 18.3 23.3 -1 20 5.8 
2003 4 26 15.0 20.0 27.2 -1 0 4.9 
2003 4 27 12.2 20.0 27.2 -1 0 4.9 
2003 4 28 12.2 20.0 26.6 -1 0 4.9 
2003 4 29 13.8 21.1 26.6 -1 0 3.5 
2003 4 30 14.4 22.2 28.3 -1 0 5.8 
2003 5 1 14.4 22.2 28.3 -1 8 5.8 
2003 5 2 15.5 22.2 31.1 -1 3 3.5 
2003 5 3 15.5 21.1 31.1 -1 10 11.1 
2003 5 4 15.5 22.2 29.4 -1 0 3.5 
2003 5 5 15.5 23.8 29.4 -1 0 6.7 
2003 5 6 21.1 25.5 31.6 -1 0 3.5 
2003 5 7 20.0 25.5 31.6 -1 0 3.5 
2003 5 8 22.2 26.1 31.1 -1 0 3.5 
2003 5 9 21.1 27.2 33.3 -1 0 3.5 
2003 5 10 20.0 27.7 33.8 -1 0 4.0 
2003 5 11 20.0 26.1 33.3 -1 0 7.1 
2003 5 12 18.8 23.3 28.8 -1 3 7.1 
2003 5 13 13.8 21.1 27.7 -1 0 3.5 
2003 5 14 13.8 20.5 25.0 -1 0 3.5 
2003 5 15 14.4 22.2 26.1 -1 0 5.3 
2003 5 16 18.8 23.3 31.1 -1 0 4.0 
2003 5 17 18.8 23.3 31.1 -1 15 6.2 
2003 5 18 19.4 24.4 30.0 -1 5 5.8 
2003 5 19 18.8 21.1 23.8 -1 25 9.3 
2003 5 20 16.6 20.0 25.5 -1 0 5.8 
2003 5 21 16.6 22.7 27.7 -1 0 4.0 
2003 5 22 18.3 22.7 27.7 -1 0 9.8 
2003 5 23 18.8 22.2 26.6 -1 18 4.9 
2003 5 24 17.2 21.6 27.2 -1 0 4.0 
2003 5 25 17.2 23.8 29.4 -1 0 4.9 
2003 5 26 18.8 23.8 30.0 -1 15 5.3 
2003 5 27 19.4 24.4 30.0 -1 8 3.5 
2003 5 28 15.5 22.7 28.3 -1 0 3.1 
2003 5 29 15.5 22.2 30.0 -1 0 4.9 
2003 5 30 13.8 21.6 30.0 -1 0 4.9 
2003 5 31 13.8 22.7 32.2 -1 0 6.2 
2003 6 1 14.4 25.5 32.2 -1 0 4.0 
2003 6 2 15.5 22.7 28.8 -1 0 5.3 
2003 6 3 15.5 24.4 30.0 -1 23 6.2 
2003 6 4 21.1 22.7 27.2 -1 38 3.5 
2003 6 5 21.1 25.0 30.0 -1 0 3.5 
2003 6 6 21.1 24.4 31.1 -1 10 4.9 
2003 6 7 21.1 25.0 30.5 -1 10 6.7 
2003 6 8 22.7 24.4 29.4 -1 5 8.0 
2003 6 9 22.7 26.6 32.2 -1 8 4.0 
2003 6 10 22.2 27.2 33.3 -1 0 3.5 
2003 6 11 21.6 27.2 32.7 -1 0 4.9 
2003 6 12 22.7 27.2 32.7 -1 0 4.0 
2003 6 13 21.6 26.1 32.7 -1 3 5.8 
2003 6 14 21.1 25.0 31.1 -1 5 5.8 
2003 6 15 21.1 26.1 33.3 -1 0 4.9 
2003 6 16 21.6 27.7 33.3 -1 0 5.3 
2003 6 17 22.7 24.4 33.3 -1 10 4.9 
2003 6 18 22.7 25.0 30.5 -1 3 3.5 
2003 6 19 22.7 25.5 31.6 -1 8 3.1 
2003 6 20 22.7 26.1 31.6 -1 0 3.5 
2003 6 21 22.7 25.0 31.1 -1 0 4.9 
2003 6 22 17.7 23.3 28.8 -1 0 3.5 
2003 6 23 18.3 24.4 31.1 -1 0 2.6 
2003 6 24 17.7 24.4 32.2 -1 0 3.5 
2003 6 25 17.2 25.5 32.2 -1 0 3.5 
2003 6 26 18.3 25.0 32.7 -1 0 3.5 
2003 6 27 18.3 26.6 33.3 -1 0 5.3 
2003 6 28 20.5 26.1 33.3 -1 3 4.9 
2003 6 29 17.7 25.5 32.2 -1 3 4.0 
2003 6 30 21.1 25.0 33.3 -1 3 4.0 
2003 7 1 21.1 25.0 32.7 -1 28 5.3 
2003 7 2 22.2 28.3 33.8 -1 3 6.7 
2003 7 3 21.6 27.2 33.8 -1 0 3.5 
2003 7 4 21.6 26.6 36.1 -1 0 3.5 
2003 7 5 22.2 26.1 32.2 -1 0 4.0 
2003 7 6 22.2 27.7 33.3 -1 5 4.9 
2003 7 7 23.8 28.3 34.4 -1 15 4.9 
2003 7 8 22.7 27.7 33.8 -1 15 3.1 
2003 7 9 23.3 30.0 35.5 -1 0 4.0 
2003 7 10 25.0 29.4 35.5 -1 0 3.5 
2003 7 11 23.8 29.4 34.4 -1 0 4.9 
2003 7 12 23.8 28.3 35.0 -1 0 3.5 
2003 7 13 22.7 26.1 33.3 -1 0 3.5 
2003 7 14 22.7 24.4 29.4 -1 5 4.9 
2003 7 15 22.7 25.0 30.0 -1 13 2.6 
2003 7 16 21.6 26.6 33.8 -1 3 6.7 
2003 7 17 22.2 26.6 34.4 -1 8 6.2 
2003 7 18 22.2 26.6 33.8 -1 10 4.0 
2003 7 19 22.7 27.7 33.3 -1 3 6.7 
2003 7 20 21.6 25.5 32.2 -1 25 9.8 
2003 7 21 21.6 27.7 33.8 -1 3 5.8 
2003 7 22 22.7 25.5 31.6 -1 5 5.8 
2003 7 23 22.7 24.4 32.7 -1 33 5.8 
2003 7 24 21.6 23.3 30.5 -1 43 5.8 
2003 7 25 21.1 24.4 31.1 -1 33 7.1 
2003 7 26 21.1 25.5 31.1 -1 3 5.8 
2003 7 27 22.7 26.1 32.2 -1 0 3.5 
2003 7 28 23.8 26.6 32.7 -1 0 4.9 
2003 7 29 22.7 27.2 33.3 -1 0 3.5 
2003 7 30 22.2 27.2 33.3 -1 0 5.3 
2003 7 31 22.2 26.6 33.3 -1 0 6.7 
2003 8 1 22.7 25.5 32.2 -1 3 3.5 
2003 8 2 22.7 26.1 31.1 -1 3 4.0 
2003 8 3 22.2 26.6 31.1 -1 0 4.9 
2003 8 4 22.2 26.6 32.7 -1 0 6.2 
2003 8 5 21.6 25.5 32.7 -1 3 3.5 
2003 8 6 21.6 26.6 32.2 -1 18 4.0 
2003 8 7 22.7 25.5 30.5 -1 18 4.0 
2003 8 8 22.7 25.0 30.0 -1 0 4.9 
2003 8 9 22.7 26.1 32.2 -1 0 4.9 
2003 8 10 22.7 26.6 32.2 -1 0 4.9 
2003 8 11 21.1 25.0 31.1 -1 10 6.2 
2003 8 12 21.1 25.5 31.6 -1 13 2.6 
2003 8 13 21.6 27.2 32.2 -1 0 5.8 
2003 8 14 22.2 27.7 32.2 -1 3 6.2 
2003 8 15 24.4 27.2 31.6 -1 18 5.3 
2003 8 16 22.7 27.2 31.6 -1 5 11.6 
2003 8 17 21.6 26.1 32.7 -1 3 11.6 
2003 8 18 21.6 27.7 33.3 -1 0 4.0 
2003 8 19 22.7 27.2 33.3 -1 0 3.5 
2003 8 20 22.7 27.2 33.3 -1 0 3.1 
2003 8 21 22.7 26.6 31.6 -1 0 4.0 
2003 8 22 23.3 26.6 31.6 -1 3 3.5 
2003 8 23 22.7 27.2 32.7 -1 0 6.2 
2003 8 24 22.7 27.7 34.4 -1 0 4.9 
2003 8 25 23.8 27.7 34.4 -1 0 4.0 
2003 8 26 22.7 27.7 33.8 -1 0 4.0 
2003 8 27 22.7 28.3 34.4 -1 0 4.9 
2003 8 28 22.7 27.7 33.8 -1 0 5.3 
2003 8 29 22.7 27.7 34.4 -1 0 3.5 
2003 8 30 22.7 28.3 33.8 -1 0 4.9 
2003 8 31 22.7 28.3 33.3 -1 0 5.3 
2003 9 1 23.3 27.7 33.3 -1 0 6.2 
2003 9 2 23.8 27.2 32.7 -1 3 4.9 
2003 9 3 22.7 26.6 30.5 -1 3 4.9 
2003 9 4 22.7 27.2 33.3 -1 0 5.8 
2003 9 5 22.7 26.6 33.3 -1 56 6.7 
2003 9 6 20.5 23.3 31.6 -1 69 6.7 
2003 9 7 18.8 20.5 21.6 -1 3 6.2 
2003 9 8 19.4 21.6 24.4 -1 8 5.8 
2003 9 9 20.5 23.3 28.8 -1 0 3.5 
2003 9 10 19.4 22.7 28.8 -1 0 4.0 
2003 9 11 17.7 21.6 27.7 -1 0 5.8 
2003 9 12 18.3 22.7 29.4 -1 0 4.0 
2003 9 13 18.3 23.3 30.0 -1 0 3.5 
2003 9 14 18.3 24.4 31.1 -1 0 3.5 
2003 9 15 19.4 25.0 31.6 -1 0 2.6 
2003 9 16 20.5 24.4 31.6 -1 0 5.8 
2003 9 17 17.7 23.8 28.8 -1 0 6.7 
2003 9 18 17.7 23.3 30.5 -1 0 4.9 
2003 9 19 17.2 24.4 32.2 -1 0 3.5 
2003 9 20 16.6 23.8 31.6 -1 0 4.9 
2003 9 21 16.6 25.5 31.6 -1 0 6.2 
2003 9 22 21.1 26.1 31.6 -1 0 6.2 
2003 9 23 21.1 25.5 31.6 -1 5 3.5 
2003 9 24 18.8 24.4 28.8 -1 3 4.9 
2003 9 25 17.7 22.7 29.4 -1 0 3.5 
2003 9 26 17.7 24.4 29.4 -1 0 4.0 
2003 9 27 21.1 25.0 30.0 -1 0 3.5 
2003 9 28 21.6 25.0 30.0 -1 0 5.3 
2003 9 29 12.7 18.8 22.7 -1 0 4.9 
2003 9 30 10.0 16.6 24.4 -1 0 6.2 
2003 10 1 10.0 18.8 27.2 -1 0 3.5 
2003 10 2 11.1 18.3 27.2 -1 0 4.9 
2003 10 3 12.2 18.3 24.4 -1 0 4.0 
2003 10 4 12.2 20.0 28.8 -1 0 4.9 
2003 10 5 15.5 21.1 28.8 -1 0 3.5 
2003 10 6 14.4 21.1 28.8 -1 0 3.5 
2003 10 7 15.5 21.6 28.3 -1 0 3.5 
2003 10 8 18.8 21.6 26.6 -1 3 3.5 
2003 10 9 18.3 21.6 27.2 -1 0 4.0 
2003 10 10 17.7 21.6 27.7 -1 0 4.0 
2003 10 11 17.7 20.5 27.7 -1 0 3.5 
2003 10 12 18.8 21.6 26.1 -1 0 5.3 
2003 10 13 17.7 22.2 27.7 -1 0 3.5 
2003 10 14 17.7 23.8 28.3 -1 3 4.9 
2003 10 15 10.5 18.8 28.3 -1 0 6.7 
2003 10 16 7.7 15.5 25.0 -1 0 3.5 
2003 10 17 8.3 19.4 27.2 -1 0 3.1 
2003 10 18 12.7 18.8 27.2 -1 13 5.3 
2003 10 19 11.1 17.7 25.0 -1 0 3.5 
2003 10 20 10.5 17.7 26.6 -1 0 3.1 
2003 10 21 12.7 19.4 27.7 -1 0 5.8 
2003 10 22 18.8 23.3 30.5 -1 0 6.2 
2003 10 23 10.0 17.7 30.0 -1 0 3.5 
2003 10 24 10.0 18.3 27.7 -1 0 4.9 
2003 10 25 11.6 18.8 30.0 -1 0 3.5 
2003 10 26 12.2 23.3 28.3 -1 3 3.5 
2003 10 27 18.8 21.6 28.3 -1 3 4.0 
2003 10 28 18.8 19.4 26.1 -1 5 3.5 
2003 10 29 13.8 18.3 23.8 -1 53 5.8 
2003 10 30 10.5 17.2 26.1 -1 0 5.3 
2003 10 31 10.5 20.0 27.2 -1 0 5.3 
2003 11 1 12.7 19.4 27.7 -1 0 3.5 
2003 11 2 12.2 18.8 29.4 -1 0 4.9 
2003 11 3 12.2 20.5 28.8 -1 0 5.3 
2003 11 4 17.7 24.4 29.4 -1 3 4.9 
2003 11 5 21.1 25.0 29.4 -1 5 6.2 
2003 11 6 21.1 25.0 29.4 -1 8 4.0 
2003 11 7 20.0 23.8 29.4 -1 0 4.0 
2003 11 8 18.8 22.2 28.8 -1 0 5.8 
2003 11 9 11.6 14.4 23.3 -1 8 6.7 
2003 11 10 8.8 13.8 21.1 -1 0 6.7 
2003 11 11 8.8 15.0 25.0 -1 0 3.5 
2003 11 12 9.4 18.8 27.7 -1 0 3.5 
2003 11 13 11.6 18.8 27.7 -1 0 9.8 
2003 11 14 1.1 10.0 22.7 -1 0 5.8 
2003 11 15 1.1 11.6 22.2 -1 0 3.5 
2003 11 16 4.4 15.5 26.1 -1 0 3.5 
2003 11 17 8.8 18.3 27.2 -1 0 2.6 
2003 11 18 11.1 21.1 27.7 -1 0 8.0 
2003 11 19 16.6 21.6 27.7 -1 10 8.4 
2003 11 20 7.7 15.0 23.8 -1 0 4.9 
2003 11 21 5.5 13.3 23.3 -1 0 1.7 
2003 11 22 5.5 13.3 24.4 -1 0 1.7 
2003 11 23 5.5 14.4 24.4 -1 0 4.0 
2003 11 24 7.7 17.2 25.5 -1 3 5.3 
2003 11 25 2.7 10.5 18.3 -1 3 8.0 
2003 11 26 3.3 13.8 21.1 -1 0 2.6 
2003 11 27 10.0 17.7 26.1 -1 0 3.5 
2003 11 28 10.5 18.3 26.1 -1 0 10.2 
2003 11 29 2.7 6.6 10.5 -1 10 9.3 
2003 11 30 -2.2 5.0 16.1 -1 0 3.5 
2003 12 1 -2.2 9.4 20.0 -1 0 4.9 
2003 12 2 2.7 10.0 20.0 -1 0 5.8 
2003 12 3 0.5 7.2 16.1 -1 0 6.7 
2003 12 4 7.2 11.1 14.4 -1 10 6.7 
2003 12 5 7.2 9.4 13.3 -1 3 4.0 
2003 12 6 2.2 7.7 13.3 -1 0 5.3 
2003 12 7 -1.1 5.0 13.3 -1 0 3.5 
2003 12 8 -1.1 5.5 16.6 -1 0 2.6 
2003 12 9 -1.1 8.3 18.8 -1 0 3.5 
2003 12 10 1.1 14.4 20.0 -1 0 6.7 
2003 12 11 3.8 8.3 20.0 -1 8 6.7 
2003 12 12 0.0 6.1 15.5 -1 0 2.2 
2003 12 13 0.0 10.0 15.5 -1 3 4.0 
2003 12 14 5.5 10.0 15.5 -1 15 6.7 
2003 12 15 1.1 7.2 15.5 -1 5 5.8 
2003 12 16 2.2 8.3 19.4 -1 0 2.6 
2003 12 17 1.6 11.1 18.8 -1 0 8.9 
2003 12 18 1.6 7.7 17.2 -1 0 6.7 
2003 12 19 1.6 8.8 16.1 -1 0 8.0 
2003 12 20 0.0 4.4 12.2 -1 0 6.7 
2003 12 21 -3.8 2.2 12.2 -1 0 2.6 
2003 12 22 -4.4 5.0 18.3 -1 0 2.2 
2003 12 23 -2.2 11.1 21.6 -1 0 4.9 
2003 12 24 13.8 15.5 18.8 -1 0 4.0 
2003 12 25 -0.5 6.1 19.4 -1 0 4.0 
2003 12 26 -2.2 5.5 16.1 -1 0 2.2 
2003 12 27 -2.2 6.1 17.7 -1 0 2.6 
2003 12 28 -1.6 7.2 20.0 -1 0 3.5 
2003 12 29 -1.1 11.1 20.0 -1 0 3.1 
2003 12 30 12.2 15.5 19.4 -1 0 4.0 
2003 12 31 1.6 9.4 19.4 -1 0 3.1 
