2003 1 1 3.8 7.7 16.1 -1 0 2.2 
2003 1 2 3.8 6.6 8.8 -1 0 0.8 
2003 1 3 0.0 3.3 6.1 -1 0 3.5 
2003 1 4 0.0 3.3 7.7 -1 0 3.1 
2003 1 5 1.1 2.2 3.3 -1 5 2.6 
2003 1 6 2.7 7.7 12.7 -1 0 1.7 
2003 1 7 3.8 11.1 16.6 -1 0 0.8 
2003 1 8 2.7 11.6 18.8 -1 0 -1.0 
2003 1 9 537.2 678.8 678.8 -1 0 0.8 
2003 1 10 -23.3 -16.6 -4.4 -1 0 0.8 
2003 1 11 -8.8 -6.6 -3.8 -1 0 0.8 
2003 1 12 -7.2 -5.0 -3.3 -1 0 2.2 
2003 1 14 -2.7 -1.1 1.1 -1 3 2.2 
2003 1 15 -7.7 -2.2 6.1 -1 5 5.3 
2003 1 16 -18.8 -12.2 -1.1 -1 0 1.7 
2003 1 17 -20.5 -13.3 -6.6 -1 0 0.8 
2003 1 18 -22.7 -16.1 -6.1 -1 0 1.7 
2003 1 19 -17.7 -10.5 0.0 -1 0 2.2 
2003 1 20 -11.1 -5.0 1.6 -1 0 4.9 
2003 1 21 -7.2 -3.8 2.7 -1 0 3.5 
2003 1 22 -3.8 -2.2 3.3 -1 0 3.5 
2003 1 23 -3.8 -2.2 1.1 -1 5 4.0 
2003 1 24 -15.5 -8.8 0.5 -1 0 3.5 
2003 1 25 -6.1 -3.3 0.0 -1 0 3.5 
2003 1 26 -2.7 -1.6 1.1 -1 0 4.9 
2003 1 27 -2.7 0.0 1.1 -1 3 3.5 
2003 1 28 -15.0 -6.1 1.1 -1 5 3.5 
2003 1 29 -15.0 -6.1 -2.7 -1 0 3.1 
2003 1 30 -3.8 -1.1 3.3 -1 3 4.9 
2003 1 31 -6.1 -0.5 1.6 -1 3 5.8 
2003 2 1 1.1 2.7 3.3 -1 0 4.0 
2003 2 2 -6.1 -3.8 6.1 -1 3 3.1 
2003 2 3 -20.5 -11.6 121.1 -1 0 4.0 
2003 2 4 -20.5 -11.6 -7.2 -1 0 3.1 
2003 2 5 -22.2 -15.5 -8.3 -1 0 2.6 
2003 2 6 -28.3 -18.8 -7.7 -1 0 2.6 
2003 2 7 -28.8 -21.6 -10.0 -1 0 2.6 
2003 2 8 -17.2 -13.8 -10.0 -1 0 0.8 
2003 2 9 -1.0 -13.8 123.3 -1 0 3.5 
2003 2 10 -11.1 -3.8 7.7 -1 0 4.9 
2003 2 11 -11.1 -6.6 3.8 -1 0 3.1 
2003 2 12 -21.6 -13.3 -0.5 -1 0 1.7 
2003 2 13 -22.2 -11.6 0.0 -1 0 1.7 
2003 2 14 -3.8 -2.2 0.0 -1 0 1.7 
2003 2 15 -5.0 -3.3 1.6 -1 3 2.6 
2003 2 16 -16.1 -7.2 1.6 -1 0 2.2 
2003 2 17 -12.2 -0.5 7.7 -1 5 5.3 
2003 2 18 -17.7 -7.7 6.1 -1 0 3.5 
2003 2 19 -20.5 -11.6 -3.3 -1 0 3.1 
2003 2 20 -1.0 -11.6 123.3 -1 0 3.5 
2003 2 21 -10.0 -4.4 6.1 -1 0 4.9 
2003 2 22 -7.2 -5.0 5.5 -1 5 3.5 
2003 2 23 -1.0 -11.6 123.3 -1 0 3.5 
2003 2 24 -37.2 -25.0 104.4 -1 0 3.1 
2003 2 25 -34.4 -25.5 -9.4 -1 0 1.7 
2003 2 26 -26.6 -1.0 -2.7 -1 0 1.7 
2003 2 27 -16.1 -11.6 -5.0 -1 0 2.2 
2003 2 28 -16.1 -9.4 5.0 -1 0 3.5 
2003 3 2 -25.0 -16.6 -5.0 -1 0 2.6 
2003 3 3 -7.7 -5.5 6.1 -1 0 5.3 
2003 3 4 -15.0 -10.0 126.6 -1 0 4.9 
2003 3 5 -23.8 -13.8 -5.0 -1 0 5.3 
2003 3 6 -6.1 5.0 6.6 -1 0 5.3 
2003 3 7 -7.2 2.2 5.5 -1 0 6.2 
2003 3 8 -5.0 2.2 3.8 -1 3 4.0 
2003 3 9 -3.8 -1.6 2.2 -1 0 4.0 
2003 3 10 -2.2 0.0 1.6 -1 0 5.8 
2003 3 11 -2.7 0.0 3.3 -1 0 4.9 
2003 3 12 -1.1 1.1 3.8 -1 0 4.9 
2003 3 13 -6.1 1.6 10.0 -1 0 4.9 
2003 3 14 -6.1 0.5 10.0 -1 0 4.0 
2003 3 15 -7.7 -1.1 7.2 -1 0 3.1 
2003 3 16 -8.8 0.5 7.7 -1 0 5.3 
2003 3 17 -6.1 -2.2 2.7 -1 0 3.5 
2003 3 18 -3.8 -2.2 2.2 -1 0 4.0 
2003 3 19 -7.7 -2.7 3.3 -1 0 3.1 
2003 3 20 -12.7 -5.5 4.4 -1 0 2.2 
2003 3 21 -7.2 -3.3 0.5 -1 0 3.5 
2003 3 22 -2.2 0.0 3.8 -1 0 3.5 
2003 3 23 -5.0 0.0 2.7 -1 5 5.8 
2003 3 24 -17.2 -9.4 2.7 -1 3 3.5 
2003 3 25 -13.8 -6.1 3.3 -1 0 3.5 
2003 3 26 -2.7 -1.1 2.2 -1 3 4.0 
2003 3 27 -7.7 -1.1 8.3 -1 10 5.8 
2003 3 28 -19.4 -10.0 -2.2 -1 0 2.6 
2003 3 29 -1.0 -10.0 1.6 -1 0 5.8 
2003 3 30 -7.2 -0.5 6.6 -1 0 5.8 
2003 3 31 -2.7 3.3 9.4 -1 0 5.8 
2003 4 1 -3.8 4.4 9.4 -1 0 6.2 
2003 4 2 -2.7 0.5 7.2 -1 5 3.5 
2003 4 3 -7.7 -2.2 7.2 -1 3 4.0 
2003 4 4 -12.2 -7.7 5.5 -1 3 3.5 
2003 4 5 -21.6 -12.7 -1.6 -1 0 2.2 
2003 4 6 -12.7 -6.6 3.3 -1 0 3.5 
2003 4 7 -16.1 -8.3 1.1 -1 0 3.5 
2003 4 8 -15.0 -5.5 7.7 -1 0 3.5 
2003 4 9 -11.1 -1.1 11.1 -1 0 3.5 
2003 4 10 -10.5 0.5 10.5 -1 0 4.9 
2003 4 11 -6.1 2.2 11.6 -1 0 2.6 
2003 4 12 -6.6 2.7 12.7 -1 0 4.0 
2003 4 13 -5.5 3.8 12.2 -1 0 4.9 
2003 4 14 -3.3 3.3 11.1 -1 0 5.8 
2003 4 15 -2.2 1.6 8.3 -1 13 3.1 
2003 4 16 -7.7 -1.6 2.2 -1 0 3.5 
2003 4 17 -6.1 -1.6 3.8 -1 0 3.1 
2003 4 18 -6.1 -0.5 6.1 -1 3 3.1 
2003 4 19 -11.1 -2.2 3.8 -1 3 3.1 
2003 4 20 -7.7 -1.1 6.1 -1 0 2.2 
2003 4 21 -7.2 1.1 10.0 -1 0 2.2 
2003 4 22 -7.2 2.7 10.0 -1 0 1.7 
2003 4 23 -2.7 1.1 8.8 -1 5 2.2 
2003 4 24 1.1 2.2 7.2 -1 0 1.7 
2003 4 25 -2.7 2.2 9.4 -1 0 2.6 
2003 4 26 -3.3 0.5 9.4 -1 5 4.9 
2003 4 27 -11.1 -5.5 1.6 -1 15 3.5 
2003 4 28 -11.1 -1.6 2.2 -1 3 2.2 
2003 4 29 -6.1 -0.5 3.8 -1 8 4.9 
2003 4 30 -6.6 0.0 6.1 -1 3 3.1 
2003 5 1 -2.7 -0.5 5.0 -1 10 3.1 
2003 5 2 -7.7 -1.1 6.1 -1 0 3.5 
2003 5 3 -8.3 0.5 5.5 -1 3 4.0 
2003 5 4 0.0 1.6 5.0 -1 10 3.1 
2003 5 5 -2.7 0.0 3.3 -1 5 3.5 
2003 5 6 -6.1 -2.2 1.6 -1 3 3.5 
2003 5 7 -2.7 0.5 5.0 -1 0 3.1 
2003 5 8 -2.7 0.5 5.5 -1 0 3.1 
2003 5 9 -6.1 -0.5 3.8 -1 0 5.8 
2003 5 10 -2.7 0.5 3.3 -1 0 4.9 
2003 5 11 -6.1 -0.5 6.1 -1 0 3.1 
2003 5 12 -6.1 1.1 5.5 -1 3 3.1 
2003 5 13 -2.7 2.2 8.3 -1 8 4.0 
2003 5 14 -5.0 2.7 12.7 -1 0 4.0 
2003 5 15 -5.5 5.0 13.8 -1 0 2.6 
2003 5 16 -2.7 5.5 13.3 -1 0 5.3 
2003 5 17 -3.3 3.3 10.0 -1 0 5.8 
2003 5 18 -4.4 0.5 10.5 -1 0 5.3 
2003 5 19 -9.4 -4.4 2.2 -1 0 2.6 
2003 5 20 -7.7 0.0 9.4 -1 0 2.6 
2003 5 21 -2.7 4.4 12.2 -1 0 4.9 
2003 5 22 -2.2 7.7 15.5 -1 0 5.3 
2003 5 23 -1.1 8.3 18.8 -1 0 3.5 
2003 5 24 -1.1 8.3 20.0 -1 0 3.1 
2003 5 25 -1.1 10.5 20.5 -1 0 3.5 
2003 5 26 0.0 9.4 20.5 -1 0 3.5 
2003 5 27 0.0 10.0 20.0 -1 0 3.5 
2003 5 28 0.0 11.1 23.8 -1 0 3.5 
2003 5 29 0.0 13.8 25.5 -1 0 4.9 
2003 5 30 2.2 10.0 18.3 -1 3 2.2 
2003 5 31 2.2 10.0 20.5 -1 5 3.1 
2003 6 1 2.2 8.8 16.1 -1 3 6.7 
2003 6 2 -1.6 8.3 14.4 -1 0 6.2 
2003 6 3 -2.7 6.1 14.4 -1 0 5.3 
2003 6 4 -2.7 5.5 14.4 -1 0 3.5 
2003 6 5 -2.7 4.4 12.2 -1 0 4.0 
2003 6 6 -2.7 3.8 11.1 -1 0 3.5 
2003 6 7 -5.0 3.3 13.8 -1 0 3.5 
2003 6 8 -2.7 7.7 18.3 -1 0 5.8 
2003 6 9 -2.7 10.0 18.8 -1 0 3.5 
2003 6 10 1.1 10.0 18.3 -1 3 5.8 
2003 6 11 0.5 11.6 18.3 -1 0 7.1 
2003 6 12 -2.2 8.3 18.8 -1 0 4.0 
2003 6 13 -2.7 8.3 19.4 -1 0 4.9 
2003 6 14 -1.1 7.7 17.7 -1 5 3.5 
2003 6 15 -0.5 9.4 19.4 -1 3 3.5 
2003 6 16 2.7 10.5 20.5 -1 10 3.5 
2003 6 17 2.7 11.6 21.6 -1 0 3.5 
2003 6 18 2.7 11.1 21.6 -1 8 2.2 
2003 6 19 3.3 13.3 22.2 -1 0 3.5 
2003 6 20 3.8 12.7 22.7 -1 0 3.5 
2003 6 21 2.7 6.6 10.5 -1 3 5.3 
2003 6 22 -2.7 2.7 11.1 -1 0 5.8 
2003 6 23 -2.7 2.2 8.3 -1 3 3.1 
2003 6 24 -2.7 5.0 8.8 -1 0 3.1 
2003 6 25 -2.7 4.4 10.0 -1 0 3.1 
2003 6 26 -2.2 6.1 16.6 -1 0 3.5 
2003 6 27 0.0 10.0 17.7 -1 0 5.3 
2003 6 28 -0.5 11.6 19.4 -1 0 3.5 
2003 6 29 2.2 11.1 20.0 -1 0 2.6 
2003 6 30 3.8 13.8 25.0 -1 0 5.3 
2003 7 1 2.2 14.4 25.0 -1 0 3.5 
2003 7 2 2.2 13.8 25.0 -1 0 4.9 
2003 7 3 1.1 12.7 22.2 -1 0 4.9 
2003 7 4 1.1 12.7 22.2 -1 0 5.3 
2003 7 5 1.1 12.2 21.1 -1 0 4.0 
2003 7 6 1.1 13.3 21.6 -1 0 3.5 
2003 7 7 2.2 12.7 23.3 -1 0 3.5 
2003 7 8 1.6 12.7 23.3 -1 0 4.9 
2003 7 9 1.1 11.6 22.2 -1 0 4.9 
2003 7 10 2.2 12.7 27.2 -1 0 4.0 
2003 7 11 5.0 16.1 27.2 -1 0 4.9 
2003 7 12 5.0 16.6 27.7 -1 0 3.5 
2003 7 13 3.8 16.1 27.7 -1 0 5.3 
2003 7 14 2.7 15.0 22.7 -1 0 3.5 
2003 7 15 2.7 15.0 26.6 -1 0 3.1 
2003 7 16 3.3 17.2 28.3 -1 0 3.1 
2003 7 17 5.0 16.6 29.4 -1 0 2.2 
2003 7 18 5.0 17.2 25.5 -1 0 3.1 
2003 7 19 7.2 16.1 26.1 -1 8 1.7 
2003 7 20 7.7 17.2 28.8 -1 0 3.5 
2003 7 21 7.7 18.3 28.8 -1 0 3.1 
2003 7 22 5.0 14.4 27.2 -1 0 2.2 
2003 7 23 7.2 9.4 12.2 -1 0 0.8 
2003 8 7 3.8 16.1 26.1 -1 0 3.5 
2003 8 8 3.3 15.5 26.6 -1 0 5.3 
2003 8 9 3.3 15.5 24.4 -1 0 2.6 
2003 8 10 5.0 13.3 24.4 -1 3 2.2 
2003 8 11 7.7 16.1 26.6 -1 3 3.5 
2003 8 12 7.2 17.7 28.3 -1 0 3.1 
2003 8 13 5.5 16.6 28.8 -1 0 3.5 
2003 8 14 7.2 17.7 29.4 -1 0 2.2 
2003 8 15 6.6 17.2 28.8 -1 0 3.5 
2003 8 16 5.5 16.1 27.2 -1 0 3.5 
2003 8 17 2.7 11.1 25.0 -1 0 4.0 
2003 8 18 0.0 9.4 21.1 -1 3 2.6 
2003 8 19 2.7 12.7 23.8 -1 0 3.5 
2003 8 20 5.0 15.5 26.1 -1 0 4.9 
2003 8 21 5.0 16.1 26.6 -1 0 3.5 
2003 8 22 6.1 15.5 25.5 -1 3 5.3 
2003 8 23 4.4 13.8 21.6 -1 3 4.0 
2003 8 24 3.8 13.8 23.8 -1 0 3.5 
2003 8 25 3.3 13.8 24.4 -1 0 3.5 
2003 8 26 1.6 13.8 24.4 -1 0 2.2 
2003 8 27 1.6 13.8 25.5 -1 0 4.0 
2003 8 28 3.8 11.6 21.1 -1 0 3.5 
2003 8 29 3.8 10.0 20.5 -1 0 2.6 
2003 8 30 3.8 9.4 13.8 -1 5 2.2 
2003 8 31 2.7 8.3 17.7 -1 0 2.6 
2003 9 1 2.2 11.6 23.3 -1 0 2.6 
2003 9 2 1.6 12.2 22.7 -1 0 3.5 
2003 9 3 2.2 11.1 22.2 -1 0 3.1 
2003 9 4 2.2 12.2 22.2 -1 0 2.2 
2003 9 5 2.7 10.5 20.5 -1 0 2.2 
2003 9 6 3.3 10.5 16.6 -1 5 2.2 
2003 9 7 3.8 10.5 17.7 -1 5 3.5 
2003 9 8 2.7 7.7 17.7 -1 3 3.1 
2003 9 9 -3.8 3.8 12.2 -1 3 3.1 
2003 9 10 -3.8 5.5 12.2 -1 3 3.5 
2003 9 11 0.0 3.8 7.7 -1 5 3.5 
2003 9 12 0.0 6.6 8.8 -1 3 5.8 
2003 9 13 -3.8 1.1 8.3 -1 0 3.5 
2003 9 14 -6.1 2.7 12.7 -1 0 3.5 
2003 9 15 -2.7 5.5 16.1 -1 0 3.5 
2003 9 16 -3.3 7.2 16.1 -1 0 4.0 
2003 9 17 -3.3 1.6 10.5 -1 3 4.9 
2003 9 18 -7.2 -0.5 7.7 -1 0 3.5 
2003 9 19 -6.1 1.6 11.6 -1 0 3.5 
2003 9 20 -5.5 3.8 12.2 -1 0 3.5 
2003 9 21 -3.8 4.4 13.8 -1 0 5.3 
2003 9 22 -2.7 6.1 17.2 -1 0 3.5 
2003 9 23 -3.8 7.7 17.7 -1 0 5.3 
2003 9 24 -3.3 6.1 18.3 -1 0 3.5 
2003 9 25 -1.1 7.7 18.8 -1 0 5.8 
2003 9 26 -2.2 8.3 18.8 -1 0 6.2 
2003 9 27 -2.2 8.3 20.0 -1 0 3.5 
2003 9 28 -2.7 7.7 19.4 -1 0 3.1 
2003 9 29 -2.7 8.3 19.4 -1 0 3.5 
2003 9 30 -5.0 5.5 16.1 -1 0 2.2 
2003 10 1 -5.0 5.0 17.2 -1 0 3.1 
2003 10 2 -2.2 7.2 18.8 -1 0 2.2 
2003 10 3 -4.4 6.1 19.4 -1 0 2.2 
2003 10 4 -4.4 4.4 17.7 -1 0 2.2 
2003 10 5 -2.7 5.5 18.3 -1 0 2.2 
2003 10 6 -3.3 5.0 17.7 -1 0 3.1 
2003 10 7 -2.2 5.0 15.5 -1 0 4.9 
2003 10 8 -2.2 7.2 16.6 -1 0 5.3 
2003 10 9 -1.1 7.2 16.6 -1 0 5.8 
2003 10 10 -1.1 3.8 17.2 -1 10 4.9 
2003 10 11 -8.8 -3.3 3.8 -1 5 3.5 
2003 10 12 1.1 4.4 7.2 -1 0 5.8 
2003 10 13 -2.7 0.5 4.4 -1 0 4.9 
2003 10 14 -6.1 -0.5 6.1 -1 0 3.5 
2003 10 15 -6.1 0.5 6.1 -1 0 4.0 
2003 10 16 -3.8 2.2 7.2 -1 3 4.9 
2003 10 17 -2.2 3.8 15.0 -1 0 3.1 
2003 10 18 -2.7 5.5 17.2 -1 0 2.2 
2003 10 19 -3.3 4.4 17.7 -1 0 4.9 
2003 10 20 -2.2 5.0 16.6 -1 0 3.5 
2003 10 21 -2.7 6.1 17.2 -1 0 2.2 
2003 10 22 -3.8 3.8 18.3 -1 0 1.7 
2003 10 23 -4.4 3.8 18.8 -1 0 5.8 
2003 10 24 -7.7 -0.5 8.3 -1 0 5.3 
2003 10 25 -11.1 -3.8 5.0 -1 0 3.5 
2003 10 26 -6.1 0.0 11.1 -1 0 4.0 
2003 10 27 -5.5 1.1 10.5 -1 0 3.5 
2003 10 28 -4.4 2.7 8.8 -1 0 5.3 
2003 10 29 5.0 6.1 7.2 -1 8 8.0 
2003 10 31 -13.8 -5.5 127.7 -1 0 4.0 
2003 11 1 -17.7 -12.7 -5.0 -1 0 3.1 
2003 11 2 -17.7 -11.1 -2.7 -1 0 2.2 
2003 11 3 -13.8 -7.7 5.0 -1 0 3.5 
2003 11 4 -12.2 -8.3 129.4 -1 0 3.5 
2003 11 5 -23.3 -16.1 -8.3 -1 5 3.1 
2003 11 6 -22.2 -15.0 -3.3 -1 0 3.1 
2003 11 7 -17.7 -11.1 -1.6 -1 0 2.2 
2003 11 8 -17.2 -9.4 0.5 -1 0 2.6 
2003 11 9 -17.7 -5.5 1.1 -1 0 1.7 
2003 11 10 -3.8 -0.5 2.2 -1 0 4.0 
2003 11 11 -3.8 0.5 3.8 -1 5 7.1 
2003 11 12 -15.0 -6.6 3.8 -1 15 5.3 
2003 11 13 -17.7 -10.5 0.0 -1 0 1.7 
2003 11 14 -2.7 -2.2 -0.5 -1 0 2.2 
2003 11 15 -6.1 -4.4 -2.2 -1 3 1.7 
2003 11 16 -7.2 -3.3 1.6 -1 0 3.1 
2003 11 17 -7.2 -1.1 3.8 -1 3 5.8 
2003 11 18 -7.7 -2.7 6.1 -1 3 5.3 
2003 11 19 -2.7 0.5 5.0 -1 5 3.5 
2003 11 20 -6.1 1.1 6.6 -1 3 5.8 
2003 11 21 -11.1 -10.0 -8.3 -1 0 3.5 
2003 11 22 -18.8 -15.0 -6.6 -1 10 3.1 
2003 11 23 -26.6 -1.0 -11.6 -1 0 2.6 
2003 11 24 -12.7 -11.1 -8.8 -1 0 5.8 
2003 11 25 -19.4 -9.4 122.2 -1 3 5.3 
2003 11 26 -16.1 -11.1 -7.2 -1 0 3.5 
2003 11 27 -18.8 -12.7 -6.6 -1 0 4.0 
2003 11 28 -17.2 -10.5 2.7 -1 0 3.5 
2003 11 29 -12.7 -6.1 1.1 -1 0 3.5 
2003 11 30 -2.2 -0.5 1.6 -1 0 2.6 
2003 12 1 -3.8 -1.1 3.8 -1 0 1.7 
2003 12 2 -12.7 -7.2 5.0 -1 0 2.2 
2003 12 3 -2.2 -1.6 0.5 -1 0 3.5 
2003 12 4 -13.8 -5.0 3.8 -1 0 3.1 
2003 12 5 -15.0 -10.0 0.0 -1 3 1.7 
2003 12 6 -2.7 -1.1 1.1 -1 3 2.6 
2003 12 7 -2.7 -1.1 0.0 -1 5 2.2 
2003 12 8 -9.4 -6.1 0.0 -1 3 2.6 
2003 12 9 -19.4 -11.6 -5.0 -1 15 1.7 
2003 12 10 -13.8 -10.5 -6.1 -1 0 2.2 
2003 12 11 -14.4 -9.4 -5.5 -1 0 2.2 
2003 12 12 -13.3 -9.4 -6.1 -1 0 3.1 
2003 12 13 -7.2 -5.5 -3.3 -1 0 3.1 
2003 12 14 -2.7 -0.5 2.2 -1 0 4.0 
2003 12 15 -16.1 -7.7 125.5 -1 0 4.0 
2003 12 16 -15.0 -11.1 -7.7 -1 0 2.6 
2003 12 17 -11.1 -8.3 -3.3 -1 0 4.0 
2003 12 18 -1.0 -11.6 -2.7 -1 13 2.2 
2003 12 19 -17.7 -12.2 -1.6 -1 0 1.7 
2003 12 20 -16.1 -10.5 0.0 -1 0 2.6 
2003 12 21 -3.8 -2.2 -1.6 -1 0 2.6 
2003 12 22 -17.7 -10.0 -3.8 -1 0 1.7 
2003 12 23 -22.2 -15.0 -2.7 -1 0 1.7 
2003 12 24 -17.7 -12.7 -1.6 -1 0 1.7 
2003 12 25 -6.1 -5.0 -2.2 -1 0 2.2 
2003 12 26 -8.8 -5.0 7.2 -1 3 3.5 
2003 12 27 -12.2 -6.1 129.4 -1 0 4.0 
2003 12 28 -18.8 -14.4 -9.4 -1 0 3.1 
2003 12 29 -16.1 -11.6 -8.8 -1 0 3.5 
2003 12 30 -12.2 -8.8 -6.1 -1 0 4.9 
2003 12 31 -11.1 -8.3 -3.8 -1 0 2.2 
